1,3
0.5523249999841535 31.00018185030404 100.00198642339726
- 
1,4
0.4966059177625934 30.000279848491054 100.00335089644744
- 
1,5
0.46143974127190646 30.000360849287787 100.00641413633258
5.293331653588176 30.000360849287787 100.00641413633258
1,6
0.5882885230376536 30.000151904704786 100.00088722932733
- 
- 
- 
2,3
0.7621210181971556 33.00023765676771 100.00104403391524
- 
2,4
0.9717575191379324 32.000020660511154 100.00013584862498
- 
2,5
0.6474465793549644 33.00007079151369 100.00102200855412
- 
2,6
0.5883546292334758 32.0001637778701 100.00173772116727
- 
2,7
0.5602781157091397 30.99997778122303 100.00116958950589
- 
- 
- 
- 
- 
3,3
0.43225213445479704 34.00308064280769 100.0646681107487
2.64663568210839 34.00308064280769 100.0646681107487
3,4
0.9189902002476877 33.99999877556188 100.00001476838784
- 
3,5
0.914533646176468 33.000019520809644 100.00010397275724
- 
3,6
0.6552083005923539 33.00004972781326 100.00084169407845
- 
3,7
0.7718783613889102 32.00010725957321 100.0004669270567
- 
3,8
0.5612377986622485 32.00003472595964 100.00222244594696
- 
- 
5.293217332943351 123.92186875929377 141740.33273246727
- 
5.293283367020365 96.66724336253813 47643.10015018162
4,3
1.148774145406298 33.999999773127655 100.00002656633953
- 
4,4
0.9112692733717077 35.000014765011514 100.00010666605522
- 
4,5
0.7560891921106669 35.000015420789495 100.00057337187195
- 
4,6
0.9186257519673715 34.000000694256045 99.99998616057738
- 
4,8
0.6558331688061174 32.00001691621621 100.00040329135965
- 
- 
- 
- 
1.7640362801350302 108.83280054897514 77299.23484746396
5,3
0.9187740509415803 35.00000260639422 100.00003935420801
- 
5,4
0.7658437422164389 36.00002603143169 100.00103937299704
- 
5,5
0.8829777927671567 35.000135069613094 100.0006919194274
- 
5,6
0.4647032785290467 34.001660621815745 100.0372782791107
2.646605437635899 34.001660621815745 100.0372782791107
5,8
0.7783445580570172 32.00000259783978 100.00002544889867
- 
- 
5.293358675357101 108.14240351444144 74147.05949638403
- 
- 
6,3
0.42194245039144274 35.005638767190405 100.11746259402578
2.5971080894744034 35.005638767190405 100.11746259402578
6,4
0.8937735372182694 34.00009819325601 100.00044729013392
- 
6,5
0.7123087491452783 35.00021134675937 100.001768089911
- 
6,6
0.5157055157317372 34.000597006501636 100.01560168769478
- 
6,7
0.7529368225375588 33.00008574724478 100.00048696224377
- 
6,8
0.6547557170598526 33.00004289769859 100.00080905952987
- 
- 
- 
7,3
0.7776837072722904 33.00001860160869 100.0001248150032
- 
7,4
0.9460440995030681 33.000273138041734 100.00133583844692
- 
7,5
0.8500074424554571 34.00027497530233 100.00131653540672
- 
7,6
0.6518882474229597 33.00006688439916 100.00094279862486
- 
7,7
0.4893960359408476 33.00074892583771 100.01529120121823
- 
8,3
0.5635682925721985 31.000140600396918 100.00156513423141
- 
8,4
0.5636010341832924 32.00016576366653 100.00251267277767
- 
8,5
0.568732662501924 32.000143645494276 100.0022466287653
- 
8,6
0.4599938749231666 32.00078283325786 100.01621223085536
2.6461849866905007 32.00078283325786 100.01621223085536
