1,3
0.45121392574094316 30.00047723969567 100.0080333481173
- 
1,4
0.5757148669263408 30.001878942521323 100.00581463447168
- 
1,5
0.571486385840906 30.000059499395064 100.00073239864736
- 
1,6
0.5888640778769936 31.00003081931758 100.00076337551582
- 
- 
- 
2,3
0.29033041008572125 32.02827000931835 100.40610801859576
1.3206551833262354 32.02827000931835 100.40610801859576
2,4
0.35369040870787927 32.00702217292715 100.12131751591532
5.293209887729175 32.00702217292715 100.12131751591532
2,5
0.3450455919229469 33.01200739219574 100.20223012009673
5.293224110697855 33.01200739219574 100.20223012009673
2,6
0.5252816601176491 33.00031438006032 100.00789512248267
- 
2,7
0.7778203375893835 32.00001492662203 100.00011733219361
- 
- 
- 
- 
- 
3,3
0.38535385325358185 34.00760572043558 100.14364075115685
- 
3,4
0.4600024187656596 34.00180401878836 100.04032241146044
- 
3,5
0.3212564839361939 34.02694832215626 100.4291576034127
2.646218764480116 34.02694832215626 100.4291576034127
3,6
0.3493037672008724 34.015382587962094 100.26556351646363
5.2933408336983785 34.015382587962094 100.26556351646363
3,7
0.30801832940940954 33.02567343981606 100.39434857801527
1.744771697303133 33.02567343981606 100.39434857801527
3,8
0.4225731209549653 32.001655319012514 100.03285387645681
- 
4,1
0.5090189820965505 32.00030866379542 100.006500351008
- 
4,3
0.524762707687372 34.00052611194033 100.0133971002346
- 
4,4
0.35633258312710425 35.01901329387353 100.33681436176289
5.283051476781539 35.01901329387353 100.33681436176289
4,5
0.38046897534777424 35.012194086515336 100.22864642632722
- 
4,6
0.30362843072299284 35.05187603189239 100.78944381443641
2.636387118530333 35.05187603189239 100.78944381443641
4,7
0.3432574718067768 34.01751654456322 100.2948062191583
5.293300014898914 34.01751654456322 100.2948062191583
4,8
0.5054992064717849 32.00035059382839 100.00698303224186
- 
5,1
0.33858037702668076 33.01378202485243 100.22738057086433
- 
5,3
0.3062249299402887 34.036329607339724 100.55508957414202
1.7022981769715484 34.036329607339724 100.55508957414202
5,4
0.47462548048595865 35.002158039678804 100.05044042662921
- 
5,5
0.47535037645802647 35.002126143576334 100.04990219573904
- 
5,6
0.3986123931148863 35.00859557438612 100.17056730198125
- 
5,7
0.3791977971079091 34.00858963057493 100.15955595107266
- 
5,8
0.5239166208942336 32.000207856086604 100.00485364714834
- 
- 
- 
- 
- 
6,3
0.2991140884533334 34.04207288125785 100.62745757678523
1.7608665321439783 34.04207288125785 100.62745757678523
6,4
0.4167418602459416 34.00417614098883 100.08430232173974
- 
6,5
0.27476543772438744 35.09146531887335 101.26464158935138
1.3056387449931282 35.09146531887335 101.26464158935138
6,6
0.3252677783098251 34.0248081722342 100.4005148935299
2.646631074577911 34.0248081722342 100.4005148935299
6,7
0.27723862505070995 33.04967752654221 100.69018890211683
0.9983058100176023 33.04967752654221 100.69018890211683
6,8
0.2968764965671241 32.024521411864654 100.35847447405266
1.7474239430645917 32.024521411864654 100.35847447405266
- 
- 
7,3
0.330811621701537 33.016083403853116 100.26144783175917
5.2933087515833055 33.016083403853116 100.26144783175917
7,4
0.38955960884045715 33.00472635132685 100.0904798508958
- 
7,5
0.5242812532191528 33.000327249125334 100.00806716115073
- 
7,6
0.5220203214022237 33.00035247073228 100.0084074250307
- 
7,7
0.30127713409443047 32.02224748008976 100.32960406271542
2.59707543899978 32.02224748008976 100.32960406271542
8,3
0.30203433173532646 32.021628234638484 100.32439834739085
1.3224656630352802 32.021628234638484 100.32439834739085
8,4
0.35302079632536276 32.007140705780145 100.12287079145175
5.282992682415447 32.007140705780145 100.12287079145175
8,5
0.7783314441429516 32.00000367547676 100.00007911855499
- 
8,6
0.3675551984696438 31.00385448882448 100.06501061883174
- 
