1,3
0.6447984832061759 30.00010483554923 100.00047776282469
- 
1,4
0.5599389909639583 29.00015110474797 100.00082977775402
- 
1,5
0.5113532330620838 29.00011944047382 100.00154370502862
- 
1,6
0.34177342456984305 30.00482944295956 100.07715454463272
- 
- 
- 
2,3
0.7393939507201186 31.999779135806712 99.99925619224172
- 
2,4
0.7346153356232438 32.00018893139399 100.00077323227282
- 
2,5
0.5878887153265067 32.00025220642388 100.00204327205877
- 
2,6
0.7345354262927224 31.00018137997798 100.00071842342895
- 
2,7
0.5470210167637681 31.000262575721557 100.00231751222219
- 
- 
5.293240151442372 146.4822320569229 187289.92888569232
- 
- 
3,3
0.47380502053539264 33.00090606406978 100.01996688972889
- 
3,4
0.778290798167521 34.00000780807679 100.00020449862534
- 
3,5
0.7748729042443119 33.00007494524495 100.0003950738199
- 
3,6
0.7508200887844123 32.0000171169124 100.00011582039289
- 
3,7
0.750770315656689 32.00050456120347 100.00206254157746
- 
3,8
0.6507354274703117 30.999990959258163 100.00016864241402
- 
- 
- 
- 
- 
4,3
0.9729404450581158 34.00000015772915 100.0000122289492
- 
4,4
1.093032324510974 34.00009969112314 100.0005481286665
- 
4,5
0.8141723746364236 34.000003558784954 100.00012363036049
- 
4,6
0.7778234508289096 34.00001625514636 100.00022705974365
- 
4,8
0.6558331688061174 32.00001691621621 100.00040329135965
- 
- 
- 
- 
- 
5,3
1.1487264807209656 33.999999539678456 99.99997252950124
- 
5,4
0.9190250579868586 35.00000132287404 100.00003733606007
4.595121459101671 35.00000132287404 100.00003733606007
5,5
0.8829777927671567 35.000135069613094 100.0006919194274
4.594754053547382 35.000135069613094 100.0006919194274
5,6
0.4647032785290467 34.001660621815745 100.0372782791107
- 
5,8
0.7783445580570172 32.00000259783978 100.00002544889867
- 
- 
- 
- 
- 
6,3
0.4612491144601014 34.00177440144044 100.03950738157232
- 
6,4
0.8937735372182694 34.00009819325601 100.00044729013392
4.584748442092568 34.00009819325601 100.00044729013392
6,5
0.8495363243911873 34.000201493901145 100.00094996087498
4.552987935741797 34.000201493901145 100.00094996087498
6,6
0.5157055157317372 34.000597006501636 100.01560168769478
- 
6,7
0.9097318702136323 32.00004219377119 100.00017131726204
- 
6,8
0.647471828781292 32.00005490558382 100.00058466518621
- 
- 
- 
7,3
0.972719223491568 32.000004427308625 100.00005570497578
- 
7,4
0.9460440995030681 33.000273138041734 100.00133583844692
3.870090919062095 33.000273138041734 100.00133583844692
7,5
0.9460471484187011 33.00027433797612 100.0013750366399
3.870090919062095 33.00027433797612 100.0013750366399
7,6
0.6518882474229597 33.00006688439916 100.00094279862486
- 
7,7
0.5497921916091497 32.00022881067184 100.0032572815318
- 
8,3
0.5635682925721985 31.000140600396918 100.00156513423141
- 
8,4
0.6439356756525747 31.00008151657467 100.00051388142212
- 
8,5
0.6526162644631115 31.000044278070405 100.00032874273808
- 
8,6
0.40871650126391756 32.00223425737495 100.04277866213476
- 
