1,3
0.42799965169201104 29.00067247922606 100.0087992134802
- 
1,4
0.5757148669263408 30.001878942521323 100.00581463447168
- 
1,5
0.6545085551161727 29.000022846086658 100.00016192616083
- 
1,6
0.7361056196441986 29.999999857846785 100.00000850335174
- 
- 
- 
2,3
0.3094981945629275 31.013697553305526 100.20658670090718
1.7637449460699401 31.013697553305526 100.20658670090718
2,4
0.35369040870787927 32.00702217292715 100.12131751591532
5.293209887729175 32.00702217292715 100.12131751591532
2,5
0.3733044877648226 32.00475207162265 100.0838898055886
- 
2,6
0.5853522684721257 32.00005954817094 100.00148889818774
- 
2,7
0.9727526184843294 31.000003691304073 99.99999159567959
- 
- 
- 
- 
- 
3,3
0.42170390617865827 33.00252562337404 100.05083580348727
- 
3,4
0.5065419177886439 33.00048409186978 100.01108060310494
- 
3,5
0.3212564839361939 34.02694832215626 100.4291576034127
2.646218764480116 34.02694832215626 100.4291576034127
3,6
0.3493037672008724 34.015382587962094 100.26556351646363
5.2933408336983785 34.015382587962094 100.26556351646363
3,7
0.30801832940940954 33.02567343981606 100.39434857801527
1.744771697303133 33.02567343981606 100.39434857801527
3,8
0.4647447043372248 31.000477325884482 100.0094197010468
- 
4,1
0.5677930929691746 31.000090722266897 100.00130946553139
- 
4,3
0.524762707687372 34.00052611194033 100.0133971002346
- 
4,4
0.35633258312710425 35.01901329387353 100.33681436176289
5.283051476781539 35.01901329387353 100.33681436176289
4,5
0.38046897534777424 35.012194086515336 100.22864642632722
- 
4,6
0.32446501839995157 34.02517505247687 100.40599726312334
2.636387118530333 34.02517505247687 100.40599726312334
4,7
0.3432574718067768 34.01751654456322 100.2948062191583
5.293300014898914 34.01751654456322 100.2948062191583
4,8
0.5651714604739901 31.000107536022803 100.00145341469491
- 
5,1
0.36605224200044195 32.0056048285914 100.09634189238358
- 
5,3
0.32734587934342996 33.01718611162384 100.27813443389472
1.7022981769715484 33.01718611162384 100.27813443389472
5,4
0.524515917988363 34.00053458291663 100.01347408061324
- 
5,5
0.5251650127329968 34.00052651847028 100.01333067787556
- 
5,6
0.433919350451064 34.00292903984021 100.0627536282239
- 
5,7
0.412897618774274 33.00303642715234 100.05963103485794
- 
5,8
0.5239166208942336 32.000207856086604 100.00485364714834
- 
- 
- 
- 
- 
6,3
0.3203482746837092 33.01998562523224 100.31580210337829
1.7608665321439783 33.01998562523224 100.31580210337829
6,4
0.4167418602459416 34.00417614098883 100.08430232173974
- 
6,5
0.29231161392972504 34.04847815836108 100.70570777449709
1.3056387449931282 34.04847815836108 100.70570777449709
6,6
0.3252677783098251 34.0248081722342 100.4005148935299
2.646631074577911 34.0248081722342 100.4005148935299
6,7
0.2933875402065148 32.0262112419188 100.38275817977902
0.9983058100176023 32.0262112419188 100.38275817977902
6,8
0.2968764965671241 32.024521411864654 100.35847447405266
1.7474239430645917 32.024521411864654 100.35847447405266
- 
- 
7,3
0.3554348728496201 32.00688773961495 100.11754717815371
5.2933087515833055 32.00688773961495 100.11754717815371
7,4
0.38955960884045715 33.00472635132685 100.0904798508958
- 
7,5
0.584634918830117 32.00006418443975 100.0015638482771
- 
7,6
0.5220203214022237 33.00035247073228 100.0084074250307
- 
7,7
0.32249334095148763 31.010250825081048 100.15930513937025
2.59707543899978 31.010250825081048 100.15930513937025
8,3
0.30203433173532646 32.021628234638484 100.32439834739085
1.3224656630352802 32.021628234638484 100.32439834739085
8,4
0.35302079632536276 32.007140705780145 100.12287079145175
5.282992682415447 32.007140705780145 100.12287079145175
8,5
0.7783314441429516 32.00000367547676 100.00007911855499
- 
8,6
0.3993430937325114 30.00145814108791 100.02345844056342
- 
