1,3
0.5848834522541821 29.000631782367392 100.00209984444226
- 
1,4
0.5599389909639583 29.00015110474797 100.00082977775402
- 
1,5
0.5004475415529497 28.000173583152815 100.00136686784023
- 
1,6
0.3993184744546232 28.00081166772146 100.01087979924014
- 
- 
- 
2,3
0.9594761754999681 31.001183110277605 100.00560298152078
- 
2,4
0.9807044906856448 31.000060220942103 100.00029727802058
- 
2,5
0.7355932226269555 31.000072612109715 100.00027835073499
- 
2,6
0.731414308879302 31.000526640363375 100.00196273032837
- 
2,7
0.5044530913889098 29.998702034176375 99.99909540396098
- 
- 
- 
- 
- 
3,3
0.47380502053539264 33.00090606406978 100.01996688972889
- 
3,4
0.4902413083296233 35.00173765521863 100.03961923753545
- 
3,5
0.9704542397054763 32.00003447430471 100.00020050800369
- 
3,6
0.6935299832118753 32.00003816338487 100.00026860886766
- 
3,7
0.7184383615577152 31.001520630910605 100.00536458013616
- 
3,8
0.6507354274703117 30.999990959258163 100.00016864241402
- 
- 
- 
- 
- 
4,3
0.9729404450581158 34.00000015772915 100.0000122289492
- 
4,4
0.9613424933406474 34.00007112695734 100.00038797536718
- 
4,5
0.8141723746364236 34.000003558784954 100.00012363036049
- 
4,6
0.9727551769872641 33.0000046532237 100.00003515462265
- 
4,8
0.5551508476900033 32.00013818860218 100.00276351408125
- 
- 
- 
- 
- 
5,3
0.9728357163832222 34.00000365911039 100.00005662645589
- 
5,4
1.1487782444838985 33.99999855182783 99.99996222358376
- 
5,5
0.9536711999427465 34.00020994276623 100.00109534545786
- 
5,6
0.4647032785290467 34.001660621815745 100.0372782791107
- 
5,8
0.5887770779566355 32.00007586710845 100.00150226417165
- 
- 
- 
- 
- 
6,3
0.5080679940290658 33.00047033468829 100.01079591054062
- 
6,4
1.1178138434841713 33.00009437028392 100.00054111796658
- 
6,5
1.056702995994136 33.0002093172548 100.00114217292086
- 
6,6
0.5780345458080651 33.0001002931144 100.0030341694046
- 
6,7
0.7705312194843565 32.00016568707737 100.00066760802511
- 
6,8
0.7778166026714631 31.000014579865866 100.00005172200508
- 
- 
- 
7,3
0.7355308903004703 32.00008320469598 100.0003786294674
- 
7,4
0.9758008102365092 32.00027545787175 100.00132511341528
- 
7,5
0.9460471484187011 33.00027433797612 100.0013750366399
- 
7,6
0.7630338427477403 32.000021006743566 100.00010840723266
- 
7,7
0.5497921916091497 32.00022881067184 100.0032572815318
- 
8,3
0.6454925194817132 30.000079068891353 100.00039031734352
- 
8,4
0.6229388808466882 31.000242073875192 100.00114463843619
- 
8,5
0.6526162644631115 31.000044278070405 100.00032874273808
- 
8,6
0.40871650126391756 32.00223425737495 100.04277866213476
- 
