1,3
0.48229439432202237 28.00028092249858 100.00208012506664
- 
1,4
0.7203752899183871 29.001604980189303 100.00576582506659
- 
1,5
0.6545085551161727 29.000022846086658 100.00016192616083
- 
1,6
0.2641216028998493 29.023343838248444 100.30227014583375
- 
- 
- 
2,3
0.3094981945629275 31.013697553305526 100.20658670090718
- 
2,4
0.382308386964095 31.002664034337606 100.04818802328626
- 
2,5
0.40650752612156804 31.001691046287824 100.03002624458183
- 
2,6
0.6599219516413914 31.000008998890102 100.00018551160778
- 
2,7
0.7356558846368939 31.000062350422795 100.00027096764674
- 
- 
- 
- 
- 
3,3
0.4645174090395325 32.0007244952032 100.0149093708443
- 
3,4
0.5065419177886439 33.00048409186978 100.01108060310494
- 
3,5
0.3463018921631924 33.0116803920194 100.19770285870294
- 
3,6
0.3780217824613767 33.006083920863674 100.11157548930515
- 
3,7
0.2896157931835529 34.050810654826876 100.73852722721878
- 
3,8
0.4647447043372248 31.000477325884482 100.0094197010468
- 
4,1
0.5677930929691746 31.000090722266897 100.00130946553139
- 
4,3
0.5849482977803866 33.000104612039124 100.00269091754205
- 
4,4
0.3852387883053424 34.00759590050862 100.14390631350918
- 
4,5
0.41628598004799033 34.00422880817341 100.08496289979007
- 
4,6
0.3481530651535487 33.01117564852677 100.19109682157305
- 
4,7
0.37383099562374544 33.00674302523004 100.12059641769574
- 
4,8
0.5651714604739901 31.000107536022803 100.00145341469491
- 
5,1
0.3986078679248657 31.00206804555278 100.03523722502035
- 
5,3
0.32734587934342996 33.01718611162384 100.27813443389472
- 
5,4
0.4325586485693719 36.007099883282905 100.15270901434013
- 
5,5
0.5251650127329968 34.00052651847028 100.01333067787556
- 
5,6
0.433919350451064 34.00292903984021 100.0627536282239
- 
5,7
0.412897618774274 33.00303642715234 100.05963103485794
- 
5,8
0.5239166208942336 32.000207856086604 100.00485364714834
- 
- 
- 
- 
- 
6,3
0.3203482746837092 33.01998562523224 100.31580210337829
- 
6,4
0.4167418602459416 34.00417614098883 100.08430232173974
- 
6,5
0.29231161392972504 34.04847815836108 100.70570777449709
- 
6,6
0.350972980075423 33.01055602027667 100.18158196723118
- 
6,7
0.27723862505070995 33.04967752654221 100.69018890211683
- 
6,8
0.317445108135469 31.011499416863078 100.17628936072182
- 
- 
- 
7,3
0.3554348728496201 32.00688773961495 100.11754717815371
- 
7,4
0.38955960884045715 33.00472635132685 100.0904798508958
- 
7,5
0.5242812532191528 33.000327249125334 100.00806716115073
- 
7,6
0.582960952222678 32.00007012563461 100.00160288599454
- 
7,7
0.32249334095148763 31.010250825081048 100.15930513937025
- 
8,3
0.32181008663302635 31.01018908064198 100.16117869091724
- 
8,4
0.38069727569748035 31.002774782471118 100.04980730066357
- 
8,5
0.7360747520896479 31.000003981799935 100.00007647217379
- 
8,6
0.3675551984696438 31.00385448882448 100.06501061883174
- 
