1,3
0.5848834522541821 29.000631782367392 100.00209984444226
- 
1,4
0.5599389909639583 29.00015110474797 100.00082977775402
- 
1,5
0.5004475415529497 28.000173583152815 100.00136686784023
- 
1,6
0.4044765069208424 27.00059735438124 100.0067691679155
- 
- 
- 
2,3
0.735778388537971 30.000047003929076 100.00020650049676
- 
2,4
0.6371264890420498 31.000072695583512 100.00051784838882
- 
2,5
0.5045288722053118 30.000193815527094 100.00273670797004
- 
2,6
0.5506454650453099 30.00024903159423 100.00160418819154
- 
2,7
0.5822478333508361 29.00070250964401 100.00220898952772
- 
- 
- 
- 
- 
3,3
0.5234269083751208 32.00023149000695 100.00492879980854
- 
3,4
0.58866122682669 34.00020349217978 100.00464694885969
- 
3,5
0.7347204001114229 32.00015216833269 100.00065535591233
- 
3,6
0.7627614452215054 31.000034012668976 100.00017481392945
- 
3,7
0.7086139993074272 31.002736384705372 100.0095248012133
- 
3,8
0.6059535679044741 29.99918717758678 99.99791594198504
- 
- 
- 
- 
- 
4,3
0.9814717692281039 32.99999897257662 99.9999957682096
- 
4,4
1.2198721283200644 33.000454659741536 100.0028687156628
- 
4,5
0.7657983253828718 34.000007074265866 100.00022782000065
- 
4,6
0.7356583176962253 33.00006679105246 100.00042758215622
- 
4,8
0.6482067086490966 31.000025505648363 100.0003200704231
- 
- 
- 
- 
- 
5,3
0.7357325986724637 34.000065819228084 100.00059061311282
- 
5,4
0.9729547700804168 34.000001827809015 100.00000449137565
- 
5,5
1.2786777284428927 33.000128680703526 100.00085868948293
- 
5,6
0.5137572875244616 33.00043013041878 100.00978838571294
- 
5,8
0.7360890436009249 31.00000509614788 100.00005482964208
- 
- 
- 
- 
- 
6,3
0.5080679940290658 33.00047033468829 100.01079591054062
- 
6,4
0.9664789773037095 33.00007637526167 100.00040585873288
- 
6,5
0.9537149436993138 33.00012429011515 100.00060684861396
- 
6,6
0.6282560815240055 32.000115522006155 100.00098532130113
- 
6,7
0.7705312194843565 32.00016568707737 100.00066760802511
- 
6,8
0.9727812419130368 30.000003077537386 100.0000022683067
- 
- 
- 
7,3
0.9813196526125054 31.000014442803433 100.0000622648682
- 
7,4
1.4247708029644852 31.00122115171105 100.00854591290972
- 
7,5
0.9758008102365092 32.00027545787175 100.00132511341528
- 
7,6
0.9176404046269961 31.000007168019657 100.0000388008799
- 
7,7
0.6272098433854887 31.000125001553485 100.00075023844815
- 
8,3
0.6454925194817132 30.000079068891353 100.00039031734352
- 
8,4
0.7300258766995307 30.00018778983952 100.00077442850753
- 
8,5
0.763650988518112 30.00001650752969 100.0000709463902
- 
8,6
0.4501274667056156 31.00067756696066 100.01266862354206
- 
