1,3
0.48229439432202237 28.00028092249858 100.00208012506664
- 
1,4
0.48984617064191377 28.000328353807937 100.00195191550455
- 
1,5
0.6473249981760099 28.00004604060674 100.00016809207301
- 
1,6
0.280271424848929 28.011877709927226 100.15996421846171
- 
- 
- 
2,3
0.33132723150278176 30.006118082057505 100.09599337846186
- 
2,4
0.41565416598659977 30.000909591698182 100.0165257376226
- 
2,5
0.40650752612156804 31.001691046287824 100.03002624458183
- 
2,6
0.6599219516413914 31.000008998890102 100.00018551160778
- 
2,7
0.5234743188490005 30.00008986508673 100.00175201012101
- 
- 
- 
- 
- 
3,3
0.5155886261458387 31.000187622236204 100.003508734408
- 
3,4
0.5635265301786723 32.00012683065839 100.00238684999596
- 
3,5
0.3754043996826377 32.00452867621438 100.08054362592858
- 
3,6
0.41174062326014615 32.00212114335501 100.04045609057225
- 
3,7
0.30801832940940954 33.02567343981606 100.39434857801527
- 
3,8
0.5151497519771497 30.0001368814553 100.00217788109529
- 
4,1
0.5013086841134851 31.0002661346281 100.00466238599489
- 
4,3
0.6596336258440076 32.000018192882166 100.00040155871477
- 
4,4
0.4187883089064307 33.00266550750858 100.05358868937579
- 
4,5
0.41628598004799033 34.00422880817341 100.08496289979007
- 
4,6
0.3481530651535487 33.01117564852677 100.19109682157305
- 
4,7
0.37383099562374544 33.00674302523004 100.12059641769574
- 
4,8
0.6399607440656598 30.000049874762286 100.0003158145721
- 
5,1
0.3986078679248657 31.00206804555278 100.03523722502035
- 
5,3
0.3514076439220415 32.00741530401794 100.12674528994188
- 
5,4
0.47462548048595865 35.002158039678804 100.05044042662921
- 
5,5
0.5853989465445868 33.00010113352671 100.00270867750531
- 
5,6
0.475328193239566 33.00083554423313 100.0193252875219
- 
5,7
0.4526929594107423 32.00093885652571 100.01871054968937
- 
5,8
0.584572803149753 31.000041710156196 100.00087348889659
- 
- 
- 
- 
- 
6,3
0.34474210015397544 32.00863594850553 100.1440687331583
- 
6,4
0.4581688924020972 33.0012581248305 100.02645180147404
- 
6,5
0.31225159777866196 33.023855411524565 100.36596020833252
- 
6,6
0.3807513121870856 32.003996885064524 100.07269154769452
- 
6,7
0.2933875402065148 32.0262112419188 100.38275817977902
- 
6,8
0.3410847992589628 30.004955532554828 100.07838155774903
- 
- 
- 
7,3
0.3554348728496201 32.00688773961495 100.11754717815371
- 
7,4
0.42288550892982707 32.0016091825089 100.03263482909887
- 
7,5
0.584634918830117 32.00006418443975 100.0015638482771
- 
7,6
0.658320231408499 31.00001326896856 100.00024530777378
- 
7,7
0.32249334095148763 31.010250825081048 100.15930513937025
- 
8,3
0.34420011744538104 30.004398598217374 100.07298534079987
- 
8,4
0.38069727569748035 31.002774782471118 100.04980730066357
- 
8,5
0.9814753505747822 30.0000004147472 99.99996820556555
- 
8,6
0.3993430937325114 30.00145814108791 100.02345844056342
- 
