1,3
0.5666562275714924 32.00014895418339 100.00233066808002
- 
1,4
0.5010879463639177 31.000280150391085 100.00472394365588
- 
1,5
0.46143974127190646 30.000360849287787 100.00641413633258
- 
1,6
0.5882885230376536 30.000151904704786 100.00088722932733
- 
- 
- 
2,3
0.9043113112954255 33.00004408198515 100.00023148443904
- 
2,4
0.9168250413731323 33.00001120225235 100.00004109743267
- 
2,5
0.6474465793549644 33.00007079151369 100.00102200855412
- 
2,6
0.6443343233720065 33.00014730242668 100.0013505744999
- 
2,7
0.4928713352670473 32.00023573040258 100.00829905012735
- 
- 
- 
- 
- 
3,3
0.39692440523137373 35.00894377965068 100.17544425019997
- 
3,4
0.5738273985638902 37.001138037509335 100.0324876458212
- 
3,5
0.8741261673471481 34.00001177736199 100.00007738860427
- 
3,6
0.5808214757391634 34.00021459441122 100.00526400168107
- 
3,7
0.6466580120611758 33.00008477536312 100.00108275449296
- 
3,8
0.5512152365602769 33.000267247214836 100.00518067916161
- 
- 
- 
- 
- 
4,3
0.7656872719223471 36.000029048918634 100.00103456599857
- 
4,4
0.8466428456319572 36.00002797862719 100.00041172366775
- 
4,5
0.661442820057444 36.00014995833632 100.00489962689713
- 
4,6
0.7649827370196893 35.00001795418649 100.00051502518852
- 
4,8
0.5732940442975878 33.00013117676471 100.00336353225595
- 
- 
- 
- 
- 
5,3
0.765195112102891 36.000031473745395 100.00102494429458
- 
5,4
0.8822182194195438 36.000004860109186 100.00020909162227
- 
5,5
0.9041776146824752 35.00004657541355 100.00026046128545
- 
5,6
0.4238503722877488 35.00544635388596 100.11389348620244
- 
5,8
0.6485553168487392 33.00003114873127 100.00084614550894
- 
- 
- 
- 
- 
6,3
0.42194245039144274 35.005638767190405 100.11746259402578
- 
6,4
0.7644550076692231 35.00001958219147 100.0005418239892
- 
6,5
0.7123087491452783 35.00021134675937 100.001768089911
- 
6,6
0.5674373945126281 34.000247889099555 100.00650994524224
- 
6,7
0.6408133764030877 34.00018762530077 100.00227037039193
- 
6,8
0.7649650416304598 32.00000956976757 100.0000973922347
- 
- 
- 
7,3
0.9185456618346068 33.000001636976876 99.99998484356075
- 
7,4
1.0669025139620936 33.000223757949755 100.0012718190371
- 
7,5
0.8500074424554571 34.00027497530233 100.00131653540672
- 
7,6
0.6518882474229597 33.00006688439916 100.00094279862486
- 
7,7
0.4893960359408476 33.00074892583771 100.01529120121823
- 
8,3
0.5001329783731123 32.000415094584426 100.0077888091119
- 
8,4
0.5636010341832924 32.00016576366653 100.00251267277767
- 
8,5
0.568732662501924 32.000143645494276 100.0022466287653
- 
8,6
0.41982235090871606 33.00259125297329 100.0525302714413
- 
