1,3
0.40864940184360954 31.00156942489572 100.02865021384548
- 
1,4
0.49275680138662514 30.999937752942657 100.00458386897253
- 
1,5
0.506660033762937 31.000216886616357 100.00412903779755
- 
1,6
0.7783626562722072 31.00000032780703 99.99999774574874
- 
- 
- 
2,3
0.27334364367138053 33.05430149786679 100.7414330979334
- 
2,4
0.3288444951982987 33.016626217905824 100.27063766020737
- 
2,5
0.3450455919229469 33.01200739219574 100.20223012009673
- 
2,6
0.5252816601176491 33.00031438006032 100.00789512248267
- 
2,7
0.764986112260847 33.00000997668516 100.00012283425215
- 
- 
- 
- 
- 
3,3
0.38535385325358185 34.00760572043558 100.14364075115685
- 
3,4
0.4212047489598308 35.00569260470728 100.1188041445977
- 
3,5
0.2994357001293517 35.056385649183525 100.8453359650668
- 
3,6
0.32451807695362667 35.034735176975204 100.56272487118459
- 
3,7
0.2581327915427911 36.165014316422585 102.17264015264463
- 
3,8
0.386802174099538 33.00505674365296 100.09518376440734
- 
4,1
0.4611680597095634 33.00115054434919 100.02503831355082
- 
4,3
0.47511357931451104 35.00213188767688 100.05008545433967
- 
4,4
0.33111410651102835 36.042616124562585 100.70693530391698
- 
4,5
0.34992332179866315 36.030472594443594 100.53156982701461
- 
4,6
0.30362843072299284 35.05187603189239 100.78944381443641
- 
4,7
0.3170489393231827 35.04031440684608 100.63546853841339
- 
4,8
0.45676961759377 33.00128769326453 100.0271634595095
- 
5,1
0.33858037702668076 33.01378202485243 100.22738057086433
- 
5,3
0.2874947311882793 35.071003049910914 101.02654985551791
- 
5,4
0.36514427862737164 38.04806452355716 100.8834455346369
- 
5,5
0.47535037645802647 35.002126143576334 100.04990219573904
- 
5,6
0.3986123931148863 35.00859557438612 100.17056730198125
- 
5,7
0.3791977971079091 34.00858963057493 100.15955595107266
- 
5,8
0.4736360358344345 33.00087756270791 100.01996446332006
- 
- 
- 
- 
- 
6,3
0.2804131447562289 35.081700813946654 101.15269836921246
- 
6,4
0.38183915468040996 35.01185227091689 100.22360369238407
- 
6,5
0.27476543772438744 35.09146531887335 101.26464158935138
- 
6,6
0.3252677783098251 34.0248081722342 100.4005148935299
- 
6,7
0.2626890832279122 34.0888228964844 101.17720130636286
- 
6,8
0.2968764965671241 32.024521411864654 100.35847447405266
- 
- 
- 
7,3
0.30932117956922955 34.03421607772266 100.52652563915444
- 
7,4
0.3607955121960621 34.01217460144288 100.21811419345545
- 
7,5
0.47445130224396403 34.00136144212203 100.03153541070759
- 
7,6
0.5220203214022237 33.00035247073228 100.0084074250307
- 
7,7
0.28263791023759366 33.04451259697082 100.62603577204479
- 
8,3
0.30203433173532646 32.021628234638484 100.32439834739085
- 
8,4
0.32892265288587774 33.016615369204345 100.27026409733921
- 
8,5
0.9190077578273557 32.00000111934205 100.00002405241744
- 
8,6
0.3405228219897063 32.00951199926419 100.15615754131892
- 
