1,3
0.5730055128775171 28.000026009403413 100.00022581486616
- 
1,4
0.5415536940088188 28.0005003487425 100.00175623136504
- 
1,5
0.5652564067773072 27.000100998881663 100.00041738688253
- 
1,6
0.4044765069208424 27.00059735438124 100.0067691679155
- 
- 
1.705027171472226 157.60477988149853 182776.89356382703
2,3
0.735778388537971 30.000047003929076 100.00020650049676
- 
2,4
0.6423643680491613 30.000117793926652 100.00055411986189
- 
2,5
0.5045288722053118 30.000193815527094 100.00273670797004
- 
2,6
0.6442202044781562 29.000140755630888 100.00052590490881
- 
2,7
0.5822478333508361 29.00070250964401 100.00220898952772
- 
- 
- 
- 
- 
3,3
0.5234269083751208 32.00023149000695 100.00492879980854
- 
3,4
0.3340039076223208 34.02071516644281 100.34467680806057
5.293240556428509 34.02071516644281 100.34467680806057
3,5
0.9800308929657612 31.000100327270157 100.00048739692443
- 
3,6
0.6466233152143304 31.00011341344645 100.00060976754048
- 
3,7
0.9454823103925563 30.00228266291676 100.01064094103103
- 
3,8
0.6059535679044741 29.99918717758678 99.99791594198504
- 
- 
- 
- 
- 
4,3
0.3675546929707777 33.00746229070798 100.13457101595918
- 
4,4
0.9795412838158783 33.000059727492996 100.00025588000895
- 
4,5
0.8368925751416512 33.000002417167835 100.00005506309867
- 
4,6
0.9813438125950258 32.00001055804715 100.00004845755527
- 
4,8
0.7781957421787713 30.000001926614274 100.0000051417426
- 
- 
- 
- 
- 
5,3
0.9813984936294136 33.000006750911524 100.00005491595252
- 
5,4
1.1055912579773275 32.99999970001434 100.00001503567077
- 
5,5
0.9594292823495916 33.00118900021705 100.00563052496491
- 
5,6
0.5137572875244616 33.00043013041878 100.00978838571294
- 
5,8
0.7360890436009249 31.00000509614788 100.00005482964208
- 
- 
- 
- 
- 
6,3
0.5648923677836881 32.00011772460121 100.00230070082887
- 
6,4
1.2548938981987159 32.00041633436763 100.0026932223711
- 
6,5
1.209051071897211 32.00054795719127 100.00338078301121
- 
6,6
0.6282560815240055 32.000115522006155 100.00098532130113
- 
6,7
0.9676885465309292 31.000078280875847 100.00040113547833
- 
6,8
0.7356167871693032 30.000073151271287 100.00030640114969
- 
- 
- 
7,3
0.5024536117690341 31.00025719446441 100.00452406788168
- 
7,4
1.31921262942822 31.004845979256487 100.02994894868064
- 
7,5
0.9618961705664539 32.00112968641345 100.0053525071765
- 
7,6
0.776611443627012 31.00004555312035 100.00017033504685
- 
7,7
0.6272098433854887 31.000125001553485 100.00075023844815
- 
8,3
0.7426347154100519 29.000135984198618 100.00054791306255
- 
8,4
0.7300258766995307 30.00018778983952 100.00077442850753
- 
8,5
0.763650988518112 30.00001650752969 100.0000709463902
- 
8,6
0.4501274667056156 31.00067756696066 100.01266862354206
- 
