1,3
0.41709677778475185 27.001367739898782 100.00688548868601
- 
1,4
0.5884529402972936 27.000101912823457 100.00036963228804
- 
1,5
0.4892721098292432 28.000455058237883 100.0022825973054
- 
1,6
0.280271424848929 28.011877709927226 100.15996421846171
- 
- 
- 
2,3
0.3564383734126775 29.0025290345423 100.03997644496525
- 
2,4
0.4550425664007849 29.000304159361743 100.00475292547438
- 
2,5
0.4460409986521654 30.00057716594023 100.0090147479008
- 
2,6
0.6553094860125002 30.000014274257488 100.00017311435354
- 
2,7
0.5838915860592344 29.000024802667056 100.0003086006536
- 
- 
- 
- 
- 
3,3
0.5155886261458387 31.000187622236204 100.003508734408
- 
3,4
0.5635265301786723 32.00012683065839 100.00238684999596
- 
3,5
0.3754043996826377 32.00452867621438 100.08054362592858
- 
3,6
0.41174062326014615 32.00212114335501 100.04045609057225
- 
3,7
0.30801832940940954 33.02567343981606 100.39434857801527
- 
3,8
0.5151497519771497 30.0001368814553 100.00217788109529
- 
4,1
0.5644669205527886 30.000103308744876 100.00091552450436
- 
4,3
0.6596336258440076 32.000018192882166 100.00040155871477
- 
4,4
0.4187883089064307 33.00266550750858 100.05358868937579
- 
4,5
0.45877008682836085 33.00125492765258 100.02623824721648
- 
4,6
0.375393168879271 32.00446926463498 100.08041817443214
- 
4,7
0.40985316937950667 32.00227414098076 100.04210801724005
- 
4,8
0.6399607440656598 30.000049874762286 100.0003158145721
- 
5,1
0.4378409479765689 30.00074896328708 100.01085910328777
- 
5,3
0.3514076439220415 32.00741530401794 100.12674528994188
- 
5,4
0.47462548048595865 35.002158039678804 100.05044042662921
- 
5,5
0.5853989465445868 33.00010113352671 100.00270867750531
- 
5,6
0.475328193239566 33.00083554423313 100.0193252875219
- 
5,7
0.4526929594107423 32.00093885652571 100.01871054968937
- 
5,8
0.6595616398429871 30.000008288995943 100.00010378876053
- 
- 
- 
- 
- 
6,3
0.34474210015397544 32.00863594850553 100.1440687331583
- 
6,4
0.4581688924020972 33.0012581248305 100.02645180147404
- 
6,5
0.31225159777866196 33.023855411524565 100.36596020833252
- 
6,6
0.3807513121870856 32.003996885064524 100.07269154769452
- 
6,7
0.2933875402065148 32.0262112419188 100.38275817977902
- 
6,8
0.3410847992589628 30.004955532554828 100.07838155774903
- 
- 
- 
7,3
0.3839701085385683 31.002684488539586 100.04683721800654
- 
7,4
0.42288550892982707 32.0016091825089 100.03263482909887
- 
7,5
0.584634918830117 32.00006418443975 100.0015638482771
- 
7,6
0.658320231408499 31.00001326896856 100.00024530777378
- 
7,7
0.3468755359376585 30.00433009887822 100.06940183910243
- 
8,3
0.34420011744538104 30.004398598217374 100.07298534079987
- 
8,4
0.4128565423899502 30.00098186202361 100.01749007811809
- 
8,5
0.9814753505747822 30.0000004147472 99.99996820556555
- 
8,6
0.3993430937325114 30.00145814108791 100.02345844056342
- 
