1,3
0.6556808157671206 27.00000992913975 100.00007679871442
- 
1,4
0.5415536940088188 28.0005003487425 100.00175623136504
- 
1,5
0.5512993595558036 26.000184855525347 100.00061118567646
- 
1,6
0.44393961964278217 26.000339105466907 100.00213896839855
- 
- 
1.705027171472226 160.54873601825375 192805.22897299656
2,3
0.9814115124840828 29.00000380890622 100.00000267866234
- 
2,4
0.6423643680491613 30.000117793926652 100.00055411986189
- 
2,5
0.5643796858346251 29.00008146454973 100.00060420097873
- 
2,6
0.6442202044781562 29.000140755630888 100.00052590490881
- 
2,7
0.7220090443762879 28.00110786639402 100.00390964741982
- 
- 
- 
- 
- 
3,3
0.583727632485814 31.000058112211555 100.00096153693441
- 
3,4
0.35968088331437353 33.00872296110755 100.15500010027552
5.293240556428509 33.00872296110755 100.15500010027552
3,5
0.755662450764593 31.00000161170629 100.00000041763974
- 
3,6
0.7765811396564211 30.00006972454387 100.00027972944169
- 
3,7
0.7348014393262812 30.00047099767989 100.00179051103508
- 
3,8
0.7472139978367622 28.999555890344926 99.99839623484107
- 
- 
- 
- 
- 
4,3
0.3675546929707777 33.00746229070798 100.13457101595918
- 
4,4
0.7359683345017551 33.00002631938621 100.00025485013434
- 
4,5
0.8368925751416512 33.000002417167835 100.00005506309867
- 
4,6
0.9813438125950258 32.00001055804715 100.00004845755527
- 
4,8
0.7781957421787713 30.000001926614274 100.0000051417426
- 
- 
- 
- 
- 
5,3
0.45848975604828063 33.00122220262209 100.02626877933005
- 
5,4
0.9814804730177734 32.99999903310794 100.00000888848811
- 
5,5
1.4504537656561172 32.00062542913338 100.00459262710254
- 
5,6
0.5737969782707109 32.0001034605549 100.00195521143996
- 
5,8
0.3101376830052357 30.00991147515626 100.14942183838745
1.754567339777974 30.00991147515626 100.14942183838745
- 
- 
- 
- 
6,3
0.5648923677836881 32.00011772460121 100.00230070082887
- 
6,4
0.9803734418627099 32.000067697745095 100.00030013790618
- 
6,5
1.0027111165783533 31.999422103487756 99.99717221642697
- 
6,6
0.730937987263709 31.00009876870488 100.00044151079817
- 
6,7
0.9676885465309292 31.000078280875847 100.00040113547833
- 
6,8
0.7356167871693032 30.000073151271287 100.00030640114969
- 
- 
- 
7,3
0.560409941406067 30.00009674494777 100.00100786230357
- 
7,4
0.9789798369899462 31.00011002969636 100.0005261935682
- 
7,5
0.8832980467488307 32.00537254273793 100.02189345608093
- 
7,6
0.776611443627012 31.00004555312035 100.00017033504685
- 
7,7
0.7302482815264293 30.00010769886422 100.00043990262279
- 
8,3
0.7426347154100519 29.000135984198618 100.00054791306255
- 
8,4
0.7300258766995307 30.00018778983952 100.00077442850753
- 
8,5
0.763650988518112 30.00001650752969 100.0000709463902
- 
8,6
0.500748330934665 30.00021170744978 100.00298384884009
- 
