1,3
0.41709677778475185 27.001367739898782 100.00688548868601
- 
1,4
0.5884529402972936 27.000101912823457 100.00036963228804
- 
1,5
0.5877927039858568 27.000222618357952 100.00073673301844
- 
1,6
0.29857771988431214 27.00566478759896 100.07818939723484
- 
- 
- 
2,3
0.3564383734126775 29.0025290345423 100.03997644496525
- 
2,4
0.4550425664007849 29.000304159361743 100.00475292547438
- 
2,5
0.4460409986521654 30.00057716594023 100.0090147479008
- 
2,6
0.6553094860125002 30.000014274257488 100.00017311435354
- 
2,7
0.5838915860592344 29.000024802667056 100.0003086006536
- 
- 
- 
- 
- 
3,3
0.5774744856916496 30.000054738843126 100.000686754939
- 
3,4
0.5635265301786723 32.00012683065839 100.00238684999596
- 
3,5
0.409610156921995 31.001564980385254 100.02817596924129
- 
3,6
0.45195737846286377 31.00067224035064 100.01221829471058
- 
3,7
0.32874004278022817 32.01198521465395 100.1948775715673
- 
3,8
0.5764434264660756 29.000051099568488 100.00042682531199
- 
4,1
0.5644669205527886 30.000103308744876 100.00091552450436
- 
4,3
0.755070969668503 31.00000492218964 100.00005870823543
- 
4,4
0.45822851376342644 32.00081856810786 100.01680742481335
- 
4,5
0.45877008682836085 33.00125492765258 100.02623824721648
- 
4,6
0.375393168879271 32.00446926463498 100.08041817443214
- 
4,7
0.40985316937950667 32.00227414098076 100.04210801724005
- 
4,8
0.7363544377853168 29.000032149046795 100.00012337202257
- 
5,1
0.4378409479765689 30.00074896328708 100.01085910328777
- 
5,3
0.3514076439220415 32.00741530401794 100.12674528994188
- 
5,4
0.47462548048595865 35.002158039678804 100.05044042662921
- 
5,5
0.6600386955924724 32.00001439699055 100.0003700441045
- 
5,6
0.5246922737968471 32.000199164448304 100.00477522402407
- 
5,7
0.5004153260708495 31.00027961700698 100.00476804341098
- 
5,8
0.6595616398429871 30.000008288995943 100.00010378876053
- 
- 
- 
- 
- 
6,3
0.34474210015397544 32.00863594850553 100.1440687331583
- 
6,4
0.4581688924020972 33.0012581248305 100.02645180147404
- 
6,5
0.31225159777866196 33.023855411524565 100.36596020833252
- 
6,6
0.3807513121870856 32.003996885064524 100.07269154769452
- 
6,7
0.3114618021611021 31.012918757091185 100.19829844144425
- 
6,8
0.36856702991719914 29.001991831845682 100.03083379763524
- 
- 
- 
7,3
0.3839701085385683 31.002684488539586 100.04683721800654
- 
7,4
0.42288550892982707 32.0016091825089 100.03263482909887
- 
7,5
0.584634918830117 32.00006418443975 100.0015638482771
- 
7,6
0.7543223285501406 30.000002223111096 100.0000254741891
- 
7,7
0.3468755359376585 30.00433009887822 100.06940183910243
- 
8,3
0.3697725233829241 29.001733905317284 100.02966663203918
- 
8,4
0.4128565423899502 30.00098186202361 100.01749007811809
- 
8,5
1.4722195286821758 29.00000092642208 99.99999090860376
- 
8,6
0.4372886408580622 29.000576835118245 100.00730784159319
- 
