1,3
0.6559360068971372 27.000006311924814 100.00000665437838
- 
1,4
0.6332255166448395 27.000407966304095 100.00135193037747
- 
1,5
0.5515615114397723 26.000167450143614 100.00057168744445
- 
1,6
0.4479942108847845 26.000242638570434 100.00177850871931
- 
- 
1.705027171472226 173.63218618778876 266918.3901721253
2,3
0.46448260474633324 29.00022615454578 100.00380571842588
- 
2,4
0.7597742479432876 29.000033355995964 100.00014196509116
- 
2,5
0.5655424197348433 29.000075750911606 100.00060027396069
- 
2,6
0.6469119191053432 29.000053942290037 100.00022236263541
- 
2,7
0.6485081454573205 28.00000896405755 100.00006016740366
- 
- 
- 
- 
- 
3,3
0.5848812962624612 31.000052272434218 100.000907314058
- 
3,4
0.3617083180634063 33.008336175605564 100.14939660397721
5.293316795716182 33.008336175605564 100.14939660397721
3,5
0.7560277337004341 31.0000002701005 100.00003715065338
- 
3,6
0.778327555730506 30.000001902399468 99.9999865752163
- 
3,7
0.7780235842975536 29.00000804622152 100.00002168953361
- 
3,8
0.5888391500544132 29.00001890097775 100.00028096757562
- 
- 
- 
- 
- 
4,3
0.4037668616627793 32.00235949205231 100.04674059274261
- 
4,4
0.9814780092664301 32.00000093686476 100.00002284101082
- 
4,5
0.9729447387066333 32.00000151695414 100.00002536046364
- 
4,6
0.5867356131496737 31.000030370835553 100.00078269115428
- 
4,8
0.5884387538629847 30.000115804463256 100.00072974686618
- 
- 
- 
- 
- 
5,3
0.4690857403676868 33.000975941080455 100.02165989701433
- 
5,4
0.9814804730177734 32.99999903310794 100.00000888848811
- 
5,5
0.9724703555681278 32.00000751522832 100.00002315418892
- 
5,6
0.5738140260003652 32.00010391082411 100.00198063300621
- 
5,8
0.3172165267616409 30.008256986592293 100.12855018650907
1.762667725105362 30.008256986592293 100.12855018650907
- 
- 
- 
- 
6,3
0.5654555226331917 32.000111299092694 100.00226642721807
- 
6,4
0.9803734418627099 32.000067697745095 100.00030013790618
- 
6,5
0.9783219259564746 32.000098019245996 100.00044604908018
- 
6,6
0.730937987263709 31.00009876870488 100.00044151079817
- 
6,7
0.7315754325695712 31.000502536655738 100.00187629713143
- 
6,8
0.9813632680896214 29.000009986627006 100.00002034570596
- 
- 
- 
7,3
0.5621687554396468 30.00008242663034 100.00091219783097
- 
7,4
1.338583620435943 30.003707068440658 100.02319535056452
- 
7,5
0.9783637449515308 31.000164618669732 100.0008210541046
- 
7,6
0.9717452191057501 30.00002247871576 100.00011109680406
- 
7,7
0.7302584828830014 30.000110066829986 100.00044822607967
- 
8,3
0.6352161913457706 29.000341944543216 100.00121287977524
- 
8,4
0.634819806046111 30.000289505095658 100.00108701244355
- 
8,5
0.918227659131214 29.000003001619866 100.00003576357855
- 
8,6
0.5015144235596711 30.000196738598618 100.00291373894024
- 
