1,3
0.40757107249206204 26.000373803217222 100.00415661152667
- 
1,4
0.5884603395839343 27.000096870893685 100.00034862634033
- 
1,5
0.4214122910384057 27.000261485379724 100.00418369845413
- 
1,6
0.30467447946231707 27.004665855568078 100.0673063820355
- 
- 
- 
2,3
0.3475967612817512 29.003016120152097 100.04830816325614
- 
2,4
0.3863162498400692 29.001209280368407 100.02069639204313
- 
2,5
0.409302007057158 29.000800270054455 100.01276119103272
- 
2,6
0.3480483927687944 29.00298161444598 100.04782253254278
- 
2,7
0.6589345435124647 28.000010108900966 100.0000680135125
- 
- 
- 
- 
- 
3,3
0.3325285435779709 30.005748575866953 100.09322877225736
- 
3,4
0.5265156029774585 31.000111955149947 100.00268846679404
- 
3,5
0.4259174403234516 31.00103233014531 100.0202009643208
- 
3,6
0.34470754131301773 31.00601716180882 100.10183321528905
- 
3,7
0.3360911828115848 32.01015580115798 100.16934175706304
- 
3,8
0.5095493844029042 29.00007196480374 100.00138101037412
- 
4,1
0.47499904174864693 30.00022438543425 100.00475540585575
- 
4,3
0.33781954266490166 31.007010377153755 100.1168082714349
- 
4,4
0.47045957169083097 32.00060811302522 100.01323732123971
- 
4,5
0.3304576423578667 32.0115010135101 100.18850200515496
- 
4,6
0.38470361821876 32.00360297396203 100.06727702975974
- 
4,7
0.4710465902120188 31.000398971511522 100.00821653601912
- 
4,8
0.5201923888333211 29.00007836610957 100.00119473784436
- 
5,1
0.34983478485204067 30.003756578973405 100.06469902792324
5.293275717984516 30.003756578973405 100.06469902792324
5,3
0.3816515706989871 31.002700596245194 100.04879512359653
- 
5,4
0.2711804441978094 34.07434165879381 101.01569172551044
- 
5,5
0.29650038112368016 32.024441589092845 100.36062062606959
- 
5,6
0.28711057415866903 32.03026609991605 100.43174751137582
- 
5,7
0.4196114732533498 31.00121628133614 100.02299287406953
- 
5,8
0.28927835176874905 30.01621669920919 100.23150602395343
5.283132159384786 30.01621669920919 100.23150602395343
- 
- 
- 
- 
6,3
0.3854360251238219 31.002487686852255 100.04524009785693
- 
6,4
0.3504677307055898 32.00752534252045 100.12897208080616
- 
6,5
0.3443486912520568 32.00870251030004 100.14511558067518
- 
6,6
0.3074599441478204 31.014160564912626 100.2148456887065
- 
6,7
0.31536928681767307 31.01174248785167 100.18323882524561
- 
6,8
0.2877925163628635 29.01269387693158 100.17906448835569
- 
- 
- 
7,3
0.39228100300365654 31.00211691222824 100.0394099629959
- 
7,4
0.4750983827400358 31.00034454826087 100.00753032336516
- 
7,5
0.3103181770042326 31.01321898991704 100.2028401883027
- 
7,6
0.3428058610487914 30.00447485217242 100.07506826807099
- 
7,7
0.3480304312142576 29.003016370225318 100.04788701944904
- 
8,3
0.36806075026521046 29.001766294799246 100.03065985821743
- 
8,4
0.417306801671271 30.000861118684263 100.015871039171
- 
8,5
0.37002832122619767 29.001681564943468 100.02938597936365
- 
8,6
0.3792884366631701 29.001393703220018 100.02408009949693
- 
