y
y
45
Direito
0.0 0.0 0.0 0.0 0.0 0.0 0.0 0.0 0.0 0.0 
0.0 0.0 0.0 7.0 9.0 6.0 11.0 0.0 0.0 0.0 
0.0 0.0 11.0 14.0 8.0 12.0 8.0 7.0 0.0 0.0 
0.0 10.0 18.0 15.0 0.0 13.0 10.0 16.0 5.0 0.0 
11.0 15.0 14.0 19.0 16.0 14.0 12.0 8.0 5.0 0.0 
17.0 9.0 7.0 13.0 13.0 16.0 11.0 0.0 2.0 0.0 
0.0 13.0 12.0 15.0 28.0 28.0 12.0 13.0 12.0 0.0 
0.0 0.0 12.0 12.0 27.0 28.0 17.0 10.0 0.0 0.0 
0.0 0.0 0.0 4.0 11.0 8.0 5.0 0.0 0.0 0.0 
0.0 0.0 0.0 0.0 0.0 0.0 0.0 0.0 0.0 0.0 
0.0 0.0 0.0 0.0 0.0 0.0 0.0 0.0 0.0 0.0 
0.0 0.0 0.0 -22.0 -20.0 -22.0 -16.0 0.0 0.0 0.0 
0.0 0.0 19.0 -16.0 -23.0 -18.0 -22.0 -22.0 0.0 0.0 
0.0 20.0 13.0 -17.0 -34.0 -19.0 -21.0 -15.0 -25.0 0.0 
17.0 16.0 18.0 -14.0 -17.0 -20.0 -21.0 0.0 -26.0 0.0 
12.0 22.0 25.0 -21.0 -21.0 -17.0 -22.0 0.0 -29.0 0.0 
0.0 17.0 19.0 -18.0 -5.0 -5.0 -20.0 -19.0 -18.0 0.0 
0.0 0.0 19.0 -19.0 -4.0 -4.0 -14.0 -21.0 0.0 0.0 
0.0 0.0 0.0 -26.0 -19.0 -22.0 -26.0 0.0 0.0 0.0 
0.0 0.0 0.0 0.0 0.0 0.0 0.0 0.0 0.0 0.0 
0.0 0.0 0.0 0.0 0.0 0.0 0.0 0.0 0.0 0.0 
0.0 0.0 0.0 0.5 0.5 0.5 0.5 0.0 0.0 0.0 
0.0 0.0 0.5 0.5 0.5 0.5 0.5 0.5 0.0 0.0 
0.0 0.5 0.5 0.5 0.5 0.5 0.5 0.5 0.5 0.0 
0.5 0.5 0.5 0.5 0.5 0.5 0.5 0.0 0.5 0.0 
1.0 0.5 0.5 0.5 0.5 0.5 0.5 0.0 0.5 0.0 
0.0 0.5 0.5 0.5 1.0 1.0 0.5 0.5 0.5 0.0 
0.0 0.0 0.5 0.5 2.0 2.0 0.5 0.5 0.0 0.0 
0.0 0.0 0.0 0.5 0.5 0.5 0.5 0.0 0.0 0.0 
0.0 0.0 0.0 0.0 0.0 0.0 0.0 0.0 0.0 0.0 
0.0 0.0 0.0 0.0 0.0 0.0 0.0 0.0 0.0 0.0 
0.0 0.0 0.0 -7.0 -5.0 -7.0 -2.0 0.0 0.0 0.0 
0.0 0.0 -4.0 -2.0 -8.0 -4.0 -8.0 -8.0 0.0 0.0 
0.0 -6.0 1.0 -3.0 -20.0 -5.0 -7.0 0.0 -11.0 0.0 
0.0 -1.0 -4.0 0.0 -3.0 -5.0 -6.0 0.0 -12.0 0.0 
0.0 -7.0 -11.0 -6.0 -6.0 -3.0 -8.0 0.0 -15.0 0.0 
0.0 -3.0 -5.0 -3.0 10.0 10.0 -6.0 -4.0 -4.0 0.0 
0.0 0.0 -4.0 -5.0 10.0 10.0 0.0 -7.0 0.0 0.0 
0.0 0.0 0.0 -11.0 -5.0 -8.0 -12.0 0.0 0.0 0.0 
0.0 0.0 0.0 0.0 0.0 0.0 0.0 0.0 0.0 0.0 
0.0 0.0 0.0 0.0 0.0 0.0 0.0 0.0 0.0 0.0 
0.0 0.0 0.0 1.0 5.0 2.0 50.0 0.0 0.0 0.0 
0.0 0.0 5.0 50.0 0.5 5.0 1.0 1.0 0.0 0.0 
0.0 2.0 50.0 50.0 0.5 2.0 0.5 50.0 0.5 0.0 
50.0 50.0 2.0 50.0 5.0 1.0 1.0 0.0 0.5 0.0 
50.0 0.5 0.5 0.5 0.5 50.0 0.5 0.0 0.5 0.0 
0.0 50.0 1.0 5.0 50.0 50.0 1.0 5.0 5.0 0.0 
0.0 0.0 5.0 2.0 50.0 50.0 50.0 1.0 0.0 0.0 
0.0 0.0 0.0 0.5 2.0 1.0 0.5 0.0 0.0 0.0 
0.0 0.0 0.0 0.0 0.0 0.0 0.0 0.0 0.0 0.0 
