y
y
5
Direito
0.0 0.0 0.0 0.0 0.0 0.0 0.0 0.0 0.0 0.0 
0.0 0.0 0.0 7.0 9.0 6.0 11.0 0.0 0.0 0.0 
0.0 0.0 11.0 14.0 8.0 12.0 8.0 7.0 0.0 0.0 
0.0 10.0 18.0 15.0 0.0 13.0 10.0 16.0 5.0 0.0 
11.0 15.0 14.0 19.0 16.0 14.0 12.0 8.0 5.0 0.0 
17.0 9.0 7.0 13.0 13.0 16.0 11.0 0.0 2.0 0.0 
0.0 13.0 12.0 15.0 28.0 28.0 12.0 13.0 12.0 0.0 
0.0 0.0 12.0 12.0 27.0 28.0 17.0 10.0 0.0 0.0 
0.0 0.0 0.0 4.0 11.0 8.0 5.0 0.0 0.0 0.0 
0.0 0.0 0.0 0.0 0.0 0.0 0.0 0.0 0.0 0.0 
0.0 0.0 0.0 0.0 0.0 0.0 0.0 0.0 0.0 0.0 
0.0 0.0 0.0 -25.0 -22.0 -24.0 -19.0 0.0 0.0 0.0 
0.0 0.0 21.0 -19.0 -25.0 -21.0 -25.0 -25.0 0.0 0.0 
0.0 23.0 16.0 -20.0 -37.0 -21.0 -24.0 -17.0 -28.0 0.0 
20.0 18.0 20.0 -17.0 -20.0 -22.0 -23.0 0.0 -28.0 0.0 
15.0 24.0 27.0 -23.0 -23.0 -19.0 -24.0 0.0 -31.0 0.0 
0.0 19.0 21.0 -20.0 -7.0 -7.0 -22.0 -21.0 -20.0 0.0 
0.0 0.0 21.0 -21.0 -6.0 -6.0 -16.0 -23.0 0.0 0.0 
0.0 0.0 0.0 -28.0 -21.0 -24.0 -28.0 0.0 0.0 0.0 
0.0 0.0 0.0 0.0 0.0 0.0 0.0 0.0 0.0 0.0 
0.0 0.0 0.0 0.0 0.0 0.0 0.0 0.0 0.0 0.0 
0.0 0.0 0.0 0.5 0.5 0.5 0.5 0.0 0.0 0.0 
0.0 0.0 0.5 0.5 0.5 0.5 0.5 0.5 0.0 0.0 
0.0 0.5 0.5 0.5 0.5 0.5 0.5 0.5 0.5 0.0 
0.5 0.5 0.5 0.5 0.5 0.5 0.5 0.0 0.5 0.0 
1.0 0.5 0.5 0.5 0.5 0.5 0.5 0.0 0.5 0.0 
0.0 0.5 0.5 0.5 0.5 1.0 0.5 0.5 0.5 0.0 
0.0 0.0 0.5 0.5 1.0 1.0 0.5 0.5 0.0 0.0 
0.0 0.0 0.0 0.5 0.5 0.5 0.5 0.0 0.0 0.0 
0.0 0.0 0.0 0.0 0.0 0.0 0.0 0.0 0.0 0.0 
-1.0 -1.0 -1.0 -1.0 -1.0 -1.0 -1.0 -1.0 -1.0 -1.0 
-1.0 -1.0 -1.0 -1.0 -1.0 -1.0 -1.0 -1.0 -1.0 -1.0 
-1.0 -1.0 -1.0 -1.0 -1.0 -1.0 -1.0 -1.0 -1.0 -1.0 
-1.0 -1.0 -1.0 -1.0 -1.0 -1.0 -1.0 -1.0 -1.0 -1.0 
-1.0 -1.0 -1.0 -1.0 -1.0 -1.0 -1.0 -1.0 -1.0 -1.0 
-1.0 -1.0 -1.0 -1.0 -1.0 -1.0 -1.0 -1.0 -1.0 -1.0 
-1.0 -1.0 -1.0 -1.0 -1.0 -1.0 -1.0 -1.0 -1.0 -1.0 
-1.0 -1.0 -1.0 -1.0 -1.0 -1.0 -1.0 -1.0 -1.0 -1.0 
-1.0 -1.0 -1.0 -1.0 -1.0 -1.0 -1.0 -1.0 -1.0 -1.0 
-1.0 -1.0 -1.0 -1.0 -1.0 -1.0 -1.0 -1.0 -1.0 -1.0 
-1.0 -1.0 -1.0 -1.0 -1.0 -1.0 -1.0 -1.0 -1.0 -1.0 
-1.0 -1.0 -1.0 -1.0 -1.0 -1.0 -1.0 -1.0 -1.0 -1.0 
-1.0 -1.0 -1.0 -1.0 -1.0 -1.0 -1.0 -1.0 -1.0 -1.0 
-1.0 -1.0 -1.0 -1.0 -1.0 -1.0 -1.0 -1.0 -1.0 -1.0 
-1.0 -1.0 -1.0 -1.0 -1.0 -1.0 -1.0 -1.0 -1.0 -1.0 
-1.0 -1.0 -1.0 -1.0 -1.0 -1.0 -1.0 -1.0 -1.0 -1.0 
-1.0 -1.0 -1.0 -1.0 -1.0 -1.0 -1.0 -1.0 -1.0 -1.0 
-1.0 -1.0 -1.0 -1.0 -1.0 -1.0 -1.0 -1.0 -1.0 -1.0 
-1.0 -1.0 -1.0 -1.0 -1.0 -1.0 -1.0 -1.0 -1.0 -1.0 
-1.0 -1.0 -1.0 -1.0 -1.0 -1.0 -1.0 -1.0 -1.0 -1.0 
