y
y
5
Esquerdo
0.0 0.0 0.0 0.0 0.0 0.0 0.0 0.0 0.0 0.0 
0.0 0.0 0.0 15.0 12.0 15.0 11.0 0.0 0.0 0.0 
0.0 0.0 17.0 15.0 16.0 17.0 13.0 20.0 0.0 0.0 
0.0 16.0 12.0 15.0 21.0 19.0 16.0 14.0 20.0 0.0 
0.0 19.0 22.0 16.0 21.0 15.0 17.0 20.0 19.0 0.0 
0.0 15.0 0.0 18.0 16.0 15.0 15.0 19.0 12.0 0.0 
0.0 14.0 21.0 18.0 18.0 18.0 15.0 15.0 12.0 0.0 
0.0 0.0 19.0 18.0 20.0 14.0 15.0 15.0 0.0 0.0 
0.0 0.0 0.0 15.0 18.0 15.0 14.0 0.0 0.0 0.0 
0.0 0.0 0.0 0.0 0.0 0.0 0.0 0.0 0.0 0.0 
0.0 0.0 0.0 0.0 0.0 0.0 0.0 0.0 0.0 0.0 
0.0 0.0 0.0 -15.0 -19.0 -16.0 -21.0 0.0 0.0 0.0 
0.0 0.0 15.0 -18.0 -17.0 -16.0 -20.0 -13.0 0.0 0.0 
0.0 17.0 21.0 -19.0 -13.0 -16.0 -19.0 -20.0 -12.0 0.0 
0.0 -14.0 0.0 -19.0 -15.0 -21.0 -18.0 -15.0 -14.0 0.0 
0.0 -18.0 0.0 -17.0 -19.0 -21.0 -20.0 -15.0 -21.0 0.0 
0.0 19.0 12.0 -16.0 -17.0 -17.0 -20.0 -18.0 -21.0 0.0 
0.0 0.0 14.0 -15.0 -14.0 -19.0 -19.0 -17.0 0.0 0.0 
0.0 0.0 0.0 -18.0 -15.0 -18.0 -17.0 0.0 0.0 0.0 
0.0 0.0 0.0 0.0 0.0 0.0 0.0 0.0 0.0 0.0 
0.0 0.0 0.0 0.0 0.0 0.0 0.0 0.0 0.0 0.0 
0.0 0.0 0.0 0.5 0.5 0.5 0.5 0.0 0.0 0.0 
0.0 0.0 0.5 0.5 0.5 0.5 0.5 0.5 0.0 0.0 
0.0 0.5 0.5 0.5 0.5 0.5 0.5 0.5 0.5 0.0 
0.0 0.5 0.0 0.5 0.5 0.5 0.5 0.5 0.5 0.0 
0.0 0.5 0.0 0.5 0.5 0.5 0.5 0.5 0.5 0.0 
0.0 0.5 0.5 0.5 0.5 0.5 0.5 0.5 0.5 0.0 
0.0 0.0 0.5 0.5 0.5 0.5 0.5 0.5 0.0 0.0 
0.0 0.0 0.0 0.5 0.5 0.5 0.5 0.0 0.0 0.0 
0.0 0.0 0.0 0.0 0.0 0.0 0.0 0.0 0.0 0.0 
0.0 0.0 0.0 0.0 0.0 0.0 0.0 0.0 0.0 0.0 
0.0 0.0 0.0 -2.0 -5.0 -2.0 -7.0 0.0 0.0 0.0 
0.0 0.0 -1.0 -4.0 -3.0 -3.0 -6.0 1.0 0.0 0.0 
0.0 -3.0 -7.0 -6.0 0.0 -2.0 -5.0 -6.0 1.0 0.0 
0.0 0.0 0.0 -5.0 -1.0 -7.0 -4.0 -1.0 0.0 -3.0 
0.0 -4.0 0.0 -3.0 -5.0 -7.0 -6.0 -1.0 -7.0 1.0 
0.0 -6.0 1.0 -3.0 -3.0 -4.0 -6.0 -5.0 -7.0 0.0 
0.0 0.0 0.0 -1.0 0.0 -6.0 -5.0 -3.0 0.0 0.0 
0.0 0.0 0.0 -4.0 -1.0 -4.0 -4.0 0.0 0.0 0.0 
0.0 0.0 0.0 0.0 0.0 0.0 0.0 0.0 0.0 0.0 
0.0 0.0 0.0 0.0 0.0 0.0 0.0 0.0 0.0 0.0 
0.0 0.0 0.0 50.0 5.0 50.0 2.0 0.0 0.0 0.0 
0.0 0.0 50.0 50.0 50.0 50.0 1.0 50.0 0.0 0.0 
0.0 50.0 1.0 2.0 50.0 50.0 1.0 0.5 50.0 0.0 
0.0 50.0 0.0 1.0 50.0 0.5 1.0 50.0 50.0 0.0 
0.0 5.0 0.0 50.0 1.0 0.5 0.5 50.0 1.0 0.0 
0.0 2.0 50.0 50.0 50.0 5.0 0.5 2.0 1.0 0.0 
0.0 0.0 50.0 50.0 50.0 1.0 1.0 50.0 0.0 0.0 
0.0 0.0 0.0 5.0 50.0 5.0 50.0 0.0 0.0 0.0 
0.0 0.0 0.0 0.0 0.0 0.0 0.0 0.0 0.0 0.0 
