y
y
45
Esquerdo
0.0 0.0 0.0 0.0 0.0 0.0 0.0 0.0 0.0 0.0 
0.0 0.0 0.0 35.0 45.0 40.0 40.0 0.0 0.0 0.0 
0.0 0.0 50.0 50.0 50.0 42.0 40.0 41.0 0.0 0.0 
0.0 49.0 46.0 50.0 50.0 44.0 41.0 42.0 42.0 0.0 
0.0 49.0 50.0 50.0 47.0 45.0 44.0 44.0 43.0 0.0 
0.0 40.0 0.0 49.0 50.0 50.0 50.0 50.0 46.0 0.0 
0.0 45.0 46.0 50.0 47.0 50.0 47.0 50.0 49.0 0.0 
0.0 0.0 50.0 49.0 45.0 50.0 50.0 49.0 0.0 0.0 
0.0 0.0 0.0 42.0 42.0 46.0 49.0 0.0 0.0 0.0 
0.0 0.0 0.0 0.0 0.0 0.0 0.0 0.0 0.0 0.0 
0.0 0.0 0.0 0.0 0.0 0.0 0.0 0.0 0.0 0.0 
0.0 0.0 0.0 7.0 17.0 12.0 12.0 0.0 0.0 0.0 
0.0 0.0 20.0 20.0 19.0 11.0 9.0 12.0 0.0 0.0 
0.0 0.0 15.0 18.0 18.0 11.0 9.0 10.0 12.0 0.0 
0.0 8.0 0.0 17.0 14.0 12.0 11.0 12.0 12.0 0.0 
0.0 9.0 0.0 16.0 16.0 16.0 17.0 17.0 15.0 0.0 
0.0 4.0 14.0 17.0 14.0 17.0 15.0 18.0 19.0 0.0 
0.0 0.0 19.0 17.0 13.0 18.0 18.0 18.0 0.0 0.0 
0.0 0.0 0.0 12.0 12.0 15.0 19.0 0.0 0.0 0.0 
0.0 0.0 0.0 0.0 0.0 0.0 0.0 0.0 0.0 0.0 
0.0 0.0 0.0 0.0 0.0 0.0 0.0 0.0 0.0 0.0 
0.0 0.0 0.0 50.0 50.0 50.0 50.0 0.0 0.0 0.0 
0.0 0.0 50.0 50.0 50.0 50.0 50.0 50.0 0.0 0.0 
0.0 50.0 50.0 50.0 50.0 50.0 50.0 50.0 50.0 0.0 
0.0 50.0 0.0 50.0 50.0 50.0 50.0 50.0 50.0 0.0 
0.0 50.0 0.0 50.0 50.0 50.0 50.0 50.0 50.0 0.0 
0.0 50.0 50.0 50.0 50.0 50.0 50.0 50.0 50.0 0.0 
0.0 0.0 50.0 50.0 50.0 50.0 50.0 50.0 0.0 0.0 
0.0 0.0 0.0 50.0 50.0 50.0 50.0 0.0 0.0 0.0 
0.0 0.0 0.0 0.0 0.0 0.0 0.0 0.0 0.0 0.0 
0.0 0.0 0.0 0.0 0.0 0.0 0.0 0.0 0.0 0.0 
0.0 0.0 0.0 -11.0 -2.0 -7.0 -7.0 0.0 0.0 0.0 
0.0 0.0 2.0 1.0 1.0 -7.0 -9.0 -7.0 0.0 0.0 
0.0 0.0 -3.0 0.0 -1.0 -7.0 -1.0 -8.0 -6.0 0.0 
0.0 -1.0 0.0 -1.0 -5.0 -7.0 -7.0 -7.0 -7.0 1.0 
0.0 -10.0 0.0 -2.0 -2.0 -2.0 -2.0 -1.0 -4.0 -8.0 
0.0 -5.0 -4.0 -2.0 -4.0 -2.0 -4.0 -1.0 0.0 0.0 
0.0 0.0 0.0 -1.0 -5.0 -1.0 -1.0 0.0 0.0 0.0 
0.0 0.0 0.0 -7.0 -7.0 -3.0 0.0 0.0 0.0 0.0 
0.0 0.0 0.0 0.0 0.0 0.0 0.0 0.0 0.0 0.0 
0.0 0.0 0.0 0.0 0.0 0.0 0.0 0.0 0.0 0.0 
0.0 0.0 0.0 1.0 50.0 2.0 2.0 0.0 0.0 0.0 
0.0 0.0 50.0 50.0 50.0 0.5 0.5 1.0 0.0 0.0 
0.0 50.0 50.0 50.0 50.0 0.5 0.5 0.5 2.0 0.0 
0.0 50.0 0.0 50.0 1.0 0.5 0.5 0.5 1.0 0.0 
0.0 0.5 0.0 50.0 50.0 50.0 50.0 50.0 5.0 0.0 
0.0 5.0 5.0 50.0 2.0 50.0 2.0 50.0 50.0 0.0 
0.0 0.0 50.0 50.0 1.0 50.0 50.0 50.0 0.0 0.0 
0.0 0.0 0.0 1.0 1.0 50.0 50.0 0.0 0.0 0.0 
0.0 0.0 0.0 0.0 0.0 0.0 0.0 0.0 0.0 0.0 
