y
y
25
Direito
0.0 0.0 0.0 0.0 0.0 0.0 0.0 0.0 0.0 0.0 
0.0 0.0 0.0 36.0 31.0 46.0 44.0 0.0 0.0 0.0 
0.0 0.0 45.0 35.0 42.0 47.0 34.0 37.0 0.0 0.0 
0.0 48.0 50.0 50.0 45.0 44.0 35.0 35.0 37.0 0.0 
41.0 42.0 50.0 50.0 49.0 50.0 50.0 50.0 34.0 0.0 
37.0 42.0 43.0 37.0 44.0 49.0 50.0 34.0 45.0 0.0 
0.0 40.0 44.0 44.0 45.0 47.0 50.0 50.0 39.0 0.0 
0.0 0.0 44.0 44.0 42.0 48.0 46.0 50.0 0.0 0.0 
0.0 0.0 0.0 43.0 43.0 46.0 42.0 0.0 0.0 0.0 
0.0 0.0 0.0 0.0 0.0 0.0 0.0 0.0 0.0 0.0 
0.0 0.0 0.0 0.0 0.0 0.0 0.0 0.0 0.0 0.0 
0.0 0.0 0.0 7.0 1.0 17.0 15.0 0.0 0.0 0.0 
0.0 0.0 14.0 3.0 10.0 16.0 3.0 6.0 0.0 0.0 
0.0 7.0 17.0 16.0 12.0 10.0 3.0 3.0 5.0 0.0 
1.0 0.0 16.0 16.0 14.0 16.0 16.0 0.0 2.0 0.0 
7.0 0.0 9.0 2.0 9.0 14.0 16.0 0.0 13.0 0.0 
0.0 9.0 11.0 11.0 11.0 13.0 16.0 17.0 7.0 0.0 
0.0 0.0 13.0 11.0 10.0 15.0 13.0 18.0 0.0 0.0 
0.0 0.0 0.0 12.0 12.0 14.0 10.0 0.0 0.0 0.0 
0.0 0.0 0.0 0.0 0.0 0.0 0.0 0.0 0.0 0.0 
0.0 0.0 0.0 0.0 0.0 0.0 0.0 0.0 0.0 0.0 
0.0 0.0 0.0 50.0 50.0 50.0 50.0 0.0 0.0 0.0 
0.0 0.0 50.0 50.0 50.0 50.0 50.0 50.0 0.0 0.0 
0.0 50.0 50.0 50.0 50.0 50.0 50.0 50.0 50.0 0.0 
50.0 50.0 50.0 50.0 50.0 50.0 50.0 0.0 50.0 0.0 
50.0 50.0 50.0 50.0 50.0 50.0 50.0 0.0 50.0 0.0 
0.0 50.0 50.0 50.0 50.0 50.0 50.0 50.0 50.0 0.0 
0.0 0.0 50.0 50.0 50.0 50.0 50.0 50.0 0.0 0.0 
0.0 0.0 0.0 50.0 50.0 50.0 50.0 0.0 0.0 0.0 
0.0 0.0 0.0 0.0 0.0 0.0 0.0 0.0 0.0 0.0 
0.0 0.0 0.0 0.0 0.0 0.0 0.0 0.0 0.0 0.0 
0.0 0.0 0.0 -10.0 -15.0 1.0 -1.0 0.0 0.0 0.0 
0.0 0.0 -3.0 -13.0 -6.0 0.0 -13.0 1.0 0.0 0.0 
0.0 0.0 1.0 0.0 -5.0 -6.0 -14.0 -13.0 -11.0 0.0 
0.0 -6.0 0.0 -1.0 -2.0 -1.0 0.0 0.0 -14.0 0.0 
0.0 -6.0 -7.0 -14.0 -7.0 -2.0 0.0 0.0 -3.0 0.0 
0.0 -7.0 -5.0 -5.0 -5.0 -4.0 0.0 1.0 -9.0 0.0 
0.0 0.0 -4.0 -5.0 -7.0 -2.0 -3.0 2.0 0.0 0.0 
0.0 0.0 0.0 -4.0 -5.0 -2.0 -6.0 0.0 0.0 0.0 
0.0 0.0 0.0 0.0 0.0 0.0 0.0 0.0 0.0 0.0 
0.0 0.0 0.0 0.0 0.0 0.0 0.0 0.0 0.0 0.0 
0.0 0.0 0.0 1.0 0.5 50.0 50.0 0.0 0.0 0.0 
0.0 0.0 50.0 0.5 1.0 50.0 0.5 0.5 0.0 0.0 
0.0 50.0 50.0 50.0 1.0 1.0 0.5 0.5 0.5 0.0 
5.0 1.0 50.0 50.0 50.0 50.0 50.0 0.0 0.5 0.0 
1.0 1.0 0.5 0.5 0.5 50.0 50.0 0.0 50.0 0.0 
0.0 1.0 1.0 0.5 1.0 5.0 50.0 50.0 1.0 0.0 
0.0 0.0 5.0 1.0 0.5 50.0 50.0 50.0 0.0 0.0 
0.0 0.0 0.0 5.0 2.0 50.0 1.0 0.0 0.0 0.0 
0.0 0.0 0.0 0.0 0.0 0.0 0.0 0.0 0.0 0.0 
