y
y
45
Esquerdo
0.0 0.0 0.0 0.0 0.0 0.0 0.0 0.0 0.0 0.0 
0.0 0.0 0.0 31.0 31.0 36.0 38.0 0.0 0.0 0.0 
0.0 0.0 43.0 38.0 36.0 40.0 43.0 42.0 0.0 0.0 
0.0 40.0 43.0 46.0 44.0 45.0 44.0 40.0 41.0 0.0 
0.0 39.0 47.0 46.0 48.0 46.0 44.0 41.0 41.0 0.0 
0.0 47.0 34.0 44.0 45.0 38.0 38.0 37.0 34.0 0.0 
0.0 42.0 50.0 50.0 38.0 37.0 36.0 36.0 36.0 0.0 
0.0 0.0 49.0 50.0 37.0 36.0 35.0 35.0 0.0 0.0 
0.0 0.0 0.0 50.0 35.0 35.0 32.0 0.0 0.0 0.0 
0.0 0.0 0.0 0.0 0.0 0.0 0.0 0.0 0.0 0.0 
0.0 0.0 0.0 0.0 0.0 0.0 0.0 0.0 0.0 0.0 
0.0 0.0 0.0 3.0 3.0 8.0 9.0 0.0 0.0 0.0 
0.0 0.0 14.0 8.0 6.0 10.0 12.0 12.0 0.0 0.0 
0.0 0.0 12.0 15.0 12.0 13.0 12.0 9.0 11.0 0.0 
0.0 9.0 0.0 14.0 15.0 13.0 11.0 9.0 10.0 0.0 
0.0 6.0 0.0 11.0 12.0 5.0 4.0 5.0 3.0 0.0 
0.0 2.0 18.0 17.0 5.0 4.0 3.0 4.0 6.0 0.0 
0.0 0.0 18.0 18.0 5.0 4.0 3.0 5.0 0.0 0.0 
0.0 0.0 0.0 19.0 4.0 4.0 2.0 0.0 0.0 0.0 
0.0 0.0 0.0 0.0 0.0 0.0 0.0 0.0 0.0 0.0 
0.0 0.0 0.0 0.0 0.0 0.0 0.0 0.0 0.0 0.0 
0.0 0.0 0.0 50.0 50.0 50.0 50.0 0.0 0.0 0.0 
0.0 0.0 50.0 50.0 50.0 50.0 50.0 50.0 0.0 0.0 
0.0 50.0 50.0 50.0 50.0 50.0 50.0 50.0 50.0 0.0 
0.0 50.0 0.0 50.0 50.0 50.0 50.0 50.0 50.0 0.0 
0.0 50.0 0.0 50.0 50.0 50.0 50.0 50.0 50.0 0.0 
0.0 50.0 50.0 50.0 50.0 50.0 50.0 50.0 50.0 0.0 
0.0 0.0 50.0 50.0 50.0 50.0 50.0 50.0 0.0 0.0 
0.0 0.0 0.0 50.0 50.0 50.0 50.0 0.0 0.0 0.0 
0.0 0.0 0.0 0.0 0.0 0.0 0.0 0.0 0.0 0.0 
0.0 0.0 0.0 0.0 0.0 0.0 0.0 0.0 0.0 0.0 
0.0 0.0 0.0 -11.0 -12.0 -7.0 -5.0 0.0 0.0 0.0 
0.0 0.0 -1.0 -6.0 -8.0 -5.0 -2.0 -2.0 0.0 0.0 
0.0 -4.0 -2.0 0.0 -2.0 -2.0 -2.0 -6.0 -3.0 0.0 
0.0 -6.0 0.0 -1.0 0.0 -2.0 -4.0 -6.0 -4.0 -5.0 
0.0 1.0 0.0 -4.0 -3.0 -10.0 1.0 -1.0 11.0 -5.0 
0.0 -3.0 3.0 3.0 -9.0 -11.0 -11.0 -11.0 -9.0 0.0 
0.0 0.0 3.0 3.0 -10.0 -11.0 -11.0 -1.0 0.0 0.0 
0.0 0.0 0.0 5.0 -11.0 -10.0 12.0 0.0 0.0 0.0 
0.0 0.0 0.0 0.0 0.0 0.0 0.0 0.0 0.0 0.0 
0.0 0.0 0.0 0.0 0.0 0.0 0.0 0.0 0.0 0.0 
0.0 0.0 0.0 1.0 0.5 2.0 5.0 0.0 0.0 0.0 
0.0 0.0 50.0 2.0 0.5 2.0 50.0 50.0 0.0 0.0 
0.0 5.0 50.0 50.0 50.0 50.0 50.0 1.0 50.0 0.0 
0.0 2.0 0.0 50.0 50.0 50.0 5.0 0.5 5.0 0.0 
0.0 50.0 0.0 5.0 50.0 0.5 0.5 0.5 0.5 0.0 
0.0 50.0 50.0 50.0 0.5 0.5 0.5 0.5 0.5 0.0 
0.0 0.0 50.0 50.0 0.5 0.5 0.5 0.5 0.0 0.0 
0.0 0.0 0.0 50.0 0.5 0.5 0.5 0.0 0.0 0.0 
0.0 0.0 0.0 0.0 0.0 0.0 0.0 0.0 0.0 0.0 
