y
y
35
Esquerdo
0.0 0.0 0.0 0.0 0.0 0.0 0.0 0.0 0.0 0.0 
0.0 0.0 0.0 20.0 25.0 22.0 26.0 0.0 0.0 0.0 
0.0 0.0 20.0 15.0 18.0 19.0 23.0 27.0 0.0 0.0 
0.0 21.0 19.0 21.0 23.0 16.0 20.0 15.0 15.0 0.0 
0.0 22.0 22.0 24.0 20.0 22.0 17.0 16.0 22.0 0.0 
0.0 19.0 4.0 17.0 24.0 24.0 22.0 21.0 22.0 0.0 
0.0 23.0 20.0 15.0 22.0 15.0 19.0 14.0 16.0 0.0 
0.0 0.0 25.0 13.0 19.0 23.0 23.0 16.0 0.0 0.0 
0.0 0.0 0.0 15.0 17.0 27.0 18.0 0.0 0.0 0.0 
0.0 0.0 0.0 0.0 0.0 0.0 0.0 0.0 0.0 0.0 
0.0 0.0 0.0 0.0 0.0 0.0 0.0 0.0 0.0 0.0 
0.0 0.0 0.0 -8.0 -4.0 -7.0 -3.0 0.0 0.0 0.0 
0.0 0.0 10.0 -15.0 -13.0 -12.0 -8.0 -4.0 0.0 0.0 
0.0 9.0 12.0 -11.0 -10.0 -17.0 -13.0 -17.0 -16.0 0.0 
0.0 -9.0 0.0 -9.0 -14.0 -12.0 -17.0 -17.0 -9.0 0.0 
0.0 -13.0 0.0 -16.0 -10.0 -10.0 -12.0 -12.0 -10.0 0.0 
0.0 8.0 13.0 -17.0 -12.0 -19.0 -14.0 -18.0 -14.0 0.0 
0.0 0.0 7.0 -19.0 -13.0 -9.0 -9.0 -15.0 0.0 0.0 
0.0 0.0 0.0 -16.0 -14.0 -4.0 -12.0 0.0 0.0 0.0 
0.0 0.0 0.0 0.0 0.0 0.0 0.0 0.0 0.0 0.0 
0.0 0.0 0.0 0.0 0.0 0.0 0.0 0.0 0.0 0.0 
0.0 0.0 0.0 2.0 5.0 1.0 50.0 0.0 0.0 0.0 
0.0 0.0 0.5 0.5 0.5 0.5 0.5 5.0 0.0 0.0 
0.0 0.5 0.5 0.5 0.5 0.5 0.5 0.5 0.5 0.0 
0.0 0.5 0.0 0.5 0.5 0.5 0.5 0.5 0.5 0.0 
0.0 0.5 0.0 0.5 0.5 0.5 0.5 0.5 0.5 0.0 
0.0 1.0 0.5 0.5 0.5 0.5 0.5 0.5 0.5 0.0 
0.0 0.0 1.0 0.5 0.5 0.5 0.5 0.5 0.0 0.0 
0.0 0.0 0.0 0.5 0.5 5.0 0.5 0.0 0.0 0.0 
0.0 0.0 0.0 0.0 0.0 0.0 0.0 0.0 0.0 0.0 
0.0 0.0 0.0 0.0 0.0 0.0 0.0 0.0 0.0 0.0 
0.0 0.0 0.0 -1.0 4.0 1.0 4.0 0.0 0.0 0.0 
0.0 0.0 -2.0 -8.0 -5.0 -4.0 0.0 4.0 0.0 0.0 
0.0 -2.0 -4.0 -4.0 -2.0 -9.0 -5.0 -9.0 -8.0 0.0 
0.0 -1.0 0.0 -2.0 -6.0 -4.0 -9.0 -1.0 2.0 -3.0 
0.0 -5.0 0.0 -9.0 -2.0 -3.0 -4.0 -4.0 -2.0 -1.0 
0.0 -1.0 -5.0 -10.0 -4.0 -11.0 -6.0 -1.0 7.0 0.0 
0.0 0.0 1.0 -12.0 -5.0 -2.0 -1.0 -7.0 0.0 0.0 
0.0 0.0 0.0 -8.0 -7.0 3.0 -4.0 0.0 0.0 0.0 
0.0 0.0 0.0 0.0 0.0 0.0 0.0 0.0 0.0 0.0 
0.0 0.0 0.0 0.0 0.0 0.0 0.0 0.0 0.0 0.0 
0.0 0.0 0.0 50.0 50.0 50.0 50.0 0.0 0.0 0.0 
0.0 0.0 50.0 1.0 2.0 5.0 50.0 50.0 0.0 0.0 
0.0 50.0 5.0 5.0 50.0 0.5 1.0 0.5 0.5 0.0 
0.0 50.0 0.0 50.0 0.5 1.0 0.5 0.5 50.0 0.0 
0.0 2.0 0.0 0.5 50.0 50.0 1.0 2.0 50.0 0.0 
0.0 50.0 2.0 0.5 2.0 0.5 0.5 0.5 1.0 0.0 
0.0 0.0 50.0 0.5 1.0 50.0 50.0 1.0 0.0 0.0 
0.0 0.0 0.0 1.0 1.0 50.0 5.0 0.0 0.0 0.0 
0.0 0.0 0.0 0.0 0.0 0.0 0.0 0.0 0.0 0.0 
