y
y
60
Esquerdo
0.0 0.0 0.0 0.0 0.0 0.0 0.0 0.0 0.0 0.0 
0.0 0.0 0.0 11.0 11.0 3.0 9.0 0.0 0.0 0.0 
0.0 0.0 15.0 11.0 11.0 10.0 15.0 13.0 0.0 0.0 
0.0 13.0 16.0 14.0 13.0 10.0 16.0 17.0 10.0 0.0 
0.0 12.0 17.0 15.0 14.0 17.0 19.0 11.0 13.0 0.0 
0.0 15.0 0.0 15.0 13.0 15.0 8.0 12.0 9.0 0.0 
0.0 14.0 14.0 13.0 14.0 15.0 13.0 15.0 11.0 0.0 
0.0 0.0 11.0 18.0 7.0 15.0 15.0 9.0 0.0 0.0 
0.0 0.0 0.0 15.0 16.0 15.0 16.0 0.0 0.0 0.0 
0.0 0.0 0.0 0.0 0.0 0.0 0.0 0.0 0.0 0.0 
0.0 0.0 0.0 0.0 0.0 0.0 0.0 0.0 0.0 0.0 
0.0 0.0 0.0 -15.0 -16.0 -24.0 -18.0 0.0 0.0 0.0 
0.0 0.0 13.0 -18.0 -18.0 -19.0 -14.0 -16.0 0.0 0.0 
0.0 16.0 14.0 -16.0 -18.0 -21.0 -16.0 -13.0 -19.0 0.0 
0.0 -18.0 0.0 -17.0 -18.0 -16.0 -13.0 -20.0 -17.0 0.0 
0.0 -15.0 0.0 -17.0 -20.0 -18.0 -24.0 -19.0 -20.0 0.0 
0.0 16.0 17.0 -19.0 -18.0 -17.0 -19.0 -15.0 -19.0 0.0 
0.0 0.0 19.0 -13.0 -24.0 -16.0 -15.0 -21.0 0.0 0.0 
0.0 0.0 0.0 -15.0 -14.0 -15.0 -14.0 0.0 0.0 0.0 
0.0 0.0 0.0 0.0 0.0 0.0 0.0 0.0 0.0 0.0 
0.0 0.0 0.0 0.0 0.0 0.0 0.0 0.0 0.0 0.0 
0.0 0.0 0.0 0.5 0.5 0.5 0.5 0.0 0.0 0.0 
0.0 0.0 0.5 0.5 0.5 0.5 0.5 0.5 0.0 0.0 
0.0 0.5 0.5 0.5 0.5 0.5 0.5 0.5 0.5 0.0 
0.0 0.5 0.0 0.5 0.5 0.5 0.5 0.5 0.5 0.0 
0.0 0.5 0.0 0.5 0.5 0.5 0.5 0.5 0.5 0.0 
0.0 0.5 0.5 0.5 0.5 0.5 0.5 0.5 0.5 0.0 
0.0 0.0 0.5 0.5 0.5 0.5 0.5 0.5 0.0 0.0 
0.0 0.0 0.0 0.5 0.5 0.5 0.5 0.0 0.0 0.0 
0.0 0.0 0.0 0.0 0.0 0.0 0.0 0.0 0.0 0.0 
0.0 0.0 0.0 0.0 0.0 0.0 0.0 0.0 0.0 0.0 
0.0 0.0 0.0 -1.0 -2.0 -10.0 5.0 0.0 0.0 0.0 
0.0 0.0 1.0 -4.0 -4.0 -5.0 0.0 -2.0 0.0 0.0 
0.0 -2.0 0.0 -2.0 -4.0 -7.0 -2.0 0.0 -5.0 0.0 
0.0 -4.0 0.0 -3.0 -4.0 -2.0 1.0 -6.0 -3.0 -5.0 
0.0 -1.0 0.0 -3.0 -6.0 -4.0 -1.0 -6.0 -6.0 3.0 
0.0 -2.0 -3.0 -5.0 -4.0 -3.0 -5.0 -2.0 -5.0 0.0 
0.0 0.0 -5.0 1.0 -10.0 -2.0 -2.0 -7.0 0.0 0.0 
0.0 0.0 0.0 -1.0 0.0 -1.0 0.0 0.0 0.0 0.0 
0.0 0.0 0.0 0.0 0.0 0.0 0.0 0.0 0.0 0.0 
0.0 0.0 0.0 0.0 0.0 0.0 0.0 0.0 0.0 0.0 
0.0 0.0 0.0 50.0 50.0 0.5 5.0 0.0 0.0 0.0 
0.0 0.0 50.0 50.0 5.0 2.0 50.0 50.0 0.0 0.0 
0.0 50.0 50.0 50.0 2.0 0.5 50.0 50.0 5.0 0.0 
0.0 50.0 0.0 50.0 2.0 50.0 50.0 0.5 50.0 0.0 
0.0 50.0 0.0 50.0 1.0 2.0 0.5 0.5 1.0 0.0 
0.0 50.0 50.0 2.0 5.0 5.0 1.0 50.0 2.0 0.0 
0.0 0.0 2.0 50.0 0.5 50.0 50.0 1.0 0.0 0.0 
0.0 0.0 0.0 50.0 50.0 50.0 50.0 0.0 0.0 0.0 
0.0 0.0 0.0 0.0 0.0 0.0 0.0 0.0 0.0 0.0 
