y
y
60
Direito
0.0 0.0 0.0 0.0 0.0 0.0 0.0 0.0 0.0 0.0 
0.0 0.0 0.0 10.0 0.0 7.0 14.0 0.0 0.0 0.0 
0.0 0.0 0.0 12.0 19.0 11.0 18.0 11.0 0.0 0.0 
0.0 16.0 15.0 13.0 8.0 15.0 21.0 25.0 12.0 0.0 
3.0 7.0 21.0 16.0 20.0 11.0 8.0 28.0 0.0 0.0 
10.0 0.0 16.0 21.0 10.0 13.0 0.0 0.0 12.0 0.0 
0.0 3.0 21.0 9.0 14.0 10.0 3.0 0.0 4.0 0.0 
0.0 0.0 15.0 13.0 14.0 14.0 0.0 1.0 0.0 0.0 
0.0 0.0 0.0 7.0 9.0 16.0 6.0 0.0 0.0 0.0 
0.0 0.0 0.0 0.0 0.0 0.0 0.0 0.0 0.0 0.0 
0.0 0.0 0.0 0.0 0.0 0.0 0.0 0.0 0.0 0.0 
0.0 0.0 0.0 -17.0 -29.0 -20.0 -13.0 0.0 0.0 0.0 
0.0 0.0 31.0 -17.0 -11.0 -18.0 -11.0 -17.0 0.0 0.0 
0.0 13.0 15.0 -19.0 -24.0 -17.0 -9.0 -5.0 -17.0 0.0 
24.0 22.0 10.0 -16.0 -12.0 -22.0 -23.0 0.0 -32.0 0.0 
17.0 32.0 16.0 -11.0 -23.0 -20.0 -34.0 0.0 -18.0 0.0 
0.0 26.0 10.0 -23.0 -19.0 -22.0 -29.0 -33.0 -26.0 0.0 
0.0 0.0 15.0 -17.0 -18.0 -17.0 -33.0 -29.0 0.0 0.0 
0.0 0.0 0.0 -22.0 -20.0 -13.0 -24.0 0.0 0.0 0.0 
0.0 0.0 0.0 0.0 0.0 0.0 0.0 0.0 0.0 0.0 
0.0 0.0 0.0 0.0 0.0 0.0 0.0 0.0 0.0 0.0 
0.0 0.0 0.0 0.5 0.5 0.5 0.5 0.0 0.0 0.0 
0.0 0.0 0.5 0.5 0.5 0.5 0.5 0.5 0.0 0.0 
0.0 0.5 0.5 0.5 0.5 0.5 0.5 2.0 0.5 0.0 
0.5 0.5 0.5 0.5 0.5 0.5 0.5 0.0 0.5 0.0 
0.5 0.5 0.5 0.5 0.5 0.5 0.5 0.0 0.5 0.0 
0.0 0.5 0.5 0.5 0.5 0.5 0.5 0.5 0.5 0.0 
0.0 0.0 0.5 0.5 0.5 0.5 0.5 0.5 0.0 0.0 
0.0 0.0 0.0 0.5 0.5 0.5 0.5 0.0 0.0 0.0 
0.0 0.0 0.0 0.0 0.0 0.0 0.0 0.0 0.0 0.0 
0.0 0.0 0.0 0.0 0.0 0.0 0.0 0.0 0.0 0.0 
0.0 0.0 0.0 -6.0 -18.0 -9.0 -2.0 0.0 0.0 0.0 
0.0 0.0 -20.0 -6.0 0.0 -7.0 0.0 -6.0 0.0 0.0 
0.0 -2.0 -4.0 -7.0 -12.0 -5.0 2.0 6.0 -6.0 0.0 
0.0 -11.0 1.0 -4.0 -1.0 -10.0 12.0 0.0 -21.0 0.0 
0.0 -21.0 -5.0 0.0 -12.0 -8.0 -23.0 0.0 -7.0 0.0 
0.0 -15.0 1.0 -12.0 -7.0 -11.0 -18.0 22.0 -1.0 0.0 
0.0 0.0 -3.0 -6.0 -6.0 -5.0 -22.0 16.0 0.0 0.0 
0.0 0.0 0.0 -11.0 -9.0 -2.0 -12.0 0.0 0.0 0.0 
0.0 0.0 0.0 0.0 0.0 0.0 0.0 0.0 0.0 0.0 
0.0 0.0 0.0 0.0 0.0 0.0 0.0 0.0 0.0 0.0 
0.0 0.0 0.0 2.0 0.5 1.0 50.0 0.0 0.0 0.0 
0.0 0.0 0.5 1.0 50.0 1.0 50.0 5.0 0.0 0.0 
0.0 50.0 5.0 0.5 0.5 1.0 50.0 50.0 2.0 0.0 
1.0 0.5 50.0 1.0 50.0 0.5 0.5 0.0 0.5 0.0 
5.0 0.5 1.0 50.0 0.5 0.5 0.5 0.0 1.0 0.0 
0.0 0.5 50.0 0.5 0.5 0.5 0.5 0.5 0.5 0.0 
0.0 0.0 50.0 1.0 1.0 1.0 0.5 0.5 0.0 0.0 
0.0 0.0 0.0 0.5 0.5 50.0 0.5 0.0 0.0 0.0 
0.0 0.0 0.0 0.0 0.0 0.0 0.0 0.0 0.0 0.0 
