y
y
15
Esquerdo
0.0 0.0 0.0 0.0 0.0 0.0 0.0 0.0 0.0 0.0 
0.0 0.0 0.0 5.0 2.0 0.0 4.0 0.0 0.0 0.0 
0.0 0.0 5.0 4.0 9.0 13.0 7.0 5.0 0.0 0.0 
0.0 4.0 8.0 5.0 4.0 0.0 7.0 5.0 5.0 0.0 
0.0 8.0 5.0 5.0 8.0 5.0 12.0 12.0 10.0 0.0 
0.0 7.0 0.0 7.0 14.0 12.0 7.0 6.0 5.0 0.0 
0.0 7.0 5.0 5.0 6.0 11.0 6.0 13.0 7.0 0.0 
0.0 0.0 7.0 13.0 12.0 5.0 6.0 10.0 0.0 0.0 
0.0 0.0 0.0 3.0 10.0 3.0 6.0 0.0 0.0 0.0 
0.0 0.0 0.0 0.0 0.0 0.0 0.0 0.0 0.0 0.0 
0.0 0.0 0.0 0.0 0.0 0.0 0.0 0.0 0.0 0.0 
0.0 0.0 0.0 -25.0 -28.0 -30.0 -27.0 0.0 0.0 0.0 
0.0 0.0 26.0 -28.0 -23.0 -20.0 -25.0 -27.0 0.0 0.0 
0.0 28.0 25.0 -28.0 -30.0 -34.0 -27.0 -28.0 -27.0 0.0 
0.0 -25.0 0.0 -29.0 -27.0 -30.0 -23.0 -22.0 -23.0 0.0 
0.0 -26.0 0.0 -27.0 -21.0 -23.0 -28.0 -28.0 -28.0 0.0 
0.0 26.0 28.0 -29.0 -29.0 -23.0 -28.0 -20.0 -25.0 0.0 
0.0 0.0 26.0 -20.0 -21.0 -28.0 -27.0 -22.0 0.0 0.0 
0.0 0.0 0.0 -29.0 -22.0 -29.0 -25.0 0.0 0.0 0.0 
0.0 0.0 0.0 0.0 0.0 0.0 0.0 0.0 0.0 0.0 
0.0 0.0 0.0 0.0 0.0 0.0 0.0 0.0 0.0 0.0 
0.0 0.0 0.0 0.5 0.5 0.5 0.5 0.0 0.0 0.0 
0.0 0.0 0.5 0.5 0.5 0.5 0.5 0.5 0.0 0.0 
0.0 0.5 0.5 0.5 0.5 0.5 0.5 0.5 0.5 0.0 
0.0 0.5 0.0 0.5 0.5 0.5 0.5 0.5 0.5 0.0 
0.0 0.5 0.0 0.5 0.5 0.5 0.5 0.5 0.5 0.0 
0.0 0.5 0.5 0.5 0.5 0.5 0.5 0.5 0.5 0.0 
0.0 0.0 0.5 0.5 0.5 0.5 0.5 0.5 0.0 0.0 
0.0 0.0 0.0 0.5 0.5 0.5 0.5 0.0 0.0 0.0 
0.0 0.0 0.0 0.0 0.0 0.0 0.0 0.0 0.0 0.0 
-1.0 -1.0 -1.0 -1.0 -1.0 -1.0 -1.0 -1.0 -1.0 -1.0 
-1.0 -1.0 -1.0 -1.0 -1.0 -1.0 -1.0 -1.0 -1.0 -1.0 
-1.0 -1.0 -1.0 -1.0 -1.0 -1.0 -1.0 -1.0 -1.0 -1.0 
-1.0 -1.0 -1.0 -1.0 -1.0 -1.0 -1.0 -1.0 -1.0 -1.0 
-1.0 -1.0 -1.0 -1.0 -1.0 -1.0 -1.0 -1.0 -1.0 -1.0 
-1.0 -1.0 -1.0 -1.0 -1.0 -1.0 -1.0 -1.0 -1.0 -1.0 
-1.0 -1.0 -1.0 -1.0 -1.0 -1.0 -1.0 -1.0 -1.0 -1.0 
-1.0 -1.0 -1.0 -1.0 -1.0 -1.0 -1.0 -1.0 -1.0 -1.0 
-1.0 -1.0 -1.0 -1.0 -1.0 -1.0 -1.0 -1.0 -1.0 -1.0 
-1.0 -1.0 -1.0 -1.0 -1.0 -1.0 -1.0 -1.0 -1.0 -1.0 
-1.0 -1.0 -1.0 -1.0 -1.0 -1.0 -1.0 -1.0 -1.0 -1.0 
-1.0 -1.0 -1.0 -1.0 -1.0 -1.0 -1.0 -1.0 -1.0 -1.0 
-1.0 -1.0 -1.0 -1.0 -1.0 -1.0 -1.0 -1.0 -1.0 -1.0 
-1.0 -1.0 -1.0 -1.0 -1.0 -1.0 -1.0 -1.0 -1.0 -1.0 
-1.0 -1.0 -1.0 -1.0 -1.0 -1.0 -1.0 -1.0 -1.0 -1.0 
-1.0 -1.0 -1.0 -1.0 -1.0 -1.0 -1.0 -1.0 -1.0 -1.0 
-1.0 -1.0 -1.0 -1.0 -1.0 -1.0 -1.0 -1.0 -1.0 -1.0 
-1.0 -1.0 -1.0 -1.0 -1.0 -1.0 -1.0 -1.0 -1.0 -1.0 
-1.0 -1.0 -1.0 -1.0 -1.0 -1.0 -1.0 -1.0 -1.0 -1.0 
-1.0 -1.0 -1.0 -1.0 -1.0 -1.0 -1.0 -1.0 -1.0 -1.0 
