y
y
55
Direito
0.0 0.0 0.0 0.0 0.0 0.0 0.0 0.0 0.0 0.0 
0.0 0.0 0.0 35.0 32.0 33.0 36.0 0.0 0.0 0.0 
0.0 0.0 31.0 33.0 32.0 33.0 33.0 31.0 0.0 0.0 
0.0 34.0 34.0 35.0 35.0 33.0 34.0 34.0 37.0 0.0 
34.0 33.0 35.0 34.0 36.0 35.0 35.0 34.0 37.0 0.0 
36.0 33.0 35.0 36.0 37.0 36.0 33.0 0.0 38.0 0.0 
0.0 34.0 33.0 37.0 37.0 35.0 34.0 32.0 35.0 0.0 
0.0 0.0 37.0 35.0 33.0 32.0 33.0 37.0 0.0 0.0 
0.0 0.0 0.0 35.0 34.0 33.0 37.0 0.0 0.0 0.0 
0.0 0.0 0.0 0.0 0.0 0.0 0.0 0.0 0.0 0.0 
0.0 0.0 0.0 0.0 0.0 0.0 0.0 0.0 0.0 0.0 
0.0 0.0 0.0 7.0 5.0 6.0 9.0 0.0 0.0 0.0 
0.0 0.0 2.0 3.0 2.0 3.0 4.0 3.0 0.0 0.0 
0.0 4.0 3.0 3.0 3.0 2.0 3.0 4.0 7.0 0.0 
6.0 3.0 3.0 2.0 3.0 3.0 3.0 0.0 7.0 0.0 
9.0 3.0 3.0 3.0 4.0 3.0 1.0 0.0 7.0 0.0 
0.0 5.0 1.0 5.0 4.0 2.0 2.0 1.0 5.0 0.0 
0.0 0.0 7.0 4.0 1.0 0.0 2.0 6.0 0.0 0.0 
0.0 0.0 0.0 6.0 4.0 3.0 6.0 0.0 0.0 0.0 
0.0 0.0 0.0 0.0 0.0 0.0 0.0 0.0 0.0 0.0 
0.0 0.0 0.0 0.0 0.0 0.0 0.0 0.0 0.0 0.0 
0.0 0.0 0.0 50.0 50.0 50.0 50.0 0.0 0.0 0.0 
0.0 0.0 50.0 50.0 50.0 50.0 50.0 50.0 0.0 0.0 
0.0 50.0 50.0 50.0 50.0 50.0 50.0 50.0 50.0 0.0 
50.0 50.0 50.0 50.0 50.0 50.0 50.0 0.0 50.0 0.0 
50.0 50.0 50.0 50.0 50.0 50.0 50.0 0.0 50.0 0.0 
0.0 50.0 50.0 50.0 50.0 50.0 50.0 50.0 50.0 0.0 
0.0 0.0 50.0 50.0 50.0 50.0 50.0 50.0 0.0 0.0 
0.0 0.0 0.0 50.0 50.0 50.0 50.0 0.0 0.0 0.0 
0.0 0.0 0.0 0.0 0.0 0.0 0.0 0.0 0.0 0.0 
0.0 0.0 0.0 0.0 0.0 0.0 0.0 0.0 0.0 0.0 
0.0 0.0 0.0 1.0 -2.0 0.0 2.0 0.0 0.0 0.0 
0.0 0.0 -5.0 -4.0 -4.0 -3.0 -2.0 -4.0 0.0 0.0 
0.0 -2.0 -4.0 -4.0 -3.0 -5.0 -4.0 -3.0 1.0 0.0 
0.0 -3.0 -4.0 -5.0 -4.0 -4.0 -4.0 0.0 0.0 0.0 
0.0 -3.0 -3.0 -3.0 -2.0 -4.0 -6.0 0.0 1.0 0.0 
0.0 -2.0 -5.0 -2.0 -2.0 -4.0 -4.0 -5.0 -2.0 0.0 
0.0 0.0 0.0 -2.0 -5.0 -6.0 -5.0 -1.0 0.0 0.0 
0.0 0.0 0.0 -1.0 -2.0 -3.0 0.0 0.0 0.0 0.0 
0.0 0.0 0.0 0.0 0.0 0.0 0.0 0.0 0.0 0.0 
0.0 0.0 0.0 0.0 0.0 0.0 0.0 0.0 0.0 0.0 
0.0 0.0 0.0 50.0 50.0 50.0 50.0 0.0 0.0 0.0 
0.0 0.0 5.0 5.0 5.0 50.0 50.0 50.0 0.0 0.0 
0.0 50.0 5.0 5.0 5.0 2.0 5.0 50.0 50.0 0.0 
50.0 50.0 5.0 0.5 5.0 5.0 5.0 0.0 50.0 0.0 
50.0 50.0 5.0 5.0 50.0 5.0 1.0 0.0 50.0 0.0 
0.0 50.0 1.0 50.0 50.0 2.0 2.0 2.0 50.0 0.0 
0.0 0.0 50.0 50.0 1.0 1.0 1.0 50.0 0.0 0.0 
0.0 0.0 0.0 50.0 50.0 5.0 50.0 0.0 0.0 0.0 
0.0 0.0 0.0 0.0 0.0 0.0 0.0 0.0 0.0 0.0 
