v1.0
#head
personName-Jose Sotomayor
birthdate-01/01/1990
age-26
date-08/04/2016
stimulus-0
blindspot-1
blindspotsize-1
time-00:00:00
strategy-1
#righteye
timetest-208
fneg-0
fnegtests-7
fpos-0
fpostests-3
fixationlosses-5
fixationlossestests-10
firings-208
visualfield- 
0,0 0,0 0,0 0,0 0,0 0,0 0,0 0,0 0,0 0,0
0,0 0,0 0,0 2,4 3,3 2,3 2,3 0,0 0,0 0,0
0,0 0,0 2,3 3,3 3,5 3,3 2,3 2,3 0,0 0,0
0,0 3,4 1,3 2,3 2,3 3,3 2,3 3,3 2,4 0,0
0,0 0,0 0,0 3,3 2,3 3,3 3,3 3,4 2,4 0,0
0,0 0,0 0,0 3,3 3,3 3,3 4,4 4,4 3,4 0,0
0,0 2,4 2,3 2,3 3,3 4,4 5,5 3,4 3,5 0,0
0,0 0,0 2,3 1,3 2,3 2,3 2,4 3,4 0,0 0,0
0,0 0,0 0,0 3,4 2,4 3,4 2,5 0,0 0,0 0,0
0,0 0,0 0,0 0,0 0,0 0,0 0,0 0,0 0,0 0,0
minintensity- 
1.0 1.0 1.0 1.0 1.0 1.0 1.0 1.0 1.0 1.0
1.0 1.0 1.0 0.23919700027024995 0.2729464103340609 0.2616656096411411 0.2789919965754004 1.0 1.0 1.0
1.0 1.0 0.2591909337909746 0.3112125501304378 0.22859886201958332 0.27973527367348 0.24827945184121827 0.2486445236156891 1.0 1.0
1.0 0.3108565971980867 0.2594231526204154 0.28630090821760945 0.22392686342284054 0.21807764041257127 0.2158005397210414 0.2513996273450632 0.3137096374419946 1.0
1.0 0.2937368234959136 0.2448472932090144 0.2233582318937528 0.22204969420252216 0.22355519138405844 0.22581001689281674 0.22755949287397417 0.2550666830101153 1.0
1.0 0.5503374239166824 0.3310682773007046 0.22299805355221936 0.24536183795495053 0.2222883376890736 0.22325355245520057 0.2825738582431473 0.31008106328239754 1.0
1.0 0.23159513403461354 0.2820837723639353 0.25092981095431677 0.24825912423526356 0.22422230267135007 0.2508303670813071 0.22977678716205008 0.2738864663114017 1.0
1.0 1.0 0.2906808025311337 0.22782868873624693 0.3446973707324647 0.22634917005892466 0.22287799678820322 0.25003622454547225 1.0 1.0
1.0 1.0 1.0 0.2621030574621834 0.23106447068026487 0.23106447068026487 0.26050624147790213 1.0 1.0 1.0
1.0 1.0 1.0 1.0 1.0 1.0 1.0 1.0 1.0 1.0
deviation- 
0.0 0.0 0.0 0.0 0.0 0.0 0.0 0.0 0.0 0.0
0.0 0.0 0.0 0.0 0.0 0.0 0.0 0.0 0.0 0.0
0.0 0.0 0.0 0.0 0.0 0.0 0.0 0.0 0.0 0.0
0.0 0.0 0.0 0.0 0.0 0.0 0.0 0.0 0.0 0.0
0.0 0.0 0.0 0.0 0.0 0.0 0.0 0.0 0.0 0.0
0.0 0.0 0.0 0.0 0.0 0.0 0.0 0.0 0.0 0.0
0.0 0.0 0.0 0.0 0.0 0.0 0.0 0.0 0.0 0.0
0.0 0.0 0.0 0.0 0.0 0.0 0.0 0.0 0.0 0.0
0.0 0.0 0.0 0.0 0.0 0.0 0.0 0.0 0.0 0.0
0.0 0.0 0.0 0.0 0.0 0.0 0.0 0.0 0.0 0.0
pointenable- 
n n n n n n n n n n
n n n y y y y n n n
n n y y y y y y n n
n y y y y y y y y n
n y y y y y y y y n
n y y y y y y y y n
n y y y y y y y y n
n n y y y y y y n n
n n n y y y y n n n
n n n n n n n n n n
