#head
personName-Rodrigo
birthdate-01/01/1990
age-26
date-12/04/2016
stimulus-0
blindspot-1
blindspotsize-1
time-12:47:39
strategy-1
#lefteye
timetest-209
fneg-0
fnegtests-7
fpos-0
fpostests-3
fixationlosses-3
fixationlossestests-10
firings-209
visualfield- 
0,0 0,0 0,0 0,0 0,0 0,0 0,0 0,0 0,0 0,0
0,0 0,0 0,0 2,4 1,3 2,3 1,3 0,0 0,0 0,0
0,0 0,0 2,3 3,3 3,3 3,3 2,3 2,3 0,0 0,0
0,0 2,4 2,3 3,3 3,3 3,3 3,3 3,3 3,4 0,0
0,0 0,0 0,0 3,3 3,3 3,3 3,3 4,4 4,4 0,0
0,0 0,0 0,0 3,3 3,3 3,3 4,4 3,4 3,4 0,0
0,0 2,4 2,3 3,3 3,3 4,4 4,5 4,4 5,5 0,0
0,0 0,0 2,3 2,3 2,3 2,3 1,3 3,4 0,0 0,0
0,0 0,0 0,0 3,4 2,4 4,5 2,4 0,0 0,0 0,0
0,0 0,0 0,0 0,0 0,0 0,0 0,0 0,0 0,0 0,0
minintensity- 
1.0 1.0 1.0 1.0 1.0 1.0 1.0 1.0 1.0 1.0
1.0 1.0 1.0 0.2614903376860352 0.32069137395627223 0.2605800067994675 0.31932587762642073 1.0 1.0 1.0
1.0 1.0 0.23027259212757323 0.22754458169446973 0.2218612266255041 0.22606690937653867 0.24495039640462848 0.22498707191343517 1.0 1.0
1.0 0.2628358831774308 0.2546576885428907 0.2254513394580022 0.22411670352805987 0.22410250527348602 0.22540164556699369 0.22965402281186303 0.23692352915367643 1.0
1.0 0.30520928115228335 0.4172862879864091 0.22296890800092306 0.22267796125434128 0.222259281789748 0.22322437343694607 0.22752974829496692 0.22752974829496692 1.0
1.0 0.23125024588533602 0.24481529012070755 0.2233290433030944 0.22202066997624037 0.22352596457669546 0.22578050019260998 0.2550333432050607 0.2550333432050607 1.0
1.0 0.27382932547669286 0.25928454475214546 0.22878726373967478 0.22380722594789537 0.21796112995450137 0.23126359113480244 0.2256861174122826 0.21631193351956432 1.0
1.0 1.0 0.25886772026043686 0.25553708825995 0.25637785295001075 0.2530075304290776 0.29568995447711893 0.2483344479760127 1.0 1.0
1.0 1.0 1.0 0.25772243025006203 0.2902682791299847 0.301444083649139 0.2783398068721895 1.0 1.0 1.0
1.0 1.0 1.0 1.0 1.0 1.0 1.0 1.0 1.0 1.0
deviation- 
0.0 0.0 0.0 0.0 0.0 0.0 0.0 0.0 0.0 0.0
0.0 0.0 0.0 0.0 0.0 0.0 0.0 0.0 0.0 0.0
0.0 0.0 0.0 0.0 0.0 0.0 0.0 0.0 0.0 0.0
0.0 0.0 0.0 0.0 0.0 0.0 0.0 0.0 0.0 0.0
0.0 0.0 0.0 0.0 0.0 0.0 0.0 0.0 0.0 0.0
0.0 0.0 0.0 0.0 0.0 0.0 0.0 0.0 0.0 0.0
0.0 0.0 0.0 0.0 0.0 0.0 0.0 0.0 0.0 0.0
0.0 0.0 0.0 0.0 0.0 0.0 0.0 0.0 0.0 0.0
0.0 0.0 0.0 0.0 0.0 0.0 0.0 0.0 0.0 0.0
0.0 0.0 0.0 0.0 0.0 0.0 0.0 0.0 0.0 0.0
pointenable- 
n n n n n n n n n n
n n n y y y y n n n
n n y y y y y y n n
n y y y y y y y y n
n y y y y y y y y n
n y y y y y y y y n
n y y y y y y y y n
n n y y y y y y n n
n n n y y y y n n n
n n n n n n n n n n
#righteye
timetest-200
fneg-0
fnegtests-7
fpos-0
fpostests-3
fixationlosses-0
fixationlossestests-10
firings-200
visualfield- 
0,0 0,0 0,0 0,0 0,0 0,0 0,0 0,0 0,0 0,0
0,0 0,0 0,0 3,4 3,3 3,3 2,3 0,0 0,0 0,0
0,0 0,0 2,3 3,3 3,3 3,3 3,3 2,3 0,0 0,0
0,0 3,4 2,3 3,3 3,3 2,3 2,3 2,3 3,4 0,0
0,0 3,4 3,3 2,3 3,3 3,3 3,3 0,0 0,0 0,0
0,0 4,4 2,3 3,3 3,3 3,3 3,4 0,0 0,0 0,0
0,0 4,4 3,3 3,3 3,3 4,4 4,5 3,4 4,5 0,0
0,0 0,0 2,3 3,3 3,3 2,3 2,3 2,4 0,0 0,0
0,0 0,0 0,0 3,4 3,4 3,4 2,4 0,0 0,0 0,0
0,0 0,0 0,0 0,0 0,0 0,0 0,0 0,0 0,0 0,0
minintensity- 
1.0 1.0 1.0 1.0 1.0 1.0 1.0 1.0 1.0 1.0
1.0 1.0 1.0 0.23097948866434892 0.23052432322106509 0.23052432322106509 0.2598972586345418 1.0 1.0 1.0
1.0 1.0 0.2602954550908357 0.22754458169446973 0.2218612266255041 0.22606690937653867 0.22260006278446962 0.2497244146625596 1.0 1.0
1.0 0.24715364128737358 0.2546576885428907 0.2254513394580022 0.22411670352805987 0.24809809492977003 0.22540164556699369 0.25920113000652406 0.2553318359219136 1.0
1.0 0.2300784756041332 0.22558742872015905 0.245911662616973 0.22267796125434128 0.222259281789748 0.22322437343694607 0.2550333432050607 0.2550333432050607 1.0
1.0 0.21563819963510458 0.24481529012070755 0.2233290433030944 0.22202066997624037 0.22352596457669546 0.25153484700034684 0.2550333432050607 0.3375441279353422 1.0
1.0 0.21853751808207472 0.22969573018467374 0.22878726373967478 0.22380722594789537 0.21796112995450137 0.24684192889360265 0.25126531920736317 0.23251695142192666 1.0
1.0 1.0 0.25886772026043686 0.22789340871213035 0.22831379105716076 0.279386431061461 0.24796984182071485 0.2643626875799134 1.0 1.0
1.0 1.0 1.0 0.23863783338092892 0.2363884954375915 0.2610539060465485 0.2783398068721895 1.0 1.0 1.0
1.0 1.0 1.0 1.0 1.0 1.0 1.0 1.0 1.0 1.0
deviation- 
0.0 0.0 0.0 0.0 0.0 0.0 0.0 0.0 0.0 0.0
0.0 0.0 0.0 0.0 0.0 0.0 0.0 0.0 0.0 0.0
0.0 0.0 0.0 0.0 0.0 0.0 0.0 0.0 0.0 0.0
0.0 0.0 0.0 0.0 0.0 0.0 0.0 0.0 0.0 0.0
0.0 0.0 0.0 0.0 0.0 0.0 0.0 0.0 0.0 0.0
0.0 0.0 0.0 0.0 0.0 0.0 0.0 0.0 0.0 0.0
0.0 0.0 0.0 0.0 0.0 0.0 0.0 0.0 0.0 0.0
0.0 0.0 0.0 0.0 0.0 0.0 0.0 0.0 0.0 0.0
0.0 0.0 0.0 0.0 0.0 0.0 0.0 0.0 0.0 0.0
0.0 0.0 0.0 0.0 0.0 0.0 0.0 0.0 0.0 0.0
pointenable- 
n n n n n n n n n n
n n n y y y y n n n
n n y y y y y y n n
n y y y y y y y y n
n y y y y y y y y n
n y y y y y y y y n
n y y y y y y y y n
n n y y y y y y n n
n n n y y y y n n n
n n n n n n n n n n
