1,3
-21.024165302623686 7.497928865010067 -1.0000245015533626
-21.024165302623686 7.497928865010067 -1.0000245015533626
1,4
-9.670137273253891 7.836053892378581 -0.9999995044224428
-9.670137273253891 7.836053892378581 -0.9999995044224428
1,5
-18.512817589811036 1.7679005617825108 -1.0000100460781853
-18.512817589811036 1.7679005617825108 -1.0000100460781853
1,6
-14.270984009727211 6.9265023766214675 -0.9999953897943057
-14.270984009727211 6.9265023766214675 -0.9999953897943057
2,2
-7.044421671248086 7.2096889242193445 -0.9999937699842816
-7.044421671248086 7.2096889242193445 -0.9999937699842816
2,3
-20.63286998930655 9.578531994025091 -1.0000015798958901
-20.63286998930655 9.578531994025091 -1.0000015798958901
2,4
-19.800605101825766 9.66709929174403 -1.0000082841829236
-19.800605101825766 9.66709929174403 -1.0000082841829236
2,5
-5.572253154892134 3.7876241951329996 -1.000046325740387
-5.572253154892134 3.7876241951329996 -1.000046325740387
2,6
-8.89607807981168 10.411035298905201 -0.9999918621156749
-8.89607807981168 10.411035298905201 -0.9999918621156749
2,7
-16.65325088444114 11.328402323224054 -0.9999974136808134
-16.65325088444114 11.328402323224054 -0.9999974136808134
3,1
-11.30079497319678 10.06792530614196 -0.9999890701531178
-11.30079497319678 10.06792530614196 -0.9999890701531178
3,2
-12.193586332861722 10.044311266823861 -0.9999916331553895
-12.193586332861722 10.044311266823861 -0.9999916331553895
3,3
-9.716647819747866 6.610795508607929 -1.0000006698754613
-9.716647819747866 6.610795508607929 -1.0000006698754613
3,4
-9.457255895944328 10.581885368853683 -0.9999986211852163
-9.457255895944328 10.581885368853683 -0.9999986211852163
3,5
-0.8341679095505404 9.178282287784015 -1.0383608469547019
-0.8341679095505404 9.178282287784015 -1.0383608469547019
3,6
-7.153478863198058 11.105817047873654 -0.999991599168707
-7.153478863198058 11.105817047873654 -0.999991599168707
3,7
-8.182100814828747 8.339732531445172 -0.9999852294614466
-8.182100814828747 8.339732531445172 -0.9999852294614466
3,8
-10.770217651078653 7.931963075695789 -1.0000059140985535
-10.770217651078653 7.931963075695789 -1.0000059140985535
4,1
-19.105748369379782 8.933861140013615 -0.9999966104129843
-19.105748369379782 8.933861140013615 -0.9999966104129843
4,3
-8.899686984360173 11.435255285259341 -0.9999961187486857
-8.899686984360173 11.435255285259341 -0.9999961187486857
4,4
-14.21835302936575 11.857181521278706 -0.9999968494359559
-14.21835302936575 11.857181521278706 -0.9999968494359559
4,5
-6.136432130636161 6.608878184998364 -1.0000201938687483
-6.136432130636161 6.608878184998364 -1.0000201938687483
4,6
-10.025771456573727 14.652551417272136 -0.9999935727673839
-10.025771456573727 14.652551417272136 -0.9999935727673839
4,7
-20.258098105931076 13.63184544279741 -0.7500053129090756
-20.258098105931076 13.63184544279741 -0.7500053129090756
4,8
-21.715964802754307 11.718740591924487 -0.9999885974584118
-21.715964802754307 11.718740591924487 -0.9999885974584118
5,1
-13.354553980084642 13.047932801072044 -0.9999970541118193
-13.354553980084642 13.047932801072044 -0.9999970541118193
5,3
-13.929363799863303 12.995751539989094 -0.9999963317870003
-13.929363799863303 12.995751539989094 -0.9999963317870003
5,4
-61.915239585024466 12.589037638405678 -0.999992122107427
-61.915239585024466 12.589037638405678 -0.999992122107427
5,5
-12.555757660509354 12.944394990587114 -0.9999970031247913
-12.555757660509354 12.944394990587114 -0.9999970031247913
5,6
-9.55435510653044 7.885018356275555 -1.0000607987710723
-9.55435510653044 7.885018356275555 -1.0000607987710723
5,7
-1.1905018826495657 11.802499280422783 -1.029659826304934
-1.1905018826495657 11.802499280422783 -1.029659826304934
5,8
-17.22554216527674 7.6238320827131165 -1.000009662636229
-17.22554216527674 7.6238320827131165 -1.000009662636229
6,1
-16.84447825689199 12.142173992932324 -1.000001772106594
-16.84447825689199 12.142173992932324 -1.000001772106594
6,2
-19.76284820466898 12.605512429687039 -1.0000128576776568
-19.76284820466898 12.605512429687039 -1.0000128576776568
6,3
-7.247205524490907 7.63250105707818 -1.000022670535674
-7.247205524490907 7.63250105707818 -1.000022670535674
6,4
-6.5714784002993 9.58638639615431 -0.9999927423029793
-6.5714784002993 9.58638639615431 -0.9999927423029793
6,5
-24.934570097862256 13.824033349227829 -0.9999925690527394
-24.934570097862256 13.824033349227829 -0.9999925690527394
6,6
-12.690952228174567 11.064542995174648 -1.0000109197168952
-12.690952228174567 11.064542995174648 -1.0000109197168952
6,7
-41.03116410446985 13.275148603875557 -0.9999978333487092
-41.03116410446985 13.275148603875557 -0.9999978333487092
6,8
-10.053786841589833 8.301508681573345 -0.9999939193201414
-10.053786841589833 8.301508681573345 -0.9999939193201414
7,2
-11.71840034733211 8.991773419064668 -1.0000103954700035
-11.71840034733211 8.991773419064668 -1.0000103954700035
7,3
-10.166745047458953 12.891936722065353 -1.0000241971724626
-10.166745047458953 12.891936722065353 -1.0000241971724626
7,4
-22.501249275609865 5.735448793041256 -1.0000065845347916
-22.501249275609865 5.735448793041256 -1.0000065845347916
7,5
-26.038536954666615 13.028227292287058 -0.9999942094760783
-26.038536954666615 13.028227292287058 -0.9999942094760783
7,6
-37.10445421399932 14.28808708778367 -1.0000147773496086
-37.10445421399932 14.28808708778367 -1.0000147773496086
7,7
-7.955652099307313 7.353089717995478 -0.9999893380955557
-7.955652099307313 7.353089717995478 -0.9999893380955557
8,3
-15.258683724834743 13.031609291160969 -1.0000038795402681
-15.258683724834743 13.031609291160969 -1.0000038795402681
8,4
-6.873498995561118 12.252139690324036 -0.9999990239589505
-6.873498995561118 12.252139690324036 -0.9999990239589505
8,5
-7.675052207090699 10.804413773703839 -1.0000011251574648
-7.675052207090699 10.804413773703839 -1.0000011251574648
8,6
-13.490771925263225 11.889887862358442 -1.0000121826842685
-13.490771925263225 11.889887862358442 -1.0000121826842685
