1,3
5.8933415349835325 20.27511524566753 30.30002645866119
5.8933415349835325 20.27511524566753 30.30002645866119
1,4
-13.44663559864172 -0.0818311005355721 -1.001358303632426
-13.44663559864172 -0.0818311005355721 -1.001358303632426
1,5
-20.712499939988398 4.995190020068071 -2.1048227864802387
-20.712499939988398 4.995190020068071 -2.1048227864802387
1,6
-52.77164332797572 10.346435432570978 -1.0000061685236719
-52.77164332797572 10.346435432570978 -1.0000061685236719
2,2
-8.37785554001028 -0.12947507072770792 -0.9896019574065378
-8.37785554001028 -0.12947507072770792 -0.9896019574065378
2,3
9.308007615891572 22.830186509392746 26.000002464048674
9.308007615891572 22.830186509392746 26.000002464048674
2,4
10.741612042541007 15.027405763223875 32.06251039516759
10.741612042541007 15.027405763223875 32.06251039516759
2,5
-7.641061277212468 3.3981189167414794 -1.000004827879478
-7.641061277212468 3.3981189167414794 -1.000004827879478
2,6
60.185613949774336 17.030238715806952 35.85714361697934
60.185613949774336 17.030238715806952 35.85714361697934
2,7
25.80287996394186 17.966992105329403 33.49999098878186
25.80287996394186 17.966992105329403 33.49999098878186
3,1
-12.694394098427853 6.21393777098692 -1.0000032714913196
-12.694394098427853 6.21393777098692 -1.0000032714913196
3,2
-24.761795376907124 14.065563997286283 -0.9999856117240611
-24.761795376907124 14.065563997286283 -0.9999856117240611
3,3
-8.530721867280665 8.092160663262897 -0.9999843322202856
-8.530721867280665 8.092160663262897 -0.9999843322202856
3,4
-40.76251006666343 7.503918674080488 -0.6249850607065863
-40.76251006666343 7.503918674080488 -0.6249850607065863
3,5
7.456536195863116 24.153452931412275 20.699985861874467
7.456536195863116 24.153452931412275 20.699985861874467
3,6
10.668034886719717 15.380393386543851 29.42855216343287
10.668034886719717 15.380393386543851 29.42855216343287
3,7
9.742127080509508 20.85795900678272 35.85713505603712
9.742127080509508 20.85795900678272 35.85713505603712
3,8
16.933779465436423 16.593302755553673 33.50000877943704
16.933779465436423 16.593302755553673 33.50000877943704
4,1
-17.90750699368438 5.776126457944009 -0.9999917205076414
-17.90750699368438 5.776126457944009 -0.9999917205076414
4,2
-38.216217136587034 13.289436426708164 -1.0000213341932014
-38.216217136587034 13.289436426708164 -1.0000213341932014
4,3
-16.3426402933604 14.104485605339104 -0.9999993961490024
-16.3426402933604 14.104485605339104 -0.9999993961490024
4,4
-6.966532336439752 7.409526813367179 -1.0000467927760996
-6.966532336439752 7.409526813367179 -1.0000467927760996
4,5
-12.958893158677796 9.020806965868143 -0.999994268069128
-12.958893158677796 9.020806965868143 -0.999994268069128
4,6
-33.90327756246703 7.3489399267912265 -0.9999970695909126
-33.90327756246703 7.3489399267912265 -0.9999970695909126
4,8
1.739538060227738 18.09618565373394 21.1999646973696
1.739538060227738 18.09618565373394 21.1999646973696
5,1
-9.785234920469552 5.820945181980114 -0.24999255490823336
-9.785234920469552 5.820945181980114 -0.24999255490823336
5,2
-10.356108087801605 4.928732755831989 -1.0000959057894705
-10.356108087801605 4.928732755831989 -1.0000959057894705
5,3
-5.886996425132164 7.915431566475111 -1.0000231312788486
-5.886996425132164 7.915431566475111 -1.0000231312788486
5,4
-33.69919693666373 9.30657990159255 -1.0000123639054506
-33.69919693666373 9.30657990159255 -1.0000123639054506
5,5
-7.411914740956618 7.63250105707818 -1.000022670535674
-7.411914740956618 7.63250105707818 -1.000022670535674
5,6
-11.561928087814618 8.92112224031683 -0.6249936082131577
-11.561928087814618 8.92112224031683 -0.6249936082131577
5,8
-45.532139433043895 11.502369982486668 -0.6249997659026822
-45.532139433043895 11.502369982486668 -0.6249997659026822
6,1
-18.74864840145402 2.070159993642087 -1.2683798069451973
-18.74864840145402 2.070159993642087 -1.2683798069451973
6,2
-7.5579146589683095 6.642928818693571 -1.0077765140089103
-7.5579146589683095 6.642928818693571 -1.0077765140089103
6,3
-18.562534877298354 7.804055952302107 -0.9999981934455893
-18.562534877298354 7.804055952302107 -0.9999981934455893
6,4
18.534552826802937 23.9984607116329 35.928562648852136
18.534552826802937 23.9984607116329 35.928562648852136
6,5
3.097806487183598 18.312341749669173 29.64286242213757
3.097806487183598 18.312341749669173 29.64286242213757
6,6
-15.100324086486108 9.653474437606814 -0.624992468545222
-15.100324086486108 9.653474437606814 -0.624992468545222
6,7
-9.495637756394478 9.5607688655673 -0.624995695258612
-9.495637756394478 9.5607688655673 -0.624995695258612
6,8
18.529727931867384 24.30674187168333 30.400009066234745
18.529727931867384 24.30674187168333 30.400009066234745
7,2
-35.97991568277641 9.941822769426077 -0.9999946107783542
-35.97991568277641 9.941822769426077 -0.9999946107783542
7,3
12.733900366854101 24.709015747994457 30.300010032496047
12.733900366854101 24.709015747994457 30.300010032496047
7,4
77.18321285629423 23.04310661298623 28.857134851316555
77.18321285629423 23.04310661298623 28.857134851316555
7,5
-8.198146958800358 5.654146886312123 -1.0046941065111379
-8.198146958800358 5.654146886312123 -1.0046941065111379
7,6
-9.646499451199496 -0.11406759468594771 -1.001358303632426
-9.646499451199496 -0.11406759468594771 -1.001358303632426
7,7
-17319.355735414272 9.549422589057126 -0.49998743646637717
-17319.355735414272 9.549422589057126 -0.49998743646637717
8,3
-8.228990743954945 1.7281039352727798 -10.369064675514814
-8.228990743954945 1.7281039352727798 -10.369064675514814
8,4
12.0734192609514 18.347636689316353 33.750005828558
12.0734192609514 18.347636689316353 33.750005828558
8,5
-18.99610581957147 6.965204703826951 -2.9366353039869697
-18.99610581957147 6.965204703826951 -2.9366353039869697
8,6
10.598370964036821 34.27821029893039 33.66669531309452
10.598370964036821 34.27821029893039 33.66669531309452
