1,3
-9.85059486432679 7.738583382757282 -0.9999948622005739
-9.85059486432679 7.738583382757282 -0.9999948622005739
1,4
-7.395690132629301 3.809723977302972 -0.9999938056127284
-7.395690132629301 3.809723977302972 -0.9999938056127284
1,5
-13.370980844343544 0.9541653155641241 -1.0000023503901936
-13.370980844343544 0.9541653155641241 -1.0000023503901936
1,6
-23.02805513840797 7.669702811229068 -1.0000005279393513
-23.02805513840797 7.669702811229068 -1.0000005279393513
2,2
-3.9637048467922265 8.334864545757796 -1.000011060056291
-3.9637048467922265 8.334864545757796 -1.000011060056291
2,3
-9.368547456987962 8.273082188251653 -0.9999925854086139
-9.368547456987962 8.273082188251653 -0.9999925854086139
2,4
-28.54489305606864 10.093414921365106 -0.9999919299088366
-28.54489305606864 10.093414921365106 -0.9999919299088366
2,5
-13.016618507605966 2.9417733149802308 -0.9999765027832384
-13.016618507605966 2.9417733149802308 -0.9999765027832384
2,6
-9.645024423001452 10.45917395376608 -0.9999880673231799
-9.645024423001452 10.45917395376608 -0.9999880673231799
2,7
-7.759377921617933 6.455494872984328 -0.9999705767421292
-7.759377921617933 6.455494872984328 -0.9999705767421292
3,1
-7.738127353646494 4.901785637166252 -1.0009309224142515
-7.738127353646494 4.901785637166252 -1.0009309224142515
3,2
-14.536501395921805 10.301476212233815 -0.9999893047728605
-14.536501395921805 10.301476212233815 -0.9999893047728605
3,3
-7.470099474944153 5.597937470781757 -1.011509535617055
-7.470099474944153 5.597937470781757 -1.011509535617055
3,4
-7.207708019124968 8.052207051222403 -0.9999876150381422
-7.207708019124968 8.052207051222403 -0.9999876150381422
3,5
-10.920462801518092 5.169058233602895 -0.9999789267962679
-10.920462801518092 5.169058233602895 -0.9999789267962679
3,6
-6.924296318876137 11.180500544180013 -0.9999895704464408
-6.924296318876137 11.180500544180013 -0.9999895704464408
3,7
-7.508481907635494 7.247855825279318 -0.999984043128936
-7.508481907635494 7.247855825279318 -0.999984043128936
3,8
-19.666967908888072 8.695263540202216 -0.9999884581438527
-19.666967908888072 8.695263540202216 -0.9999884581438527
4,1
-9.58436073069132 9.201297068886017 -1.0000159692457937
-9.58436073069132 9.201297068886017 -1.0000159692457937
4,3
-7.306675883975696 9.459331740877756 -0.9999888878487976
-7.306675883975696 9.459331740877756 -0.9999888878487976
4,4
-7.704367642873516 9.253439968949813 -1.0000542087984257
-7.704367642873516 9.253439968949813 -1.0000542087984257
4,5
-7.470099474944153 5.597937470781757 -1.011509535617055
-7.470099474944153 5.597937470781757 -1.011509535617055
4,6
-7.597762602469307 13.704020932344243 -1.0000136867575014
-7.597762602469307 13.704020932344243 -1.0000136867575014
4,7
-9.642006274836998 16.1547413454105 -0.6250070238981418
-9.642006274836998 16.1547413454105 -0.6250070238981418
4,8
-13.595053161691098 10.861837625393623 -0.9999904499355439
-13.595053161691098 10.861837625393623 -0.9999904499355439
5,1
-7.271038321509958 8.307893258351616 -1.0000580609164258
-7.271038321509958 8.307893258351616 -1.0000580609164258
5,3
-18.831893328174637 13.25149313874158 -0.9999829934645924
-18.831893328174637 13.25149313874158 -0.9999829934645924
5,4
-39.75340380356981 12.312167129667902 -0.9999871628224777
-39.75340380356981 12.312167129667902 -0.9999871628224777
5,5
-13.152422448687506 12.861379981760908 -1.0000054148869322
-13.152422448687506 12.861379981760908 -1.0000054148869322
5,6
-9.673446040234978 7.8864311045510895 -1.0000823928154552
-9.673446040234978 7.8864311045510895 -1.0000823928154552
5,7
-34.432382100258394 11.30443301556388 -1.0000331323568266
-34.432382100258394 11.30443301556388 -1.0000331323568266
5,8
-17.22554216527674 7.6238320827131165 -1.000009662636229
-17.22554216527674 7.6238320827131165 -1.000009662636229
6,1
-9.174245235189412 10.492866346757264 -0.9999901416846013
-9.174245235189412 10.492866346757264 -0.9999901416846013
6,2
-19.983912986027285 10.538849930954996 -0.9999839771671808
-19.983912986027285 10.538849930954996 -0.9999839771671808
6,3
-8.530721867280665 8.092160663262897 -0.9999843322202856
-8.530721867280665 8.092160663262897 -0.9999843322202856
6,4
-7.651047332553661 6.6874786564514 -1.0051782763659696
-7.651047332553661 6.6874786564514 -1.0051782763659696
6,5
-20.482899040015585 13.542249421657836 -0.9999950939034608
-20.482899040015585 13.542249421657836 -0.9999950939034608
6,6
-17.01607575246335 10.216482338367852 -1.0000040121018317
-17.01607575246335 10.216482338367852 -1.0000040121018317
6,7
-19.437620055074305 13.510342474590098 -1.0000296899469014
-19.437620055074305 13.510342474590098 -1.0000296899469014
6,8
-10.197467563848196 8.390950652274086 -0.9999974634851506
-10.197467563848196 8.390950652274086 -0.9999974634851506
7,2
-8.021316251790978 8.31953948610498 -1.0000263292911953
-8.021316251790978 8.31953948610498 -1.0000263292911953
7,3
-20.67576259957228 16.644964855458632 -0.9999890656327868
-20.67576259957228 16.644964855458632 -0.9999890656327868
7,4
-9.887661761985935 4.769346289461177 -1.0004965383969102
-9.887661761985935 4.769346289461177 -1.0004965383969102
7,5
-40.452962737289134 13.186018066282966 -0.999991032416629
-40.452962737289134 13.186018066282966 -0.999991032416629
7,6
-30.07981851274733 14.3172128292961 -0.9993127243334788
-30.07981851274733 14.3172128292961 -0.9993127243334788
7,7
-9.65833836250172 7.9094281025413835 -0.9999767415187599
-9.65833836250172 7.9094281025413835 -0.9999767415187599
8,3
-20.07982190844304 12.140809269887262 -0.9999989400669976
-20.07982190844304 12.140809269887262 -0.9999989400669976
8,4
-7.687686291237688 12.047734499037702 -1.0000037767992809
-7.687686291237688 12.047734499037702 -1.0000037767992809
8,5
-7.922424375811186 10.658867044355016 -0.9999971168508537
-7.922424375811186 10.658867044355016 -0.9999971168508537
8,6
-7.651047332553661 6.6874786564514 -1.0051782763659696
-7.651047332553661 6.6874786564514 -1.0051782763659696
