y
y
CAIO UFRGS
17-11-1988
27
Direito
99.0
-0.48
1.66
Dentro dos limites normais
0.0 0.0 0.0 0.0 0.0 0.0 0.0 0.0 0.0 0.0 
0.0 0.0 0.0 27.0 30.0 30.0 27.0 0.0 0.0 0.0 
0.0 0.0 32.0 33.0 27.0 32.0 31.0 32.0 0.0 0.0 
0.0 32.0 34.0 35.0 33.0 34.0 31.0 32.0 30.0 0.0 
29.0 28.0 30.0 34.0 34.0 33.0 34.0 32.0 29.0 0.0 
28.0 27.0 33.0 34.0 34.0 33.0 33.0 23.0 29.0 0.0 
0.0 32.0 32.0 35.0 33.0 34.0 35.0 32.0 32.0 0.0 
0.0 0.0 33.0 33.0 33.0 32.0 32.0 30.0 0.0 0.0 
0.0 0.0 0.0 27.0 29.0 31.0 31.0 0.0 0.0 0.0 
0.0 0.0 0.0 0.0 0.0 0.0 0.0 0.0 0.0 0.0 
0.0 0.0 0.0 0.0 0.0 0.0 0.0 0.0 0.0 0.0 
0.0 0.0 0.0 -3.0 1.0 1.0 -1.0 0.0 0.0 0.0 
0.0 0.0 1.0 2.0 -5.0 0.0 0.0 1.0 0.0 0.0 
0.0 1.0 2.0 2.0 0.0 1.0 -1.0 0.0 -1.0 0.0 
0.0 3.0 -3.0 0.0 -1.0 -1.0 1.0 0.0 -2.0 0.0 
2.0 -4.0 0.0 0.0 0.0 -1.0 -1.0 0.0 -2.0 0.0 
0.0 1.0 -1.0 1.0 -1.0 0.0 1.0 -1.0 0.0 0.0 
0.0 0.0 2.0 1.0 0.0 -1.0 0.0 -2.0 0.0 0.0 
0.0 0.0 0.0 -4.0 -2.0 0.0 0.0 0.0 0.0 0.0 
0.0 0.0 0.0 0.0 0.0 0.0 0.0 0.0 0.0 0.0 
0.0 0.0 0.0 0.0 0.0 0.0 0.0 0.0 0.0 0.0 
0.0 0.0 0.0 50.0 50.0 50.0 50.0 0.0 0.0 0.0 
0.0 0.0 50.0 50.0 2.0 50.0 50.0 50.0 0.0 0.0 
0.0 50.0 50.0 50.0 50.0 50.0 50.0 50.0 50.0 0.0 
50.0 5.0 5.0 50.0 50.0 50.0 50.0 0.0 50.0 0.0 
50.0 2.0 50.0 50.0 50.0 50.0 50.0 0.0 50.0 0.0 
0.0 50.0 50.0 50.0 50.0 50.0 50.0 50.0 50.0 0.0 
0.0 0.0 50.0 50.0 50.0 50.0 50.0 50.0 0.0 0.0 
0.0 0.0 0.0 5.0 50.0 50.0 50.0 0.0 0.0 0.0 
0.0 0.0 0.0 0.0 0.0 0.0 0.0 0.0 0.0 0.0 
0.0 0.0 0.0 0.0 0.0 0.0 0.0 0.0 0.0 0.0 
0.0 0.0 0.0 -4.0 0.0 0.0 -3.0 0.0 0.0 0.0 
0.0 0.0 0.0 1.0 -6.0 -1.0 -1.0 0.0 0.0 0.0 
0.0 -1.0 0.0 1.0 -1.0 -1.0 -2.0 -1.0 -2.0 0.0 
0.0 -4.0 -4.0 -1.0 -2.0 -2.0 -1.0 0.0 -4.0 0.0 
0.0 -5.0 -2.0 -1.0 -1.0 -2.0 -2.0 0.0 -4.0 0.0 
0.0 0.0 -2.0 0.0 -2.0 -1.0 0.0 -2.0 -1.0 0.0 
0.0 0.0 1.0 -1.0 -1.0 -2.0 -2.0 -3.0 0.0 0.0 
0.0 0.0 0.0 -5.0 -4.0 -1.0 -2.0 0.0 0.0 0.0 
0.0 0.0 0.0 0.0 0.0 0.0 0.0 0.0 0.0 0.0 
0.0 0.0 0.0 0.0 0.0 0.0 0.0 0.0 0.0 0.0 
0.0 0.0 0.0 50.0 50.0 50.0 50.0 0.0 0.0 0.0 
0.0 0.0 50.0 50.0 1.0 50.0 50.0 50.0 0.0 0.0 
0.0 50.0 50.0 50.0 50.0 50.0 50.0 50.0 50.0 0.0 
50.0 5.0 2.0 50.0 50.0 50.0 50.0 0.0 50.0 0.0 
50.0 2.0 50.0 50.0 50.0 50.0 50.0 0.0 50.0 0.0 
0.0 50.0 50.0 50.0 50.0 50.0 50.0 50.0 50.0 0.0 
0.0 0.0 50.0 50.0 50.0 50.0 50.0 50.0 0.0 0.0 
0.0 0.0 0.0 2.0 5.0 50.0 50.0 0.0 0.0 0.0 
0.0 0.0 0.0 0.0 0.0 0.0 0.0 0.0 0.0 0.0 
4%
4%
1/10
16:23
03:20
11-04-2016
