v1.0
#head
personName-Sergio
birthdate-01/01/1990
age-26
date-12/04/2016
stimulus-0
blindspot-1
blindspotsize-1
time-12:00:00
strategy-1
#lefteye
timetest-215
fneg-1
fnegtests-7
fpos-1
fpostests-4
fixationlosses-1
fixationlossestests-10
firings-215
visualfield- 
0,0 0,0 0,0 0,0 0,0 0,0 0,0 0,0 0,0 0,0
0,0 0,0 0,0 0,4 0,3 1,3 3,5 0,0 0,0 0,0
0,0 0,0 3,3 2,3 3,3 2,3 3,3 3,3 0,0 0,0
0,0 1,4 3,3 3,3 3,3 3,3 3,3 2,3 3,4 0,0
0,0 0,0 0,0 3,3 3,3 3,3 3,3 3,4 3,4 0,0
0,0 0,0 0,0 2,3 2,3 2,3 4,4 4,4 4,4 0,0
0,0 2,4 3,3 2,3 2,3 3,4 4,5 4,4 5,5 0,0
0,0 0,0 2,3 2,3 2,3 2,3 2,3 3,4 0,0 0,0
0,0 0,0 0,0 2,4 4,5 4,4 3,4 0,0 0,0 0,0
0,0 0,0 0,0 0,0 0,0 0,0 0,0 0,0 0,0 0,0
minintensity- 
1.0 1.0 1.0 1.0 1.0 1.0 1.0 1.0 1.0 1.0
1.0 1.0 1.0 0.23919700027024995 0.3738393411275508 0.22118077568703345 0.25947857964100673 1.0 1.0 1.0
1.0 1.0 0.28853653364286913 0.25585615702857845 0.28479707312507857 0.27973527367348 0.2721693107182347 0.2486445236156891 1.0 1.0
1.0 0.3108565971980867 0.22981851780681078 0.28630090821760945 0.2476398438524749 0.23594139783193635 0.24697386808583827 0.2258067551691347 0.21642755794042556 1.0
1.0 0.26250863997448065 0.2448472932090144 0.2233582318937528 0.24404708566721128 0.24705806512717468 0.22581001689281674 0.22755949287397417 0.22755949287397417 1.0
1.0 0.2902210608264964 0.22561691730777664 0.22299805355221936 0.22270707034639178 0.2222883376890736 0.22325355245520057 0.2550666830101153 0.2550666830101153 1.0
1.0 0.3257388871588356 0.22750384611678254 0.22557184697376148 0.22423649615967167 0.22422230267135007 0.22552212503725666 0.25933969133089396 0.29230460468638736 1.0
1.0 1.0 0.23056011012819067 0.28248656819483625 0.2221382449094255 0.2780479972431026 0.22287799678820322 0.22526799423609567 1.0 1.0
1.0 1.0 1.0 0.3232677263422333 0.2611905826505501 0.2611905826505501 0.4067287617540505 1.0 1.0 1.0
1.0 1.0 1.0 1.0 1.0 1.0 1.0 1.0 1.0 1.0
deviation- 
0.0 0.0 0.0 0.0 0.0 0.0 0.0 0.0 0.0 0.0
0.0 0.0 0.0 0.0 0.0 0.0 0.0 0.0 0.0 0.0
0.0 0.0 0.0 0.0 0.0 0.0 0.0 0.0 0.0 0.0
0.0 0.0 0.0 0.0 0.0 0.0 0.0 0.0 0.0 0.0
0.0 0.0 0.0 0.0 0.0 0.0 0.0 0.0 0.0 0.0
0.0 0.0 0.0 0.0 0.0 0.0 0.0 0.0 0.0 0.0
0.0 0.0 0.0 0.0 0.0 0.0 0.0 0.0 0.0 0.0
0.0 0.0 0.0 0.0 0.0 0.0 0.0 0.0 0.0 0.0
0.0 0.0 0.0 0.0 0.0 0.0 0.0 0.0 0.0 0.0
0.0 0.0 0.0 0.0 0.0 0.0 0.0 0.0 0.0 0.0
pointenable- 
n n n n n n n n n n
n n n y y y y n n n
n n y y y y y y n n
n y y y y y y y y n
n y y y y y y y y n
n y y y y y y y y n
n y y y y y y y y n
n n y y y y y y n n
n n n y y y y n n n
n n n n n n n n n n
