v1.0
#head
personName-Sergio
birthdate-01/01/1990
age-26
date-12/04/2016
stimulus-0
blindspot-1
blindspotsize-1
time-12:00:00
strategy-1
#righteye
timetest-205
fneg-0
fnegtests-7
fpos-3
fpostests-5
fixationlosses-6
fixationlossestests-10
firings-205
visualfield- 
0,0 0,0 0,0 0,0 0,0 0,0 0,0 0,0 0,0 0,0
0,0 0,0 0,0 2,4 2,3 2,3 2,3 0,0 0,0 0,0
0,0 0,0 3,3 2,3 3,3 3,3 2,3 2,3 0,0 0,0
0,0 2,4 3,3 3,3 3,3 3,3 3,3 2,3 2,4 0,0
0,0 3,4 3,3 3,3 3,3 3,3 2,3 0,0 0,0 0,0
0,0 3,4 2,3 3,3 3,3 3,3 4,4 0,0 0,0 0,0
0,0 3,4 2,3 3,3 3,3 4,4 4,5 3,4 3,5 0,0
0,0 0,0 2,3 3,3 2,3 2,3 2,3 2,4 0,0 0,0
0,0 0,0 0,0 3,4 3,4 3,5 3,4 0,0 0,0 0,0
0,0 0,0 0,0 0,0 0,0 0,0 0,0 0,0 0,0 0,0
minintensity- 
1.0 1.0 1.0 1.0 1.0 1.0 1.0 1.0 1.0 1.0
1.0 1.0 1.0 0.23919700027024995 0.23694238452202027 0.44953230216248224 0.2985054135097941 1.0 1.0 1.0
1.0 1.0 0.2591909337909746 0.2281779604776488 0.25669796011244755 0.25332343709122634 0.24827945184121827 0.26469277684534576 1.0 1.0
1.0 0.2555352400956465 0.2594231526204154 0.22890955309829847 0.22392686342284054 0.21807764041257127 0.23138721135800303 0.2513996273450632 0.2650686126003365 1.0
1.0 0.24689456311687333 0.2448472932090144 0.2233582318937528 0.22204969420252216 0.22355519138405844 0.22581001689281674 0.22755949287397417 0.2550666830101153 1.0
1.0 0.23010855046635112 0.22561691730777664 0.22299805355221936 0.22270707034639178 0.2222883376890736 0.24645480217256807 0.2825738582431473 0.3650954435546798 1.0
1.0 0.2629763850760209 0.22750384611678254 0.22557184697376148 0.22423649615967167 0.22422230267135007 0.22552212503725666 0.28890258059061147 0.2738864663114017 1.0
1.0 1.0 0.23056011012819067 0.25515761354577476 0.2221382449094255 0.22634917005892466 0.24525624456945413 0.25003622454547225 1.0 1.0
1.0 1.0 1.0 0.2621030574621834 0.29131670955691236 0.29131670955691236 0.2902901828618634 1.0 1.0 1.0
1.0 1.0 1.0 1.0 1.0 1.0 1.0 1.0 1.0 1.0
deviation- 
0.0 0.0 0.0 0.0 0.0 0.0 0.0 0.0 0.0 0.0
0.0 0.0 0.0 0.0 0.0 0.0 0.0 0.0 0.0 0.0
0.0 0.0 0.0 0.0 0.0 0.0 0.0 0.0 0.0 0.0
0.0 0.0 0.0 0.0 0.0 0.0 0.0 0.0 0.0 0.0
0.0 0.0 0.0 0.0 0.0 0.0 0.0 0.0 0.0 0.0
0.0 0.0 0.0 0.0 0.0 0.0 0.0 0.0 0.0 0.0
0.0 0.0 0.0 0.0 0.0 0.0 0.0 0.0 0.0 0.0
0.0 0.0 0.0 0.0 0.0 0.0 0.0 0.0 0.0 0.0
0.0 0.0 0.0 0.0 0.0 0.0 0.0 0.0 0.0 0.0
0.0 0.0 0.0 0.0 0.0 0.0 0.0 0.0 0.0 0.0
pointenable- 
n n n n n n n n n n
n n n y y y y n n n
n n y y y y y y n n
n y y y y y y y y n
n y y y y y y y y n
n y y y y y y y y n
n y y y y y y y y n
n n y y y y y y n n
n n n y y y y n n n
n n n n n n n n n n
