v1.0
#head
personName-Sergio
birthdate-01/01/1990
age-26
date-07/04/2016
stimulus-0
blindspot-1
blindspotsize-1
time-00:00:00
strategy-1
#righteye
timetest-214
fneg-0
fnegtests-7
fpos-1
fpostests-4
fixationlosses-7
fixationlossestests-10
firings-214
visualfield- 
0,0 0,0 0,0 0,0 0,0 0,0 0,0 0,0 0,0 0,0
0,0 0,0 0,0 3,5 4,5 1,3 1,3 0,0 0,0 0,0
0,0 0,0 2,3 3,3 3,5 2,3 2,3 2,3 0,0 0,0
0,0 2,4 2,3 2,3 3,3 3,3 3,3 3,3 1,7 0,0
0,0 0,0 0,0 3,3 3,3 3,3 3,3 4,4 1,4 0,0
0,0 0,0 0,0 2,3 3,3 3,3 3,5 3,4 0,4 0,0
0,0 2,4 2,3 4,5 3,3 3,4 4,6 3,4 0,4 0,0
0,0 0,0 2,3 2,3 2,3 2,3 2,3 4,5 0,0 0,0
0,0 0,0 0,0 3,4 3,4 2,4 3,4 0,0 0,0 0,0
0,0 0,0 0,0 0,0 0,0 0,0 0,0 0,0 0,0 0,0
minintensity- 
1.0 1.0 1.0 1.0 1.0 1.0 1.0 1.0 1.0 1.0
1.0 1.0 1.0 0.2583263210503851 0.2909484157720428 0.28190799674604106 0.2985054135097941 1.0 1.0 1.0
1.0 1.0 0.28853653364286913 0.25585615702857845 0.25669796011244755 0.25332343709122634 0.24827945184121827 0.2807410151552356 1.0 1.0
1.0 0.27397568252370896 0.2594231526204154 0.34377734972121815 0.22392686342284054 0.23594139783193635 0.26256053972279986 0.2513996273450632 1.0 1.0
1.0 0.26250863997448065 0.2672447884446051 0.24666417595278173 0.22204969420252216 0.22355519138405844 0.5499015973931883 0.2550666830101153 0.4201098238269621 1.0
1.0 0.27519291460757367 0.4460983424330931 0.22299805355221936 0.22270707034639178 0.2222883376890736 0.22325355245520057 0.22755949287397417 1.0 1.0
1.0 0.31004825418356874 0.2820837723639353 0.25092981095431677 0.22423649615967167 0.22422230267135007 0.22552212503725666 0.22977678716205008 1.0 1.0
1.0 1.0 0.2606204563296622 0.22782868873624693 0.43116288012507803 0.2780479972431026 0.26763447743093827 0.27480443993508197 1.0 1.0
1.0 1.0 1.0 0.3521526353837957 0.35032768576052925 0.3214428065911207 0.3200740943736708 1.0 1.0 1.0
1.0 1.0 1.0 1.0 1.0 1.0 1.0 1.0 1.0 1.0
deviation- 
0.0 0.0 0.0 0.0 0.0 0.0 0.0 0.0 0.0 0.0
0.0 0.0 0.0 0.0 0.0 0.0 0.0 0.0 0.0 0.0
0.0 0.0 0.0 0.0 0.0 0.0 0.0 0.0 0.0 0.0
0.0 0.0 0.0 0.0 0.0 0.0 0.0 0.0 0.0 0.0
0.0 0.0 0.0 0.0 0.0 0.0 0.0 0.0 0.0 0.0
0.0 0.0 0.0 0.0 0.0 0.0 0.0 0.0 0.0 0.0
0.0 0.0 0.0 0.0 0.0 0.0 0.0 0.0 0.0 0.0
0.0 0.0 0.0 0.0 0.0 0.0 0.0 0.0 0.0 0.0
0.0 0.0 0.0 0.0 0.0 0.0 0.0 0.0 0.0 0.0
0.0 0.0 0.0 0.0 0.0 0.0 0.0 0.0 0.0 0.0
pointenable- 
n n n n n n n n n n
n n n y y y y n n n
n n y y y y y y n n
n y y y y y y y y n
n y y y y y y y y n
n y y y y y y y y n
n y y y y y y y y n
n n y y y y y y n n
n n n y y y y n n n
n n n n n n n n n n
