v1.0
#head
personName-Luiza
birthdate-01/01/1990
age-26
date-13/04/2016
stimulus-0
blindspot-1
blindspotsize-1
time-12:00:00
strategy-1
#lefteye
timetest-209
fneg-0
fnegtests-7
fpos-1
fpostests-4
fixationlosses-1
fixationlossestests-10
firings-209
visualfield- 
0,0 0,0 0,0 0,0 0,0 0,0 0,0 0,0 0,0 0,0
0,0 0,0 0,0 3,4 2,3 1,3 1,3 0,0 0,0 0,0
0,0 0,0 3,3 2,3 2,3 3,3 1,3 2,3 0,0 0,0
0,0 2,4 3,3 2,3 2,3 2,3 2,3 2,3 3,5 0,0
0,0 0,0 0,0 2,3 3,3 3,3 2,3 3,4 2,4 0,0
0,0 0,0 0,0 2,3 3,3 3,3 3,4 4,4 3,4 0,0
0,0 3,4 2,3 2,3 3,3 4,4 3,5 3,4 3,5 0,0
0,0 0,0 2,3 1,3 1,3 2,3 2,4 2,5 0,0 0,0
0,0 0,0 0,0 3,4 2,4 2,4 3,5 0,0 0,0 0,0
0,0 0,0 0,0 0,0 0,0 0,0 0,0 0,0 0,0 0,0
minintensity- 
1.0 1.0 1.0 1.0 1.0 1.0 1.0 1.0 1.0 1.0
1.0 1.0 1.0 0.29658493273850156 0.2729464103340609 0.28190799674604106 0.2789919965754004 1.0 1.0 1.0
1.0 1.0 0.28853653364286913 0.3112125501304378 0.3128961861377096 0.25332343709122634 0.29605913975571746 0.5306386350668922 1.0 1.0
1.0 0.29241615477002425 0.2594231526204154 0.2576052232033908 0.22392686342284054 0.21807764041257127 0.26256053972279986 0.2513996273450632 0.2650686126003365 1.0
1.0 0.23128047135615684 0.2672447884446051 0.24666417595278173 0.22204969420252216 0.22355519138405844 0.25156773104780045 0.22755949287397417 0.2825738582431473 1.0
1.0 0.23010855046635112 1.0 0.268889555180992 0.22270707034639178 0.2222883376890736 0.22325355245520057 0.3375882385154296 0.31008106328239754 1.0
1.0 0.29435762120830183 0.22750384611678254 0.25092981095431677 0.272281737401729 0.24823070744036754 0.2508303670813071 0.28890258059061147 0.4339012892795145 1.0
1.0 1.0 0.23056011012819067 0.28248656819483625 0.24377672589213187 0.22634917005892466 0.26763447743093827 0.27480443993508197 1.0 1.0
1.0 1.0 1.0 0.24681187530609397 0.2611905826505501 0.2611905826505501 0.26050624147790213 1.0 1.0 1.0
1.0 1.0 1.0 1.0 1.0 1.0 1.0 1.0 1.0 1.0
deviation- 
0.0 0.0 0.0 0.0 0.0 0.0 0.0 0.0 0.0 0.0
0.0 0.0 0.0 0.0 0.0 0.0 0.0 0.0 0.0 0.0
0.0 0.0 0.0 0.0 0.0 0.0 0.0 0.0 0.0 0.0
0.0 0.0 0.0 0.0 0.0 0.0 0.0 0.0 0.0 0.0
0.0 0.0 0.0 0.0 0.0 0.0 0.0 0.0 0.0 0.0
0.0 0.0 0.0 0.0 0.0 0.0 0.0 0.0 0.0 0.0
0.0 0.0 0.0 0.0 0.0 0.0 0.0 0.0 0.0 0.0
0.0 0.0 0.0 0.0 0.0 0.0 0.0 0.0 0.0 0.0
0.0 0.0 0.0 0.0 0.0 0.0 0.0 0.0 0.0 0.0
0.0 0.0 0.0 0.0 0.0 0.0 0.0 0.0 0.0 0.0
pointenable- 
n n n n n n n n n n
n n n y y y y n n n
n n y y y y y y n n
n y y y y y y y y n
n y y y y y y y y n
n y y y y y y y y n
n y y y y y y y y n
n n y y y y y y n n
n n n y y y y n n n
n n n n n n n n n n
