v1.0
#head
personName-Luiza
birthdate-01/01/1990
age-26
date-13/04/2016
stimulus-0
blindspot-1
blindspotsize-1
time-12:00:00
strategy-1
#lefteye
timetest-212
fneg-0
fnegtests-7
fpos-4
fpostests-7
fixationlosses-1
fixationlossestests-10
firings-212
visualfield- 
0,0 0,0 0,0 0,0 0,0 0,0 0,0 0,0 0,0 0,0
0,0 0,0 0,0 2,4 2,3 4,6 1,3 0,0 0,0 0,0
0,0 0,0 1,3 2,3 2,3 3,3 2,3 2,3 0,0 0,0
0,0 3,4 2,3 3,3 3,3 3,3 2,3 2,3 2,4 0,0
0,0 0,0 0,0 3,3 5,7 3,3 3,3 4,4 3,4 0,0
0,0 0,0 0,0 3,3 4,5 3,3 3,4 3,4 3,4 0,0
0,0 2,4 2,3 2,3 3,3 3,4 5,5 4,4 4,5 0,0
0,0 0,0 2,3 2,3 2,3 2,3 2,3 3,4 0,0 0,0
0,0 0,0 0,0 3,4 2,4 2,4 2,5 0,0 0,0 0,0
0,0 0,0 0,0 0,0 0,0 0,0 0,0 0,0 0,0 0,0
minintensity- 
1.0 1.0 1.0 1.0 1.0 1.0 1.0 1.0 1.0 1.0
1.0 1.0 1.0 0.2583263210503851 0.3269524565201603 0.28190799674604106 0.2789919965754004 1.0 1.0 1.0
1.0 1.0 0.22984534885884686 0.25585615702857845 0.25669796011244755 0.25332343709122634 0.2721693107182347 0.2486445236156891 1.0 1.0
1.0 0.329297069444402 0.2594231526204154 0.28630090821760945 0.22392686342284054 0.23594139783193635 0.2158005397210414 0.2258067551691347 0.23264123288764493 1.0
1.0 0.21566639449854952 0.2672447884446051 0.2233582318937528 0.3167993848796867 0.22355519138405844 0.25156773104780045 0.2550666830101153 0.2825738582431473 1.0
1.0 0.23010855046635112 1.0 0.22299805355221936 0.5507021328033923 0.2222883376890736 0.22325355245520057 0.22755949287397417 0.2825738582431473 1.0
1.0 0.247285752100754 0.2547938092403589 0.22557184697376148 0.22423649615967167 0.22422230267135007 0.2508303670813071 0.25933969133089396 0.2738864663114017 1.0
1.0 1.0 0.2606204563296622 0.25515761354577476 0.24377672589213187 0.22634917005892466 0.24525624456945413 0.27480443993508197 1.0 1.0
1.0 1.0 1.0 0.2621030574621834 0.2611905826505501 0.35032768576052925 0.2902901828618634 1.0 1.0 1.0
1.0 1.0 1.0 1.0 1.0 1.0 1.0 1.0 1.0 1.0
deviation- 
0.0 0.0 0.0 0.0 0.0 0.0 0.0 0.0 0.0 0.0
0.0 0.0 0.0 0.0 0.0 0.0 0.0 0.0 0.0 0.0
0.0 0.0 0.0 0.0 0.0 0.0 0.0 0.0 0.0 0.0
0.0 0.0 0.0 0.0 0.0 0.0 0.0 0.0 0.0 0.0
0.0 0.0 0.0 0.0 0.0 0.0 0.0 0.0 0.0 0.0
0.0 0.0 0.0 0.0 0.0 0.0 0.0 0.0 0.0 0.0
0.0 0.0 0.0 0.0 0.0 0.0 0.0 0.0 0.0 0.0
0.0 0.0 0.0 0.0 0.0 0.0 0.0 0.0 0.0 0.0
0.0 0.0 0.0 0.0 0.0 0.0 0.0 0.0 0.0 0.0
0.0 0.0 0.0 0.0 0.0 0.0 0.0 0.0 0.0 0.0
pointenable- 
n n n n n n n n n n
n n n y y y y n n n
n n y y y y y y n n
n y y y y y y y y n
n y y y y y y y y n
n y y y y y y y y n
n y y y y y y y y n
n n y y y y y y n n
n n n y y y y n n n
n n n n n n n n n n
