v1.0
#head
personName-Jonas
birthdate-01/01/1990
age-26
date-08/04/2016
stimulus-0
blindspot-1
blindspotsize-1
time-00:00:00
strategy-1
#lefteye
timetest-211
fneg-0
fnegtests-7
fpos-2
fpostests-3
fixationlosses-2
fixationlossestests-10
firings-211
visualfield- 
0,0 0,0 0,0 0,0 0,0 0,0 0,0 0,0 0,0 0,0
0,0 0,0 0,0 3,4 3,3 2,3 2,3 0,0 0,0 0,0
0,0 0,0 3,3 2,3 2,3 3,3 3,3 3,3 0,0 0,0
0,0 3,4 3,3 3,3 3,3 3,3 4,5 3,3 3,4 0,0
0,0 0,0 0,0 3,3 3,3 3,3 2,3 4,4 4,4 0,0
0,0 0,0 0,0 3,3 2,3 3,3 3,4 3,4 2,3 0,0
0,0 4,4 3,3 3,3 3,3 4,4 5,5 4,4 5,5 0,0
0,0 0,0 2,3 3,3 4,5 3,3 2,3 3,4 0,0 0,0
0,0 0,0 0,0 3,4 3,4 3,4 4,5 0,0 0,0 0,0
0,0 0,0 0,0 0,0 0,0 0,0 0,0 0,0 0,0 0,0
minintensity- 
1.0 1.0 1.0 1.0 1.0 1.0 1.0 1.0 1.0 1.0
1.0 1.0 1.0 0.23919700027024995 0.23694238452202027 0.24142319266408727 0.23996517764269001 1.0 1.0 1.0
1.0 1.0 0.2591909337909746 0.2281779604776488 0.34171801265540286 0.22691160050897274 0.24827945184121827 0.2486445236156891 1.0 1.0
1.0 0.21865434033039507 0.22981851780681078 0.22890955309829847 0.22392686342284054 0.21807764041257127 0.2158005397210414 0.2258067551691347 0.21642755794042556 1.0
1.0 0.23128047135615684 0.2448472932090144 0.2233582318937528 0.24404708566721128 0.22355519138405844 0.277325430299675 0.2550666830101153 0.4201098238269621 1.0
1.0 0.2601647981948692 0.5323708912823845 0.22299805355221936 0.22270707034639178 0.2222883376890736 0.24645480217256807 0.22755949287397417 0.22755949287397417 1.0
1.0 0.247285752100754 0.22750384611678254 0.22557184697376148 0.22423649615967167 0.22422230267135007 0.33022763747705086 0.22977678716205008 0.23705017465230394 1.0
1.0 1.0 0.23056011012819067 0.28248656819483625 0.2654151919550714 0.22634917005892466 0.22287799678820322 0.22526799423609567 1.0 1.0
1.0 1.0 1.0 0.2773942246821959 0.23106447068026487 0.29131670955691236 0.26050624147790213 1.0 1.0 1.0
1.0 1.0 1.0 1.0 1.0 1.0 1.0 1.0 1.0 1.0
deviation- 
0.0 0.0 0.0 0.0 0.0 0.0 0.0 0.0 0.0 0.0
0.0 0.0 0.0 0.0 0.0 0.0 0.0 0.0 0.0 0.0
0.0 0.0 0.0 0.0 0.0 0.0 0.0 0.0 0.0 0.0
0.0 0.0 0.0 0.0 0.0 0.0 0.0 0.0 0.0 0.0
0.0 0.0 0.0 0.0 0.0 0.0 0.0 0.0 0.0 0.0
0.0 0.0 0.0 0.0 0.0 0.0 0.0 0.0 0.0 0.0
0.0 0.0 0.0 0.0 0.0 0.0 0.0 0.0 0.0 0.0
0.0 0.0 0.0 0.0 0.0 0.0 0.0 0.0 0.0 0.0
0.0 0.0 0.0 0.0 0.0 0.0 0.0 0.0 0.0 0.0
0.0 0.0 0.0 0.0 0.0 0.0 0.0 0.0 0.0 0.0
pointenable- 
n n n n n n n n n n
n n n y y y y n n n
n n y y y y y y n n
n y y y y y y y y n
n y y y y y y y y n
n y y y y y y y y n
n y y y y y y y y n
n n y y y y y y n n
n n n y y y y n n n
n n n n n n n n n n
