v1.0
#head
personName-Vinicius Breda
birthdate-01/01/1990
age-26
date-08/04/2016
stimulus-0
blindspot-1
blindspotsize-1
time-12:00:00
strategy-1
#righteye
timetest-209
fneg-0
fnegtests-7
fpos-7
fpostests-9
fixationlosses-5
fixationlossestests-10
firings-209
visualfield- 
0,0 0,0 0,0 0,0 0,0 0,0 0,0 0,0 0,0 0,0
0,0 0,0 0,0 2,4 2,3 1,3 1,3 0,0 0,0 0,0
0,0 0,0 2,3 3,3 3,3 2,3 2,3 2,3 0,0 0,0
0,0 2,4 3,3 2,3 3,3 2,3 3,3 3,3 3,4 0,0
0,0 0,0 0,0 2,3 3,3 3,3 2,3 2,3 3,4 0,0
0,0 0,0 0,0 3,3 3,3 3,3 4,4 4,4 3,4 0,0
0,0 3,4 4,5 3,3 3,3 4,5 4,5 3,4 4,5 0,0
0,0 0,0 1,3 3,3 1,3 4,5 3,3 4,4 0,0 0,0
0,0 0,0 0,0 4,4 4,4 2,4 4,5 0,0 0,0 0,0
0,0 0,0 0,0 0,0 0,0 0,0 0,0 0,0 0,0 0,0
minintensity- 
1.0 1.0 1.0 1.0 1.0 1.0 1.0 1.0 1.0 1.0
1.0 1.0 1.0 0.22006767949011477 0.2189403790840384 0.24142319266408727 0.2985054135097941 1.0 1.0 1.0
1.0 1.0 0.3178821334947637 0.2281779604776488 0.3128961861377096 0.3349689367734268 0.2243896078839687 0.21654801715637578 1.0 1.0
1.0 0.23709478275845758 0.3474131489187618 0.22890955309829847 0.22392686342284054 0.3719046988375168 0.24697386808583827 0.2513996273450632 0.2488549227439907 1.0
1.0 0.23128047135615684 0.37591483252948715 0.2233582318937528 0.22204969420252216 0.22355519138405844 0.22581001689281674 0.22755949287397417 0.2550666830101153 1.0
1.0 0.23010855046635112 1.0 0.24594380436660568 0.22270707034639178 0.2222883376890736 0.24645480217256807 0.4201098238269621 0.22755949287397417 1.0
1.0 0.29435762120830183 0.22750384611678254 0.25092981095431677 0.22423649615967167 0.2722391271185114 0.22552212503725666 0.22977678716205008 0.255468327936416 1.0
1.0 1.0 0.23056011012819067 0.22782868873624693 0.2221382449094255 0.2780479972431026 0.24525624456945413 0.27480443993508197 1.0 1.0
1.0 1.0 1.0 0.2773942246821959 0.23106447068026487 0.29131670955691236 0.2902901828618634 1.0 1.0 1.0
1.0 1.0 1.0 1.0 1.0 1.0 1.0 1.0 1.0 1.0
deviation- 
0.0 0.0 0.0 0.0 0.0 0.0 0.0 0.0 0.0 0.0
0.0 0.0 0.0 0.0 0.0 0.0 0.0 0.0 0.0 0.0
0.0 0.0 0.0 0.0 0.0 0.0 0.0 0.0 0.0 0.0
0.0 0.0 0.0 0.0 0.0 0.0 0.0 0.0 0.0 0.0
0.0 0.0 0.0 0.0 0.0 0.0 0.0 0.0 0.0 0.0
0.0 0.0 0.0 0.0 0.0 0.0 0.0 0.0 0.0 0.0
0.0 0.0 0.0 0.0 0.0 0.0 0.0 0.0 0.0 0.0
0.0 0.0 0.0 0.0 0.0 0.0 0.0 0.0 0.0 0.0
0.0 0.0 0.0 0.0 0.0 0.0 0.0 0.0 0.0 0.0
0.0 0.0 0.0 0.0 0.0 0.0 0.0 0.0 0.0 0.0
pointenable- 
n n n n n n n n n n
n n n y y y y n n n
n n y y y y y y n n
n y y y y y y y y n
n y y y y y y y y n
n y y y y y y y y n
n y y y y y y y y n
n n y y y y y y n n
n n n y y y y n n n
n n n n n n n n n n
