v1.0
#head
personName-Vinicius Breda
birthdate-01/01/1990
age-26
date-08/04/2016
stimulus-0
blindspot-1
blindspotsize-1
time-12:00:00
strategy-1
#righteye
timetest-214
fneg-1
fnegtests-7
fpos-11
fpostests-13
fixationlosses-5
fixationlossestests-10
firings-215
visualfield- 
0,0 0,0 0,0 0,0 0,0 0,0 0,0 0,0 0,0 0,0
0,0 0,0 0,0 4,4 3,3 3,3 2,3 0,0 0,0 0,0
0,0 0,0 3,3 1,3 1,3 3,3 3,3 3,3 0,0 0,0
0,0 3,4 1,3 3,3 3,3 3,3 2,3 3,3 2,4 0,0
0,0 0,0 0,0 3,3 3,3 2,3 2,3 4,4 3,4 0,0
0,0 0,0 0,0 3,3 3,3 3,3 4,4 4,4 4,4 0,0
0,0 4,4 2,3 2,3 3,3 4,4 4,5 4,4 5,5 0,0
0,0 0,0 2,3 3,3 3,3 2,3 3,3 3,4 0,0 0,0
0,0 0,0 0,0 3,4 3,4 3,4 5,5 0,0 0,0 0,0
0,0 0,0 0,0 0,0 0,0 0,0 0,0 0,0 0,0 0,0
minintensity- 
1.0 1.0 1.0 1.0 1.0 1.0 1.0 1.0 1.0 1.0
1.0 1.0 1.0 0.23919700027024995 0.23694238452202027 0.2616656096411411 0.2204517756443733 1.0 1.0 1.0
1.0 1.0 0.2591909337909746 0.2281779604776488 0.22859886201958332 0.25332343709122634 0.2243896078839687 0.2486445236156891 1.0 1.0
1.0 0.21865434033039507 0.2594231526204154 0.2576052232033908 0.22392686342284054 0.21807764041257127 0.23138721135800303 0.2258067551691347 0.21642755794042556 1.0
1.0 0.23128047135615684 0.37591483252948715 0.2233582318937528 0.22204969420252216 0.22355519138405844 0.22581001689281674 0.22755949287397417 0.22755949287397417 1.0
1.0 0.21508043405364663 0.30231076101760745 0.22299805355221936 0.22270707034639178 0.24452437264031418 0.24645480217256807 0.22755949287397417 0.2550666830101153 1.0
1.0 0.247285752100754 0.3093737354875116 0.22557184697376148 0.22423649615967167 0.22422230267135007 0.2761386389436104 0.22977678716205008 0.2738864663114017 1.0
1.0 1.0 0.23056011012819067 0.30981549300436406 0.24377672589213187 0.22634917005892466 0.22287799678820322 0.22526799423609567 1.0 1.0
1.0 1.0 1.0 0.21622954086606902 0.23106447068026487 0.23106447068026487 0.26050624147790213 1.0 1.0 1.0
1.0 1.0 1.0 1.0 1.0 1.0 1.0 1.0 1.0 1.0
deviation- 
0.0 0.0 0.0 0.0 0.0 0.0 0.0 0.0 0.0 0.0
0.0 0.0 0.0 0.0 0.0 0.0 0.0 0.0 0.0 0.0
0.0 0.0 0.0 0.0 0.0 0.0 0.0 0.0 0.0 0.0
0.0 0.0 0.0 0.0 0.0 0.0 0.0 0.0 0.0 0.0
0.0 0.0 0.0 0.0 0.0 0.0 0.0 0.0 0.0 0.0
0.0 0.0 0.0 0.0 0.0 0.0 0.0 0.0 0.0 0.0
0.0 0.0 0.0 0.0 0.0 0.0 0.0 0.0 0.0 0.0
0.0 0.0 0.0 0.0 0.0 0.0 0.0 0.0 0.0 0.0
0.0 0.0 0.0 0.0 0.0 0.0 0.0 0.0 0.0 0.0
0.0 0.0 0.0 0.0 0.0 0.0 0.0 0.0 0.0 0.0
pointenable- 
n n n n n n n n n n
n n n y y y y n n n
n n y y y y y y n n
n y y y y y y y y n
n y y y y y y y y n
n y y y y y y y y n
n y y y y y y y y n
n n y y y y y y n n
n n n y y y y n n n
n n n n n n n n n n
