v1.0
#head
personName-Caio
birthdate-01/01/1990
age-26
date-12/04/2016
stimulus-0
blindspot-1
blindspotsize-1
time-12:00:00
strategy-1
#lefteye
timetest-207
fneg-1
fnegtests-7
fpos-1
fpostests-3
fixationlosses-0
fixationlossestests-10
firings-207
visualfield- 
0,0 0,0 0,0 0,0 0,0 0,0 0,0 0,0 0,0 0,0
0,0 0,0 0,0 3,4 3,3 2,3 3,3 0,0 0,0 0,0
0,0 0,0 2,3 3,3 3,3 3,3 3,3 3,3 0,0 0,0
0,0 4,4 3,3 3,3 3,3 3,3 3,3 3,3 4,4 0,0
0,0 0,0 0,0 3,3 3,3 3,3 2,5 4,4 4,4 0,0
0,0 0,0 0,0 3,3 3,3 3,3 4,4 4,4 4,4 0,0
0,0 2,4 2,3 2,3 3,3 4,4 5,5 4,4 4,5 0,0
0,0 0,0 3,3 3,3 2,3 3,3 2,3 3,4 0,0 0,0
0,0 0,0 0,0 3,4 3,4 3,4 3,5 0,0 0,0 0,0
0,0 0,0 0,0 0,0 0,0 0,0 0,0 0,0 0,0 0,0
minintensity- 
1.0 1.0 1.0 1.0 1.0 1.0 1.0 1.0 1.0 1.0
1.0 1.0 1.0 0.23919700027024995 0.23694238452202027 0.2616656096411411 0.2204517756443733 1.0 1.0 1.0
1.0 1.0 0.22984534885884686 0.2281779604776488 0.25669796011244755 0.22691160050897274 0.24827945184121827 0.23259627038603245 1.0 1.0
1.0 0.23709478275845758 0.28902775761576716 0.2576052232033908 0.22392686342284054 0.21807764041257127 0.2158005397210414 0.2258067551691347 0.23264123288764493 1.0
1.0 0.26250863997448065 0.2224497979734237 0.2233582318937528 0.22204969420252216 0.22355519138405844 0.22581001689281674 0.22755949287397417 0.22755949287397417 1.0
1.0 0.43530735878429383 0.25118153187772024 0.22299805355221936 0.22270707034639178 0.2222883376890736 0.49415994539520125 0.22755949287397417 0.22755949287397417 1.0
1.0 0.21590450105934667 0.22750384611678254 0.22557184697376148 0.22423649615967167 0.22422230267135007 0.22552212503725666 0.22977678716205008 0.21863202136819188 1.0
1.0 1.0 0.2606204563296622 0.22782868873624693 0.2221382449094255 0.22634917005892466 0.22287799678820322 0.22526799423609567 1.0 1.0
1.0 1.0 1.0 0.2315207080860815 0.23106447068026487 0.2611905826505501 0.23072230009394087 1.0 1.0 1.0
1.0 1.0 1.0 1.0 1.0 1.0 1.0 1.0 1.0 1.0
deviation- 
0.0 0.0 0.0 0.0 0.0 0.0 0.0 0.0 0.0 0.0
0.0 0.0 0.0 0.0 0.0 0.0 0.0 0.0 0.0 0.0
0.0 0.0 0.0 0.0 0.0 0.0 0.0 0.0 0.0 0.0
0.0 0.0 0.0 0.0 0.0 0.0 0.0 0.0 0.0 0.0
0.0 0.0 0.0 0.0 0.0 0.0 0.0 0.0 0.0 0.0
0.0 0.0 0.0 0.0 0.0 0.0 0.0 0.0 0.0 0.0
0.0 0.0 0.0 0.0 0.0 0.0 0.0 0.0 0.0 0.0
0.0 0.0 0.0 0.0 0.0 0.0 0.0 0.0 0.0 0.0
0.0 0.0 0.0 0.0 0.0 0.0 0.0 0.0 0.0 0.0
0.0 0.0 0.0 0.0 0.0 0.0 0.0 0.0 0.0 0.0
pointenable- 
n n n n n n n n n n
n n n y y y y n n n
n n y y y y y y n n
n y y y y y y y y n
n y y y y y y y y n
n y y y y y y y y n
n y y y y y y y y n
n n y y y y y y n n
n n n y y y y n n n
n n n n n n n n n n
