1,3
5.8630923858098445 20.276535377434826 30.30000306549516
5.8630923858098445 20.276535377434826 30.30000306549516
1,4
-7.518533710882851 11.613945244224674 -1.000009170352045
-7.518533710882851 11.613945244224674 -1.000009170352045
1,5
-33.21223861507379 7.343530456662103 -0.9999981810552883
-33.21223861507379 7.343530456662103 -0.9999981810552883
1,6
-15.166872954170522 12.255975599646394 -0.9999972673768758
-15.166872954170522 12.255975599646394 -0.9999972673768758
2,2
-31.906173580571078 11.34035864732005 -1.000009916555563
-31.906173580571078 11.34035864732005 -1.000009916555563
2,3
9.308007615891572 22.830186509392746 26.000002464048674
9.308007615891572 22.830186509392746 26.000002464048674
2,4
14.744952627876316 26.011191519507864 20.699994469388436
14.744952627876316 26.011191519507864 20.699994469388436
2,5
-7.641061277212468 3.3981189167414794 -1.000004827879478
-7.641061277212468 3.3981189167414794 -1.000004827879478
2,6
72.87457804434078 21.351118690816577 33.500009066410556
72.87457804434078 21.351118690816577 33.500009066410556
2,7
50.88400375615175 18.65618264157912 26.00000992484366
50.88400375615175 18.65618264157912 26.00000992484366
3,1
-17.81307859205956 16.613577286836247 -1.0000176258838542
-17.81307859205956 16.613577286836247 -1.0000176258838542
3,2
-55.38677370101202 18.540129448286088 -0.999985770599549
-55.38677370101202 18.540129448286088 -0.999985770599549
3,3
-8.530721867280665 8.092160663262897 -0.9999843322202856
-8.530721867280665 8.092160663262897 -0.9999843322202856
3,4
-4.576853242334596 10.355239407824968 -0.9999869407717545
-4.576853242334596 10.355239407824968 -0.9999869407717545
3,5
6.353574519954089 24.351831039710476 20.700012133677838
6.353574519954089 24.351831039710476 20.700012133677838
3,6
15.719618373489457 23.077757765029936 18.500012081417836
15.719618373489457 23.077757765029936 18.500012081417836
3,7
9.773659409817899 20.867677074736548 28.571420326070882
9.773659409817899 20.867677074736548 28.571420326070882
3,8
63.68754872560504 23.15069359699715 33.50000908336342
63.68754872560504 23.15069359699715 33.50000908336342
4,1
-38.188597737094 15.323520626018123 -1.0000080601273456
-38.188597737094 15.323520626018123 -1.0000080601273456
4,2
-9.093242537048505 15.47983210533853 -1.0000085760033
-9.093242537048505 15.47983210533853 -1.0000085760033
4,3
-10.382843397850138 17.525026490325672 -0.9999945653243536
-10.382843397850138 17.525026490325672 -0.9999945653243536
4,4
-6.966532336439752 7.409526813367179 -1.0000467927760996
-6.966532336439752 7.409526813367179 -1.0000467927760996
4,5
-15.29488104642261 15.190420483086085 -1.0000091188682603
-15.29488104642261 15.190420483086085 -1.0000091188682603
4,6
-3.917019891560308 11.719560513427908 -0.9999960600692913
-3.917019891560308 11.719560513427908 -0.9999960600692913
4,8
1.8529316929130233 17.99268778806168 21.199972396547906
1.8529316929130233 17.99268778806168 21.199972396547906
5,1
-18.353827057598316 14.75800611348281 -1.0000059673397277
-18.353827057598316 14.75800611348281 -1.0000059673397277
5,2
-7.271038321509958 8.307893258351616 -1.0000580609164258
-7.271038321509958 8.307893258351616 -1.0000580609164258
5,3
-5.886996425132164 7.915431566475111 -1.0000231312788486
-5.886996425132164 7.915431566475111 -1.0000231312788486
5,4
-9.987824474326706 14.464647179309743 -0.999991145193279
-9.987824474326706 14.464647179309743 -0.999991145193279
5,5
-7.411914740956618 7.63250105707818 -1.000022670535674
-7.411914740956618 7.63250105707818 -1.000022670535674
5,6
-36.46631143818507 11.337707549942046 -0.9999930308040557
-36.46631143818507 11.337707549942046 -0.9999930308040557
5,8
-18.978537483163304 12.8059412811104 -0.9999896659841405
-18.978537483163304 12.8059412811104 -0.9999896659841405
6,1
-16.51737154322118 13.698564379571948 -1.000005004908199
-16.51737154322118 13.698564379571948 -1.000005004908199
6,2
-7.5579146589683095 6.642928818693571 -1.0077765140089103
-7.5579146589683095 6.642928818693571 -1.0077765140089103
6,3
-32.22407382016209 13.369128913517166 -0.9999987821026548
-32.22407382016209 13.369128913517166 -0.9999987821026548
6,4
63.17339749692751 28.495035298406783 33.583326158375215
63.17339749692751 28.495035298406783 33.583326158375215
6,5
3.03336075370753 18.24535525667295 22.357131937612273
3.03336075370753 18.24535525667295 22.357131937612273
6,6
-3.917019891560308 11.719560513427908 -0.9999960600692913
-3.917019891560308 11.719560513427908 -0.9999960600692913
6,7
-6.506675883975696 9.459331740877756 -0.9999888878487976
-6.506675883975696 9.459331740877756 -0.9999888878487976
6,8
3.1206226501037895 18.708810555729364 30.40000264830867
3.1206226501037895 18.708810555729364 30.40000264830867
7,2
-25.966866353053184 16.14865502881232 -0.9999872546360062
-25.966866353053184 16.14865502881232 -0.9999872546360062
7,3
12.733900366854101 24.709015747994457 30.300010032496047
12.733900366854101 24.709015747994457 30.300010032496047
7,4
56.38952700228907 27.462193801049075 25.41667440296696
56.38952700228907 27.462193801049075 25.41667440296696
7,5
-8.198146958800358 5.654146886312123 -1.0046941065111379
-8.198146958800358 5.654146886312123 -1.0046941065111379
7,6
-10.434782608695652 2.3 -1.0
-10.434782608695652 2.3 -1.0
7,7
-5.483879439408483 12.285393635038533 -0.9999904673554574
-5.483879439408483 12.285393635038533 -0.9999904673554574
8,3
-6.493199148888358 11.714124096341415 -1.000013034215783
-6.493199148888358 11.714124096341415 -1.000013034215783
8,4
6.874906424706337 18.612693184510114 34.25000739323126
6.874906424706337 18.612693184510114 34.25000739323126
8,5
-42.19464398624643 16.483586695194596 -0.999980188467215
-42.19464398624643 16.483586695194596 -0.999980188467215
8,6
8.322957656874355 32.50398592217594 33.66667207440733
8.322957656874355 32.50398592217594 33.66667207440733
