1,3
5.919286369102446 20.273913308473034 30.2999917133205
5.919286369102446 20.273913308473034 30.2999917133205
1,4
-11.680004695830664 6.93136886954087 -1.0000161548668351
-11.680004695830664 6.93136886954087 -1.0000161548668351
1,5
-23.093712045630724 5.166726474645724 -1.0212897977311703
-23.093712045630724 5.166726474645724 -1.0212897977311703
1,6
-52.77164332797572 10.346435432570978 -1.0000061685236719
-52.77164332797572 10.346435432570978 -1.0000061685236719
2,2
-13.298983291644829 8.881121408372678 -1.0000035467439008
-13.298983291644829 8.881121408372678 -1.0000035467439008
2,3
9.308007615891572 22.830186509392746 26.000002464048674
9.308007615891572 22.830186509392746 26.000002464048674
2,4
10.90401026623783 23.1049363794542 20.700008544452444
10.90401026623783 23.1049363794542 20.700008544452444
2,5
-7.641061277212468 3.3981189167414794 -1.000004827879478
-7.641061277212468 3.3981189167414794 -1.000004827879478
2,6
73.99555959935458 20.761335075984327 33.499992521136974
73.99555959935458 20.761335075984327 33.499992521136974
2,7
29.504894670217425 20.429709820390322 25.999989913932815
29.504894670217425 20.429709820390322 25.999989913932815
3,1
-8.36028378457988 6.512208026741409 -1.000000363474689
-8.36028378457988 6.512208026741409 -1.000000363474689
3,2
-17.78130707481234 16.555241596395888 -0.9999891880624399
-17.78130707481234 16.555241596395888 -0.9999891880624399
3,3
-8.530721867280665 8.092160663262897 -0.9999843322202856
-8.530721867280665 8.092160663262897 -0.9999843322202856
3,4
-6.011343439704935 11.306737735376519 -0.700005389104228
-6.011343439704935 11.306737735376519 -0.700005389104228
3,5
6.220717989042701 24.35934134072631 20.699992686154694
6.220717989042701 24.35934134072631 20.699992686154694
3,6
15.719618373489457 23.077757765029936 18.500012081417836
15.719618373489457 23.077757765029936 18.500012081417836
3,7
46.54019612683443 15.125220626904422 31.249997153946197
46.54019612683443 15.125220626904422 31.249997153946197
3,8
16.933779465436423 16.593302755553673 33.50000877943704
16.933779465436423 16.593302755553673 33.50000877943704
4,1
-15.943558617516857 12.710821259585355 -1.000025496063084
-15.943558617516857 12.710821259585355 -1.000025496063084
4,2
-38.216217136587034 13.289436426708164 -1.0000213341932014
-38.216217136587034 13.289436426708164 -1.0000213341932014
4,3
-18.300044183350163 17.209187784627026 -0.9999945075343434
-18.300044183350163 17.209187784627026 -0.9999945075343434
4,4
-6.966532336439752 7.409526813367179 -1.0000467927760996
-6.966532336439752 7.409526813367179 -1.0000467927760996
4,5
-12.227620043393236 12.043917382197922 -0.9999939675907172
-12.227620043393236 12.043917382197922 -0.9999939675907172
4,6
-3.917019891560308 11.719560513427908 -0.9999960600692913
-3.917019891560308 11.719560513427908 -0.9999960600692913
4,8
7.756993121104326 16.47996952916324 21.20002233898289
7.756993121104326 16.47996952916324 21.20002233898289
5,1
-6.6298228321608805 4.843307504093467 -0.9999998256796586
-6.6298228321608805 4.843307504093467 -0.9999998256796586
5,2
-10.356108087801605 4.928732755831989 -1.0000959057894705
-10.356108087801605 4.928732755831989 -1.0000959057894705
5,3
-5.886996425132164 7.915431566475111 -1.0000231312788486
-5.886996425132164 7.915431566475111 -1.0000231312788486
5,4
-14.435444521895992 11.157872636127664 -1.0000062380515031
-14.435444521895992 11.157872636127664 -1.0000062380515031
5,5
-7.411914740956618 7.63250105707818 -1.000022670535674
-7.411914740956618 7.63250105707818 -1.000022670535674
5,6
-9.607193369195642 8.554148140287355 -1.0000057145743277
-9.607193369195642 8.554148140287355 -1.0000057145743277
5,8
-8.771022320410498 13.932995706074598 -0.7000054614163689
-8.771022320410498 13.932995706074598 -0.7000054614163689
6,1
-8.467388311451124 8.265225752503307 -0.9999917934616549
-8.467388311451124 8.265225752503307 -0.9999917934616549
6,2
-7.5579146589683095 6.642928818693571 -1.0077765140089103
-7.5579146589683095 6.642928818693571 -1.0077765140089103
6,3
-33.296138900307305 14.332884470670372 -0.9999986766499915
-33.296138900307305 14.332884470670372 -0.9999986766499915
6,4
61.42279969878348 25.6934746473722 28.642848867367377
61.42279969878348 25.6934746473722 28.642848867367377
6,5
3.138782586019178 18.203572420093586 22.357147116653977
3.138782586019178 18.203572420093586 22.357147116653977
6,6
-6.994605345018162 9.762365603047353 -1.0000049863972977
-6.994605345018162 9.762365603047353 -1.0000049863972977
6,7
-7.306675883975696 8.859331740877757 -0.9999888878487976
-7.306675883975696 8.859331740877757 -0.9999888878487976
6,8
9.142216786379414 22.632957418352305 30.400003353064132
9.142216786379414 22.632957418352305 30.400003353064132
7,2
-35.97991568277641 9.941822769426077 -0.9999946107783542
-35.97991568277641 9.941822769426077 -0.9999946107783542
7,3
12.733900366854101 24.709015747994457 30.300010032496047
12.733900366854101 24.709015747994457 30.300010032496047
7,4
57.635898379714575 15.303264412381285 19.000009835412534
57.635898379714575 15.303264412381285 19.000009835412534
7,5
-8.198146958800358 5.654146886312123 -1.0046941065111379
-8.198146958800358 5.654146886312123 -1.0046941065111379
7,6
-10.434782608695652 2.3 -1.0
-10.434782608695652 2.3 -1.0
7,7
-13.4511474509532 8.964684540109822 -0.999983553322243
-13.4511474509532 8.964684540109822 -0.999983553322243
8,3
-9.914932741664387 17.80368833083002 -0.7500143728882271
-9.914932741664387 17.80368833083002 -0.7500143728882271
8,4
9.173836926759588 31.458336703922996 33.9999751600113
9.173836926759588 31.458336703922996 33.9999751600113
8,5
-18.99610581957147 6.965204703826951 -2.9366353039869697
-18.99610581957147 6.965204703826951 -2.9366353039869697
8,6
10.598370964036821 34.27821029893039 33.66669531309452
10.598370964036821 34.27821029893039 33.66669531309452
