1,3
5.919286369102446 20.273913308473034 30.2999917133205
5.919286369102446 20.273913308473034 30.2999917133205
1,4
-11.680004695830664 6.93136886954087 -1.0000161548668351
-11.680004695830664 6.93136886954087 -1.0000161548668351
1,5
-23.093712045630724 5.166726474645724 -1.0212897977311703
-23.093712045630724 5.166726474645724 -1.0212897977311703
1,6
-52.77164332797572 10.346435432570978 -1.0000061685236719
-52.77164332797572 10.346435432570978 -1.0000061685236719
2,2
-13.298983291644829 8.881121408372678 -1.0000035467439008
-13.298983291644829 8.881121408372678 -1.0000035467439008
2,3
9.308007615891572 22.830186509392746 26.000002464048674
9.308007615891572 22.830186509392746 26.000002464048674
2,4
1799.8540926729381 18.99826728903573 25.583336793594093
1799.8540926729381 18.99826728903573 25.583336793594093
2,5
-7.641061277212468 3.3981189167414794 -1.000004827879478
-7.641061277212468 3.3981189167414794 -1.000004827879478
2,6
55.888303150213204 20.56057496407022 33.50000886373421
55.888303150213204 20.56057496407022 33.50000886373421
2,7
35.15045780591828 19.001775537633506 33.49999047503158
35.15045780591828 19.001775537633506 33.49999047503158
3,1
-11.858030462064217 6.21393777098692 -1.0000032714913196
-11.858030462064217 6.21393777098692 -1.0000032714913196
3,2
-17.78130707481234 16.555241596395888 -0.9999891880624399
-17.78130707481234 16.555241596395888 -0.9999891880624399
3,3
-8.530721867280665 8.092160663262897 -0.9999843322202856
-8.530721867280665 8.092160663262897 -0.9999843322202856
3,4
-5.575083146921568 11.45647752490052 -0.7000069400450508
-5.575083146921568 11.45647752490052 -0.7000069400450508
3,5
5.942202117143024 24.192560026641473 20.70000289053457
5.942202117143024 24.192560026641473 20.70000289053457
3,6
14.744225627682745 22.906159475202806 25.999990662489754
14.744225627682745 22.906159475202806 25.999990662489754
3,7
13.695141855110439 14.300760258056318 31.250001473815214
13.695141855110439 14.300760258056318 31.250001473815214
3,8
16.933779465436423 16.593302755553673 33.50000877943704
16.933779465436423 16.593302755553673 33.50000877943704
4,1
-15.943558617516857 12.710821259585355 -1.000025496063084
-15.943558617516857 12.710821259585355 -1.000025496063084
4,2
-38.216217136587034 13.289436426708164 -1.0000213341932014
-38.216217136587034 13.289436426708164 -1.0000213341932014
4,3
-13.634852921298318 16.887607183322835 -1.0000128458093636
-13.634852921298318 16.887607183322835 -1.0000128458093636
4,4
-6.966532336439752 7.409526813367179 -1.0000467927760996
-6.966532336439752 7.409526813367179 -1.0000467927760996
4,5
-12.227620043393236 12.043917382197922 -0.9999939675907172
-12.227620043393236 12.043917382197922 -0.9999939675907172
4,6
-10.695641067706106 9.104045079978743 -0.9999913793486468
-10.695641067706106 9.104045079978743 -0.9999913793486468
4,8
1.739538060227738 18.09618565373394 21.1999646973696
1.739538060227738 18.09618565373394 21.1999646973696
5,1
-6.6298228321608805 4.843307504093467 -0.9999998256796586
-6.6298228321608805 4.843307504093467 -0.9999998256796586
5,2
-10.356108087801605 4.928732755831989 -1.0000959057894705
-10.356108087801605 4.928732755831989 -1.0000959057894705
5,3
-5.886996425132164 7.915431566475111 -1.0000231312788486
-5.886996425132164 7.915431566475111 -1.0000231312788486
5,4
-14.435444521895992 11.157872636127664 -1.0000062380515031
-14.435444521895992 11.157872636127664 -1.0000062380515031
5,5
-7.411914740956618 7.63250105707818 -1.000022670535674
-7.411914740956618 7.63250105707818 -1.000022670535674
5,6
-10.00292944538712 8.429951782420364 -0.9999945824103083
-10.00292944538712 8.429951782420364 -0.9999945824103083
5,8
-26.5035695245573 13.181007061159306 -0.6999913349272573
-26.5035695245573 13.181007061159306 -0.6999913349272573
6,1
-8.467388311451124 8.265225752503307 -0.9999917934616549
-8.467388311451124 8.265225752503307 -0.9999917934616549
6,2
-7.5579146589683095 6.642928818693571 -1.0077765140089103
-7.5579146589683095 6.642928818693571 -1.0077765140089103
6,3
-39.64771777075376 13.352359218769138 -0.9999907533096293
-39.64771777075376 13.352359218769138 -0.9999907533096293
6,4
88.39469726863412 25.71701718407371 35.92856240672751
88.39469726863412 25.71701718407371 35.92856240672751
6,5
3.097806487183598 18.312341749669173 29.64286242213757
3.097806487183598 18.312341749669173 29.64286242213757
6,6
-10.695641067706106 9.104045079978743 -0.9999913793486468
-10.695641067706106 9.104045079978743 -0.9999913793486468
6,7
-7.306675883975696 8.859331740877757 -0.9999888878487976
-7.306675883975696 8.859331740877757 -0.9999888878487976
6,8
2.9720594532201376 18.776572194955314 30.400009377727322
2.9720594532201376 18.776572194955314 30.400009377727322
7,2
-35.97991568277641 9.941822769426077 -0.9999946107783542
-35.97991568277641 9.941822769426077 -0.9999946107783542
7,3
12.733900366854101 24.709015747994457 30.300010032496047
12.733900366854101 24.709015747994457 30.300010032496047
7,4
77.18321285629423 23.04310661298623 28.857134851316555
77.18321285629423 23.04310661298623 28.857134851316555
7,5
-8.198146958800358 5.654146886312123 -1.0046941065111379
-8.198146958800358 5.654146886312123 -1.0046941065111379
7,6
-10.434782608695652 2.3 -1.0
-10.434782608695652 2.3 -1.0
7,7
-15.595230311075753 9.126873039944371 -0.999998077512547
-15.595230311075753 9.126873039944371 -0.999998077512547
8,3
-8.73763317882017 12.433640840669167 -0.7000127051003924
-8.73763317882017 12.433640840669167 -0.7000127051003924
8,4
8.63109383301665 18.4862968594504 33.75000905796159
8.63109383301665 18.4862968594504 33.75000905796159
8,5
-18.99610581957147 6.965204703826951 -2.9366353039869697
-18.99610581957147 6.965204703826951 -2.9366353039869697
8,6
10.598370964036821 34.27821029893039 33.66669531309452
10.598370964036821 34.27821029893039 33.66669531309452
