1,3
-23.685301785723155 11.96048934930016 -0.9999904183149533
-23.685301785723155 11.96048934930016 -0.9999904183149533
1,4
-45.36800429740051 11.274459902851625 -0.9999946480584206
-45.36800429740051 11.274459902851625 -0.9999946480584206
1,5
-16.445553778375142 13.621639761644623 -0.9998526202804898
-16.445553778375142 13.621639761644623 -0.9998526202804898
1,6
-18.827606305286956 9.636701250106903 -0.9999901157340316
-18.827606305286956 9.636701250106903 -0.9999901157340316
2,2
-20.942554946375516 15.660113295335229 -1.0000099296024745
-20.942554946375516 15.660113295335229 -1.0000099296024745
2,3
-10.894545393150992 12.298960390576568 -1.000003769862412
-10.894545393150992 12.298960390576568 -1.000003769862412
2,4
-12.23154779379248 12.866425259653141 -0.9999902339036608
-12.23154779379248 12.866425259653141 -0.9999902339036608
2,5
-5.572253154892134 3.7876241951329996 -1.000046325740387
-5.572253154892134 3.7876241951329996 -1.000046325740387
2,6
-8.89607807981168 10.411035298905201 -0.9999918621156749
-8.89607807981168 10.411035298905201 -0.9999918621156749
2,7
-7.073269055235796 14.783515380191211 -0.9999972887069122
-7.073269055235796 14.783515380191211 -0.9999972887069122
3,1
-26.414983936438553 14.866676551679202 -0.9999978495846222
-26.414983936438553 14.866676551679202 -0.9999978495846222
3,2
-12.193586332861722 10.044311266823861 -0.9999916331553895
-12.193586332861722 10.044311266823861 -0.9999916331553895
3,3
-8.916647819747865 6.610795508607929 -1.0000006698754613
-8.916647819747865 6.610795508607929 -1.0000006698754613
3,4
-6.881056556003889 15.836966359731537 -1.0000023571686625
-6.881056556003889 15.836966359731537 -1.0000023571686625
3,5
-12.120507453956225 14.035163087431775 -1.0000061179847155
-12.120507453956225 14.035163087431775 -1.0000061179847155
3,6
-6.790519622777281 11.620319194260494 -0.9999958438441767
-6.790519622777281 11.620319194260494 -0.9999958438441767
3,7
-8.182100814828747 8.339732531445172 -0.9999852294614466
-8.182100814828747 8.339732531445172 -0.9999852294614466
3,8
-13.645109507271162 13.189748161419645 -1.0000133215874232
-13.645109507271162 13.189748161419645 -1.0000133215874232
4,1
-6.66159701420534 14.067466173739689 -1.0000058452140337
-6.66159701420534 14.067466173739689 -1.0000058452140337
4,3
-37.28576715679435 15.31085686025144 -0.9999946550989849
-37.28576715679435 15.31085686025144 -0.9999946550989849
4,4
-6.880219410901651 15.864018415652655 -0.9999976007763105
-6.880219410901651 15.864018415652655 -0.9999976007763105
4,5
-6.136432130636161 6.608878184998364 -1.0000201938687483
-6.136432130636161 6.608878184998364 -1.0000201938687483
4,6
-8.525408977222943 14.059265633556645 -0.9999958964148359
-8.525408977222943 14.059265633556645 -0.9999958964148359
4,7
-8.918394204856009 13.370185338108106 -1.000002586056302
-8.918394204856009 13.370185338108106 -1.000002586056302
4,8
-7.524595508364858 15.521661901071038 -0.9999857497561367
-7.524595508364858 15.521661901071038 -0.9999857497561367
5,1
-11.632893107812297 12.866993835326017 -0.999999716649087
-11.632893107812297 12.866993835326017 -0.999999716649087
5,3
-20.666571205444082 15.865622021589752 -1.00000861461878
-20.666571205444082 15.865622021589752 -1.00000861461878
5,4
-79.85333372082188 15.383076620010549 -1.0000116565338089
-79.85333372082188 15.383076620010549 -1.0000116565338089
5,5
-3.184400625897 14.65505532203898 -1.0000286906346654
-3.184400625897 14.65505532203898 -1.0000286906346654
5,6
-4.911077289840099 10.288006994830717 -0.9999881197566932
-4.911077289840099 10.288006994830717 -0.9999881197566932
5,7
-13.195353851382288 16.7322362187018 -1.000005788466714
-13.195353851382288 16.7322362187018 -1.000005788466714
5,8
-6.740706310122152 16.67421180893825 -0.714294614585754
-6.740706310122152 16.67421180893825 -0.714294614585754
6,1
-16.33791322330385 12.013950613569001 -0.9999992544062146
-16.33791322330385 12.013950613569001 -0.9999992544062146
6,2
-6.622753899948134 16.004071393352717 -0.9999938396821199
-6.622753899948134 16.004071393352717 -0.9999938396821199
6,3
-7.247205524490907 7.63250105707818 -1.000022670535674
-7.247205524490907 7.63250105707818 -1.000022670535674
6,4
-12.287585545071003 15.968771052670458 -1.0000008174199702
-12.287585545071003 15.968771052670458 -1.0000008174199702
6,5
-6.4458848411637355 14.829568747537685 -1.0000134314674063
-6.4458848411637355 14.829568747537685 -1.0000134314674063
6,6
-30.19507227239514 14.314273982657955 -1.0000049295223956
-30.19507227239514 14.314273982657955 -1.0000049295223956
6,7
-39.61692595058631 13.442756929985034 -1.000004780738162
-39.61692595058631 13.442756929985034 -1.000004780738162
6,8
-35.176693417528526 11.288294906701989 -1.0000173186367092
-35.176693417528526 11.288294906701989 -1.0000173186367092
7,2
-7.206992047610162 13.519278639928345 -0.9999897019509314
-7.206992047610162 13.519278639928345 -0.9999897019509314
7,3
-9.941627091733938 12.889479951376167 -1.0000273014642955
-9.941627091733938 12.889479951376167 -1.0000273014642955
7,4
-6.300300835564993 13.937734717449388 -1.0000000474861852
-6.300300835564993 13.937734717449388 -1.0000000474861852
7,5
-18.811447017916983 12.69244045330602 -1.0000098061496432
-18.811447017916983 12.69244045330602 -1.0000098061496432
7,6
-33.86075787309573 14.342402719608845 -0.9999959150201927
-33.86075787309573 14.342402719608845 -0.9999959150201927
7,7
-15.801726136738269 12.459638541342787 -1.0000000369073678
-15.801726136738269 12.459638541342787 -1.0000000369073678
8,3
-9.239978517838594 7.613631563743474 -0.9999910949092177
-9.239978517838594 7.613631563743474 -0.9999910949092177
8,4
-36.720322912698265 16.299818485798717 -0.9999919096905878
-36.720322912698265 16.299818485798717 -0.9999919096905878
8,5
-9.52134521342327 10.389722395942695 -0.9999937984924396
-9.52134521342327 10.389722395942695 -0.9999937984924396
8,6
-13.490771925263225 11.889887862358442 -1.0000121826842685
-13.490771925263225 11.889887862358442 -1.0000121826842685
