1,3
22.425314774562985 18.243168157346915 33.58334170849669
22.425314774562985 18.243168157346915 33.58334170849669
1,4
-13.71608535451761 6.938049727367689 -1.0000048824189895
-13.71608535451761 6.938049727367689 -1.0000048824189895
1,5
-20.712499939988398 4.995190020068071 -2.1048227864802387
-20.712499939988398 4.995190020068071 -2.1048227864802387
1,6
-22.237242172987468 9.613874414502764 -0.9999881799971104
-22.237242172987468 9.613874414502764 -0.9999881799971104
2,2
-12.900814053676076 9.013714983973717 -0.9999844277724005
-12.900814053676076 9.013714983973717 -0.9999844277724005
2,3
9.308007615891572 22.830186509392746 26.000002464048674
9.308007615891572 22.830186509392746 26.000002464048674
2,4
27.836596242467582 17.12816427828092 29.49999100816092
27.836596242467582 17.12816427828092 29.49999100816092
2,5
-49.51082331886764 11.479188642265957 -1.0000227868071545
-49.51082331886764 11.479188642265957 -1.0000227868071545
2,6
69.83146922951357 17.02492387570605 33.50000299612705
69.83146922951357 17.02492387570605 33.50000299612705
2,7
27.64293295796751 -9.70757163868517 20.150011008323254
27.64293295796751 -9.70757163868517 20.150011008323254
3,1
-9.207572770846646 6.127056445127086 -1.0000377136033123
-9.207572770846646 6.127056445127086 -1.0000377136033123
3,2
-8.405601110739223 14.556757952422881 -0.9999936774129816
-8.405601110739223 14.556757952422881 -0.9999936774129816
3,3
-8.530721867280665 8.092160663262897 -0.9999843322202856
-8.530721867280665 8.092160663262897 -0.9999843322202856
3,4
10.438870581324931 26.119265767815453 21.50001075426891
10.438870581324931 26.119265767815453 21.50001075426891
3,5
21.638197314735912 17.632935805483562 18.083323031472432
21.638197314735912 17.632935805483562 18.083323031472432
3,6
6.713323342649405 15.624082751036937 33.500007403176156
6.713323342649405 15.624082751036937 33.500007403176156
3,7
13.847380608391205 14.307536864941952 35.85714270798691
13.847380608391205 14.307536864941952 35.85714270798691
3,8
13.308881076629817 21.69955680451271 33.500000566889085
13.308881076629817 21.69955680451271 33.500000566889085
4,1
-11.345454545454546 12.1 -1.0
-11.345454545454546 12.1 -1.0
4,2
-24.48405155455925 13.178853456223088 -1.0125341766743594
-24.48405155455925 13.178853456223088 -1.0125341766743594
4,3
-8.8 15.600000000000001 -1.0
-8.8 15.600000000000001 -1.0
4,4
-7.5579146589683095 6.642928818693571 -1.0077765140089103
-7.5579146589683095 6.642928818693571 -1.0077765140089103
4,5
-8.29906436786871 9.871151912493051 -0.9999994466941282
-8.29906436786871 9.871151912493051 -0.9999994466941282
4,6
-9.88958142048957 8.74449792085214 -0.9999907696964683
-9.88958142048957 8.74449792085214 -0.9999907696964683
4,8
36.54032197565785 22.11238371109461 21.199989136819298
36.54032197565785 22.11238371109461 21.199989136819298
5,1
-25.07463967398511 14.924493167834054 -0.4999900793788248
-25.07463967398511 14.924493167834054 -0.4999900793788248
5,2
-17.777325797631253 15.777139902731406 -0.499991046818562
-17.777325797631253 15.777139902731406 -0.499991046818562
5,3
-8.619923973990055 12.87256102602864 -0.9999477552806658
-8.619923973990055 12.87256102602864 -0.9999477552806658
5,4
-8.530721867280665 8.092160663262897 -0.9999843322202856
-8.530721867280665 8.092160663262897 -0.9999843322202856
5,5
-8.989409849721437 7.930380559646707 -0.9999974338048516
-8.989409849721437 7.930380559646707 -0.9999974338048516
5,6
-7.7155854313922205 7.831223493807958 -1.0000004800945477
-7.7155854313922205 7.831223493807958 -1.0000004800945477
5,8
-18.113810985868135 12.550930680840953 -0.49999040576198883
-18.113810985868135 12.550930680840953 -0.49999040576198883
6,1
-10.043480830700162 6.328991527466405 -0.999995567512099
-10.043480830700162 6.328991527466405 -0.999995567512099
6,2
-10.367004440337269 8.263389715311877 -1.0000217245015404
-10.367004440337269 8.263389715311877 -1.0000217245015404
6,3
-6.146985019148493 9.549011308612204 -0.999995215465958
-6.146985019148493 9.549011308612204 -0.999995215465958
6,4
18.534552826802937 23.9984607116329 35.928562648852136
18.534552826802937 23.9984607116329 35.928562648852136
6,5
17.812927954581426 20.643132858975044 29.64286574669503
17.812927954581426 20.643132858975044 29.64286574669503
6,6
-8.339221182180374 9.374798811145322 -0.9999808436702954
-8.339221182180374 9.374798811145322 -0.9999808436702954
6,7
-7.737157935286195 7.973885937235332 -1.0005444506311738
-7.737157935286195 7.973885937235332 -1.0005444506311738
6,8
36.70684324247725 21.413345732391203 30.400010767412148
36.70684324247725 21.413345732391203 30.400010767412148
7,2
-10.154700963810164 7.812514515146786 -0.9999918921233675
-10.154700963810164 7.812514515146786 -0.9999918921233675
7,3
45.99748364131324 26.70353625621119 30.299993097982508
45.99748364131324 26.70353625621119 30.299993097982508
7,4
17.419035347640936 23.191004314989254 28.857144431007548
17.419035347640936 23.191004314989254 28.857144431007548
7,5
-8.198146958800358 5.654146886312123 -1.0046941065111379
-8.198146958800358 5.654146886312123 -1.0046941065111379
7,6
25.01886996764197 33.114402925067424 18.500004437665147
25.01886996764197 33.114402925067424 18.500004437665147
7,7
-17.848135221835232 8.677760565318732 -0.9999884770718315
-17.848135221835232 8.677760565318732 -0.9999884770718315
8,3
27.092947721601846 33.938100514894444 35.00002241563729
27.092947721601846 33.938100514894444 35.00002241563729
8,4
8.63109383301665 18.4862968594504 33.75000905796159
8.63109383301665 18.4862968594504 33.75000905796159
8,5
-18.99610581957147 6.965204703826951 -2.9366353039869697
-18.99610581957147 6.965204703826951 -2.9366353039869697
8,6
10.598370964036821 34.27821029893039 33.66669531309452
10.598370964036821 34.27821029893039 33.66669531309452
