v1.0
#head
personName-Bernardo
birthdate-01/01/1990
age-26
date-08/04/2016
stimulus-0
blindspot-1
blindspotsize-1
time-12:00:00
strategy-1
#lefteye
timetest-208
fneg-0
fnegtests-7
fpos-2
fpostests-4
fixationlosses-1
fixationlossestests-10
firings-208
visualfield- 
0,0 0,0 0,0 0,0 0,0 0,0 0,0 0,0 0,0 0,0
0,0 0,0 0,0 2,4 1,3 4,5 1,3 0,0 0,0 0,0
0,0 0,0 3,3 2,3 3,3 3,3 3,3 2,3 0,0 0,0
0,0 4,4 3,3 3,3 3,3 3,3 3,3 2,3 3,4 0,0
0,0 0,0 0,0 3,3 3,3 3,3 2,3 4,4 3,4 0,0
0,0 0,0 0,0 3,3 2,3 2,3 4,4 3,4 3,4 0,0
0,0 3,4 2,3 3,3 3,3 4,4 5,5 4,4 4,5 0,0
0,0 0,0 3,3 4,5 2,3 3,3 2,3 3,4 0,0 0,0
0,0 0,0 0,0 3,4 2,4 3,4 3,5 0,0 0,0 0,0
0,0 0,0 0,0 0,0 0,0 0,0 0,0 0,0 0,0 0,0
minintensity- 
1.0 1.0 1.0 1.0 1.0 1.0 1.0 1.0 1.0 1.0
1.0 1.0 1.0 0.23919700027024995 0.2729464103340609 0.24142319266408727 0.23996517764269001 1.0 1.0 1.0
1.0 1.0 0.22984534885884686 0.340034376648131 0.25669796011244755 0.22691160050897274 0.24827945184121827 0.23259627038603245 1.0 1.0
1.0 0.23709478275845758 0.28902775761576716 0.22890955309829847 0.22392686342284054 0.21807764041257127 0.2158005397210414 0.2258067551691347 0.2488549227439907 1.0
1.0 0.23128047135615684 0.2448472932090144 0.2233582318937528 0.24404708566721128 0.24705806512717468 0.22581001689281674 0.2825738582431473 0.2550666830101153 1.0
1.0 0.2601647981948692 0.5323708912823845 0.22299805355221936 0.22270707034639178 0.2222883376890736 0.24645480217256807 0.22755949287397417 0.2550666830101153 1.0
1.0 0.21590450105934667 0.22750384611678254 0.22557184697376148 0.22423649615967167 0.22422230267135007 0.22552212503725666 0.28890258059061147 0.29230460468638736 1.0
1.0 1.0 0.23056011012819067 0.25515761354577476 0.2221382449094255 0.22634917005892466 0.22287799678820322 0.27480443993508197 1.0 1.0
1.0 1.0 1.0 0.2621030574621834 0.23106447068026487 0.35032768576052925 0.26050624147790213 1.0 1.0 1.0
1.0 1.0 1.0 1.0 1.0 1.0 1.0 1.0 1.0 1.0
deviation- 
0.0 0.0 0.0 0.0 0.0 0.0 0.0 0.0 0.0 0.0
0.0 0.0 0.0 0.0 0.0 0.0 0.0 0.0 0.0 0.0
0.0 0.0 0.0 0.0 0.0 0.0 0.0 0.0 0.0 0.0
0.0 0.0 0.0 0.0 0.0 0.0 0.0 0.0 0.0 0.0
0.0 0.0 0.0 0.0 0.0 0.0 0.0 0.0 0.0 0.0
0.0 0.0 0.0 0.0 0.0 0.0 0.0 0.0 0.0 0.0
0.0 0.0 0.0 0.0 0.0 0.0 0.0 0.0 0.0 0.0
0.0 0.0 0.0 0.0 0.0 0.0 0.0 0.0 0.0 0.0
0.0 0.0 0.0 0.0 0.0 0.0 0.0 0.0 0.0 0.0
0.0 0.0 0.0 0.0 0.0 0.0 0.0 0.0 0.0 0.0
pointenable- 
n n n n n n n n n n
n n n y y y y n n n
n n y y y y y y n n
n y y y y y y y y n
n y y y y y y y y n
n y y y y y y y y n
n y y y y y y y y n
n n y y y y y y n n
n n n y y y y n n n
n n n n n n n n n n
