v1.0
#head
personName-Lizeth
birthdate-01/01/1990
age-26
date-07/04/2016
stimulus-0
blindspot-1
blindspotsize-1
time-12:00:00
strategy-1
#lefteye
timetest-209
fneg-6
fnegtests-7
fpos-1
fpostests-4
fixationlosses-3
fixationlossestests-10
firings-209
visualfield- 
0,0 0,0 0,0 0,0 0,0 0,0 0,0 0,0 0,0 0,0
0,0 0,0 0,0 1,4 2,3 2,3 0,3 0,0 0,0 0,0
0,0 0,0 2,3 2,3 2,3 2,3 2,3 1,3 0,0 0,0
0,0 2,4 1,3 2,3 2,3 2,3 1,3 2,3 3,4 0,0
0,0 0,0 0,0 3,3 3,3 2,3 2,3 3,4 2,4 0,0
0,0 0,0 0,0 3,3 3,3 2,3 2,4 2,4 2,4 0,0
0,0 2,4 2,3 2,3 2,3 1,5 2,5 2,4 2,5 0,0
0,0 0,0 2,3 2,3 3,3 2,3 2,3 2,4 0,0 0,0
0,0 0,0 0,0 1,4 2,4 2,4 2,4 0,0 0,0 0,0
0,0 0,0 0,0 0,0 0,0 0,0 0,0 0,0 0,0 0,0
minintensity- 
1.0 1.0 1.0 1.0 1.0 1.0 1.0 1.0 1.0 1.0
1.0 1.0 1.0 0.35397289507890706 0.2729464103340609 0.28190799674604106 0.2789919965754004 1.0 1.0 1.0
1.0 1.0 0.28853653364286913 0.25585615702857845 0.22859886201958332 0.25332343709122634 0.24827945184121827 0.2967892833046591 1.0 1.0
1.0 0.27397568252370896 0.2594231526204154 0.2576052232033908 0.2476398438524749 0.5733698749902358 0.3249071964523936 0.30258537169692024 0.32992331238921396 1.0
1.0 0.23128047135615684 0.2224497979734237 0.2233582318937528 0.22204969420252216 0.24705806512717468 0.30308315935776786 0.31008106328239754 0.31008106328239754 1.0
1.0 0.43530735878429383 0.35982579358380173 0.22299805355221936 0.22270707034639178 0.24452437264031418 0.24645480217256807 0.2550666830101153 0.31008106328239754 1.0
1.0 0.2629763850760209 0.3093737354875116 0.25092981095431677 0.24825912423526356 0.24823070744036754 0.30144688098766087 0.25933969133089396 0.23705017465230394 1.0
1.0 1.0 0.2606204563296622 0.25515761354577476 0.2654151919550714 0.25219860603066385 0.24525624456945413 0.29957268516422536 1.0 1.0
1.0 1.0 1.0 0.3232677263422333 0.29131670955691236 0.29131670955691236 0.3200740943736708 1.0 1.0 1.0
1.0 1.0 1.0 1.0 1.0 1.0 1.0 1.0 1.0 1.0
deviation- 
0.0 0.0 0.0 0.0 0.0 0.0 0.0 0.0 0.0 0.0
0.0 0.0 0.0 0.0 0.0 0.0 0.0 0.0 0.0 0.0
0.0 0.0 0.0 0.0 0.0 0.0 0.0 0.0 0.0 0.0
0.0 0.0 0.0 0.0 0.0 0.0 0.0 0.0 0.0 0.0
0.0 0.0 0.0 0.0 0.0 0.0 0.0 0.0 0.0 0.0
0.0 0.0 0.0 0.0 0.0 0.0 0.0 0.0 0.0 0.0
0.0 0.0 0.0 0.0 0.0 0.0 0.0 0.0 0.0 0.0
0.0 0.0 0.0 0.0 0.0 0.0 0.0 0.0 0.0 0.0
0.0 0.0 0.0 0.0 0.0 0.0 0.0 0.0 0.0 0.0
0.0 0.0 0.0 0.0 0.0 0.0 0.0 0.0 0.0 0.0
pointenable- 
n n n n n n n n n n
n n n y y y y n n n
n n y y y y y y n n
n y y y y y y y y n
n y y y y y y y y n
n y y y y y y y y n
n y y y y y y y y n
n n y y y y y y n n
n n n y y y y n n n
n n n n n n n n n n
