#head
personName-Caio
birthdate-01/01/1990
age-26
date-12/04/2016
stimulus-0
blindspot-1
blindspotsize-1
time-12:56:18
strategy-1
#lefteye
timetest-201
fneg-1
fnegtests-7
fpos-0
fpostests-3
fixationlosses-1
fixationlossestests-10
firings-201
visualfield- 
0,0 0,0 0,0 0,0 0,0 0,0 0,0 0,0 0,0 0,0
0,0 0,0 0,0 3,4 2,3 2,3 2,3 0,0 0,0 0,0
0,0 0,0 2,3 3,3 3,3 3,3 2,3 2,3 0,0 0,0
0,0 3,5 2,3 3,3 3,3 3,3 3,3 3,3 3,4 0,0
0,0 0,0 0,0 3,3 2,3 3,3 3,3 3,4 4,4 0,0
0,0 0,0 0,0 3,3 3,3 3,3 4,4 4,4 4,4 0,0
0,0 3,4 2,3 2,3 3,3 3,4 5,5 4,4 4,5 0,0
0,0 0,0 3,3 2,3 2,3 3,3 3,3 2,4 0,0 0,0
0,0 0,0 0,0 4,4 3,4 3,4 2,4 0,0 0,0 0,0
0,0 0,0 0,0 0,0 0,0 0,0 0,0 0,0 0,0 0,0
minintensity- 
1.0 1.0 1.0 1.0 1.0 1.0 1.0 1.0 1.0 1.0
1.0 1.0 1.0 0.23097948866434892 0.23052432322106509 0.2605800067994675 0.2598972586345418 1.0 1.0 1.0
1.0 1.0 0.2903183180540981 0.22754458169446973 0.2218612266255041 0.22606690937653867 0.24495039640462848 0.22498707191343517 1.0 1.0
1.0 0.4118609543941508 0.2546576885428907 0.2254513394580022 0.22411670352805987 0.22410250527348602 0.22540164556699369 0.22965402281186303 0.23692352915367643 1.0
1.0 0.32023544226191336 0.251148704055445 0.22296890800092306 0.24532976912380947 0.222259281789748 0.22322437343694607 0.2550333432050607 0.22752974829496692 1.0
1.0 0.23125024588533602 0.22242072175279032 0.2233290433030944 0.22202066997624037 0.22352596457669546 0.22578050019260998 0.22752974829496692 0.22752974829496692 1.0
1.0 0.23696812054694744 0.22969573018467374 0.25746761186214756 0.22380722594789537 0.2358153442918007 0.21568525337600225 0.2256861174122826 0.23251695142192666 1.0
1.0 1.0 0.22955872471237382 0.25553708825995 0.25637785295001075 0.22662862979669418 0.22410978549251281 0.2643626875799134 1.0 1.0
1.0 1.0 1.0 0.2195532365117958 0.2902682791299847 0.2408588172452532 0.2783398068721895 1.0 1.0 1.0
1.0 1.0 1.0 1.0 1.0 1.0 1.0 1.0 1.0 1.0
deviation- 
0.0 0.0 0.0 0.0 0.0 0.0 0.0 0.0 0.0 0.0
0.0 0.0 0.0 0.0 0.0 0.0 0.0 0.0 0.0 0.0
0.0 0.0 0.0 0.0 0.0 0.0 0.0 0.0 0.0 0.0
0.0 0.0 0.0 0.0 0.0 0.0 0.0 0.0 0.0 0.0
0.0 0.0 0.0 0.0 0.0 0.0 0.0 0.0 0.0 0.0
0.0 0.0 0.0 0.0 0.0 0.0 0.0 0.0 0.0 0.0
0.0 0.0 0.0 0.0 0.0 0.0 0.0 0.0 0.0 0.0
0.0 0.0 0.0 0.0 0.0 0.0 0.0 0.0 0.0 0.0
0.0 0.0 0.0 0.0 0.0 0.0 0.0 0.0 0.0 0.0
0.0 0.0 0.0 0.0 0.0 0.0 0.0 0.0 0.0 0.0
pointenable- 
n n n n n n n n n n
n n n y y y y n n n
n n y y y y y y n n
n y y y y y y y y n
n y y y y y y y y n
n y y y y y y y y n
n y y y y y y y y n
n n y y y y y y n n
n n n y y y y n n n
n n n n n n n n n n
#righteye
timetest-206
fneg-1
fnegtests-7
fpos-0
fpostests-3
fixationlosses-0
fixationlossestests-10
firings-206
visualfield- 
0,0 0,0 0,0 0,0 0,0 0,0 0,0 0,0 0,0 0,0
0,0 0,0 0,0 4,4 3,3 3,3 3,3 0,0 0,0 0,0
0,0 0,0 2,3 2,3 2,3 3,3 3,3 3,3 0,0 0,0
0,0 4,4 3,3 3,3 3,3 3,3 3,3 2,3 4,4 0,0
0,0 2,4 3,3 3,3 3,3 3,3 3,3 0,0 0,0 0,0
0,0 3,4 3,3 3,3 3,3 3,3 3,4 0,0 0,0 0,0
0,0 3,4 3,3 3,3 3,3 3,4 5,5 4,4 4,5 0,0
0,0 0,0 3,3 3,3 2,3 3,3 2,3 4,4 0,0 0,0
0,0 0,0 0,0 3,4 4,4 3,4 4,5 0,0 0,0 0,0
0,0 0,0 0,0 0,0 0,0 0,0 0,0 0,0 0,0 0,0
minintensity- 
1.0 1.0 1.0 1.0 1.0 1.0 1.0 1.0 1.0 1.0
1.0 1.0 1.0 0.2157240641535058 0.23052432322106509 0.23052432322106509 0.2301829491386022 1.0 1.0 1.0
1.0 1.0 0.2602954550908357 0.2548394342246287 0.26508422154789074 0.22606690937653867 0.22260006278446962 0.22498707191343517 1.0 1.0
1.0 0.21578915750725922 0.22738230208004637 0.2254513394580022 0.22411670352805987 0.22410250527348602 0.22540164556699369 0.25920113000652406 0.21851522238543922 1.0
1.0 0.26013079782339327 0.22558742872015905 0.22296890800092306 0.22267796125434128 0.222259281789748 0.22322437343694607 0.22752974829496692 1.0 1.0
1.0 0.23125024588533602 0.22242072175279032 0.2233290433030944 0.22202066997624037 0.22352596457669546 0.25153484700034684 0.22752974829496692 0.22752974829496692 1.0
1.0 0.23696812054694744 0.22969573018467374 0.22878726373967478 0.22380722594789537 0.2358153442918007 0.21568525337600225 0.2256861174122826 0.2811320051290136 1.0
1.0 1.0 0.22955872471237382 0.22789340871213035 0.25637785295001075 0.22662862979669418 0.2718298981489169 0.21627796876821143 1.0 1.0
1.0 1.0 1.0 0.23863783338092892 0.2184285675401271 0.2610539060465485 0.2199364314500444 1.0 1.0 1.0
1.0 1.0 1.0 1.0 1.0 1.0 1.0 1.0 1.0 1.0
deviation- 
0.0 0.0 0.0 0.0 0.0 0.0 0.0 0.0 0.0 0.0
0.0 0.0 0.0 0.0 0.0 0.0 0.0 0.0 0.0 0.0
0.0 0.0 0.0 0.0 0.0 0.0 0.0 0.0 0.0 0.0
0.0 0.0 0.0 0.0 0.0 0.0 0.0 0.0 0.0 0.0
0.0 0.0 0.0 0.0 0.0 0.0 0.0 0.0 0.0 0.0
0.0 0.0 0.0 0.0 0.0 0.0 0.0 0.0 0.0 0.0
0.0 0.0 0.0 0.0 0.0 0.0 0.0 0.0 0.0 0.0
0.0 0.0 0.0 0.0 0.0 0.0 0.0 0.0 0.0 0.0
0.0 0.0 0.0 0.0 0.0 0.0 0.0 0.0 0.0 0.0
0.0 0.0 0.0 0.0 0.0 0.0 0.0 0.0 0.0 0.0
pointenable- 
n n n n n n n n n n
n n n y y y y n n n
n n y y y y y y n n
n y y y y y y y y n
n y y y y y y y y n
n y y y y y y y y n
n y y y y y y y y n
n n y y y y y y n n
n n n y y y y n n n
n n n n n n n n n n
