y
y
CAIO UFRGS
17-11-1988
27
Direito
100.0
-0.5
1.24
Dentro dos limites normais
0.0 0.0 0.0 0.0 0.0 0.0 0.0 0.0 0.0 0.0 
0.0 0.0 0.0 29.0 28.0 27.0 29.0 0.0 0.0 0.0 
0.0 0.0 29.0 31.0 28.0 29.0 30.0 30.0 0.0 0.0 
0.0 31.0 33.0 34.0 33.0 30.0 30.0 31.0 28.0 0.0 
27.0 31.0 31.0 33.0 33.0 33.0 33.0 37.0 31.0 0.0 
30.0 30.0 33.0 34.0 35.0 35.0 34.0 21.0 30.0 0.0 
0.0 32.0 32.0 32.0 34.0 35.0 34.0 31.0 35.0 0.0 
0.0 0.0 32.0 32.0 33.0 34.0 33.0 33.0 0.0 0.0 
0.0 0.0 0.0 32.0 30.0 31.0 33.0 0.0 0.0 0.0 
0.0 0.0 0.0 0.0 0.0 0.0 0.0 0.0 0.0 0.0 
0.0 0.0 0.0 0.0 0.0 0.0 0.0 0.0 0.0 0.0 
0.0 0.0 0.0 -1.0 -1.0 -3.0 0.0 0.0 0.0 0.0 
0.0 0.0 -2.0 0.0 -3.0 -2.0 -1.0 -1.0 0.0 0.0 
0.0 0.0 0.0 1.0 0.0 -3.0 -2.0 -1.0 -3.0 0.0 
2.0 1.0 2.0 -1.0 -1.0 -1.0 -1.0 0.0 -1.0 0.0 
0.0 -2.0 0.0 0.0 0.0 1.0 0.0 0.0 -1.0 0.0 
0.0 0.0 1.0 -1.0 0.0 1.0 1.0 -2.0 3.0 0.0 
0.0 0.0 0.0 0.0 0.0 1.0 1.0 1.0 0.0 0.0 
0.0 0.0 0.0 1.0 -2.0 0.0 2.0 0.0 0.0 0.0 
0.0 0.0 0.0 0.0 0.0 0.0 0.0 0.0 0.0 0.0 
0.0 0.0 0.0 0.0 0.0 0.0 0.0 0.0 0.0 0.0 
0.0 0.0 0.0 50.0 50.0 50.0 50.0 0.0 0.0 0.0 
0.0 0.0 50.0 50.0 5.0 50.0 50.0 50.0 0.0 0.0 
0.0 50.0 50.0 50.0 50.0 50.0 50.0 50.0 50.0 0.0 
50.0 50.0 50.0 50.0 50.0 50.0 50.0 0.0 50.0 0.0 
50.0 50.0 50.0 50.0 50.0 50.0 50.0 0.0 50.0 0.0 
0.0 50.0 50.0 50.0 50.0 50.0 50.0 50.0 50.0 0.0 
0.0 0.0 50.0 50.0 50.0 50.0 50.0 50.0 0.0 0.0 
0.0 0.0 0.0 50.0 50.0 50.0 50.0 0.0 0.0 0.0 
0.0 0.0 0.0 0.0 0.0 0.0 0.0 0.0 0.0 0.0 
0.0 0.0 0.0 0.0 0.0 0.0 0.0 0.0 0.0 0.0 
0.0 0.0 0.0 -1.0 -2.0 -3.0 -1.0 0.0 0.0 0.0 
0.0 0.0 -2.0 -1.0 -4.0 -3.0 -2.0 -1.0 0.0 0.0 
0.0 -1.0 -1.0 0.0 -1.0 -3.0 -3.0 -2.0 -4.0 0.0 
0.0 -2.0 -3.0 -2.0 -2.0 -1.0 -1.0 0.0 -2.0 0.0 
0.0 -2.0 -1.0 -1.0 -1.0 0.0 0.0 0.0 -2.0 0.0 
0.0 0.0 -1.0 -2.0 -1.0 0.0 0.0 -2.0 2.0 0.0 
0.0 0.0 0.0 -1.0 -1.0 0.0 0.0 0.0 0.0 0.0 
0.0 0.0 0.0 0.0 -2.0 -1.0 1.0 0.0 0.0 0.0 
0.0 0.0 0.0 0.0 0.0 0.0 0.0 0.0 0.0 0.0 
0.0 0.0 0.0 0.0 0.0 0.0 0.0 0.0 0.0 0.0 
0.0 0.0 0.0 50.0 50.0 50.0 50.0 0.0 0.0 0.0 
0.0 0.0 50.0 50.0 5.0 50.0 50.0 50.0 0.0 0.0 
0.0 50.0 50.0 50.0 50.0 5.0 50.0 50.0 50.0 0.0 
50.0 50.0 50.0 50.0 50.0 50.0 50.0 0.0 50.0 0.0 
50.0 50.0 50.0 50.0 50.0 50.0 50.0 0.0 50.0 0.0 
0.0 50.0 50.0 50.0 50.0 50.0 50.0 50.0 50.0 0.0 
0.0 0.0 50.0 50.0 50.0 50.0 50.0 50.0 0.0 0.0 
0.0 0.0 0.0 50.0 50.0 50.0 50.0 0.0 0.0 0.0 
0.0 0.0 0.0 0.0 0.0 0.0 0.0 0.0 0.0 0.0 
0%
0%
2/11
16:41
03:08
11-04-2016
