y
y
CAIO UFRGS
17-11-1988
27
Esquerdo
100.0
-1.11
1.24
Dentro dos limites normais
0.0 0.0 0.0 0.0 0.0 0.0 0.0 0.0 0.0 0.0 
0.0 0.0 0.0 29.0 29.0 29.0 28.0 0.0 0.0 0.0 
0.0 0.0 30.0 30.0 31.0 29.0 30.0 28.0 0.0 0.0 
0.0 28.0 31.0 30.0 32.0 32.0 32.0 31.0 32.0 0.0 
0.0 31.0 30.0 33.0 34.0 32.0 33.0 31.0 31.0 0.0 
0.0 34.0 29.0 32.0 32.0 33.0 34.0 33.0 31.0 0.0 
0.0 34.0 33.0 33.0 33.0 33.0 32.0 31.0 30.0 0.0 
0.0 0.0 33.0 31.0 30.0 30.0 30.0 28.0 0.0 0.0 
0.0 0.0 0.0 31.0 30.0 31.0 32.0 0.0 0.0 0.0 
0.0 0.0 0.0 0.0 0.0 0.0 0.0 0.0 0.0 0.0 
0.0 0.0 0.0 0.0 0.0 0.0 0.0 0.0 0.0 0.0 
0.0 0.0 0.0 0.0 0.0 -1.0 -2.0 0.0 0.0 0.0 
0.0 0.0 1.0 -1.0 -1.0 -2.0 -1.0 -3.0 0.0 0.0 
0.0 3.0 1.0 -2.0 -1.0 -1.0 -1.0 -1.0 1.0 0.0 
0.0 -1.0 0.0 -1.0 0.0 -2.0 -1.0 -2.0 -1.0 0.0 
0.0 2.0 0.0 -2.0 -2.0 -2.0 -1.0 -1.0 -1.0 0.0 
0.0 2.0 0.0 0.0 -1.0 -1.0 -1.0 -2.0 -1.0 0.0 
0.0 0.0 1.0 -2.0 -3.0 -3.0 -2.0 -3.0 0.0 0.0 
0.0 0.0 0.0 -1.0 -1.0 -1.0 2.0 0.0 0.0 0.0 
0.0 0.0 0.0 0.0 0.0 0.0 0.0 0.0 0.0 0.0 
0.0 0.0 0.0 0.0 0.0 0.0 0.0 0.0 0.0 0.0 
0.0 0.0 0.0 50.0 50.0 50.0 50.0 0.0 0.0 0.0 
0.0 0.0 50.0 50.0 50.0 50.0 50.0 5.0 0.0 0.0 
0.0 50.0 50.0 50.0 50.0 50.0 50.0 50.0 50.0 0.0 
0.0 50.0 0.0 50.0 50.0 50.0 50.0 50.0 50.0 0.0 
0.0 50.0 0.0 50.0 50.0 50.0 50.0 50.0 50.0 0.0 
0.0 50.0 50.0 50.0 50.0 50.0 50.0 50.0 50.0 0.0 
0.0 0.0 50.0 50.0 5.0 5.0 50.0 5.0 0.0 0.0 
0.0 0.0 0.0 50.0 50.0 50.0 50.0 0.0 0.0 0.0 
0.0 0.0 0.0 0.0 0.0 0.0 0.0 0.0 0.0 0.0 
0.0 0.0 0.0 0.0 0.0 0.0 0.0 0.0 0.0 0.0 
0.0 0.0 0.0 0.0 0.0 -1.0 -2.0 0.0 0.0 0.0 
0.0 0.0 -1.0 -1.0 -1.0 -2.0 -1.0 -3.0 0.0 0.0 
0.0 -3.0 -1.0 -2.0 -1.0 -1.0 -1.0 -1.0 1.0 0.0 
0.0 -1.0 0.0 -1.0 0.0 -2.0 -1.0 -2.0 -1.0 -5.0 
0.0 2.0 0.0 -2.0 -2.0 -2.0 -1.0 -1.0 -1.0 0.0 
0.0 2.0 0.0 0.0 -1.0 -1.0 -1.0 -2.0 -1.0 0.0 
0.0 0.0 1.0 -2.0 -3.0 -3.0 -2.0 -3.0 0.0 0.0 
0.0 0.0 0.0 -1.0 -1.0 -1.0 2.0 0.0 0.0 0.0 
0.0 0.0 0.0 0.0 0.0 0.0 0.0 0.0 0.0 0.0 
0.0 0.0 0.0 0.0 0.0 0.0 0.0 0.0 0.0 0.0 
0.0 0.0 0.0 50.0 50.0 50.0 50.0 0.0 0.0 0.0 
0.0 0.0 50.0 50.0 50.0 50.0 50.0 50.0 0.0 0.0 
0.0 50.0 50.0 50.0 50.0 50.0 50.0 50.0 50.0 0.0 
0.0 50.0 0.0 50.0 50.0 50.0 50.0 50.0 50.0 0.0 
0.0 50.0 0.0 50.0 50.0 50.0 50.0 50.0 50.0 0.0 
0.0 50.0 50.0 50.0 50.0 50.0 50.0 50.0 50.0 0.0 
0.0 0.0 50.0 50.0 50.0 50.0 50.0 50.0 0.0 0.0 
0.0 0.0 0.0 50.0 50.0 50.0 50.0 0.0 0.0 0.0 
0.0 0.0 0.0 0.0 0.0 0.0 0.0 0.0 0.0 0.0 
0%
0%
1/10
16:45
02:43
11-04-2016
