y
y
DENNIS UFRGS
09-10-1990
25
Direito
99.0
-0.45
1.37
Dentro dos limites normais
0.0 0.0 0.0 0.0 0.0 0.0 0.0 0.0 0.0 0.0 
0.0 0.0 0.0 31.0 26.0 31.0 31.0 0.0 0.0 0.0 
0.0 0.0 29.0 31.0 27.0 31.0 31.0 32.0 0.0 0.0 
0.0 32.0 33.0 33.0 31.0 32.0 32.0 32.0 33.0 0.0 
32.0 33.0 34.0 33.0 34.0 34.0 34.0 12.0 31.0 0.0 
31.0 32.0 33.0 34.0 34.0 34.0 33.0 25.0 32.0 0.0 
0.0 31.0 31.0 33.0 31.0 31.0 33.0 33.0 34.0 0.0 
0.0 0.0 31.0 31.0 32.0 32.0 32.0 34.0 0.0 0.0 
0.0 0.0 0.0 31.0 31.0 32.0 33.0 0.0 0.0 0.0 
0.0 0.0 0.0 0.0 0.0 0.0 0.0 0.0 0.0 0.0 
0.0 0.0 0.0 0.0 0.0 0.0 0.0 0.0 0.0 0.0 
0.0 0.0 0.0 1.0 -4.0 1.0 2.0 0.0 0.0 0.0 
0.0 0.0 -2.0 0.0 -5.0 0.0 0.0 1.0 0.0 0.0 
0.0 1.0 0.0 0.0 -2.0 -2.0 -1.0 0.0 2.0 0.0 
3.0 1.0 0.0 -1.0 -1.0 0.0 1.0 0.0 -1.0 0.0 
1.0 0.0 0.0 0.0 -1.0 -1.0 -1.0 0.0 0.0 0.0 
0.0 0.0 -2.0 0.0 -3.0 -3.0 0.0 1.0 2.0 0.0 
0.0 0.0 1.0 -2.0 -1.0 -1.0 -1.0 1.0 0.0 0.0 
0.0 0.0 0.0 0.0 0.0 0.0 1.0 0.0 0.0 0.0 
0.0 0.0 0.0 0.0 0.0 0.0 0.0 0.0 0.0 0.0 
0.0 0.0 0.0 0.0 0.0 0.0 0.0 0.0 0.0 0.0 
0.0 0.0 0.0 50.0 50.0 50.0 50.0 0.0 0.0 0.0 
0.0 0.0 50.0 50.0 2.0 50.0 50.0 50.0 0.0 0.0 
0.0 50.0 50.0 50.0 50.0 50.0 50.0 50.0 50.0 0.0 
50.0 50.0 50.0 50.0 50.0 50.0 50.0 0.0 50.0 0.0 
50.0 50.0 50.0 50.0 50.0 50.0 50.0 0.0 50.0 0.0 
0.0 50.0 50.0 50.0 5.0 5.0 50.0 50.0 50.0 0.0 
0.0 0.0 50.0 50.0 50.0 50.0 50.0 50.0 0.0 0.0 
0.0 0.0 0.0 50.0 50.0 50.0 50.0 0.0 0.0 0.0 
0.0 0.0 0.0 0.0 0.0 0.0 0.0 0.0 0.0 0.0 
0.0 0.0 0.0 0.0 0.0 0.0 0.0 0.0 0.0 0.0 
0.0 0.0 0.0 0.0 -5.0 0.0 0.0 0.0 0.0 0.0 
0.0 0.0 -3.0 -2.0 -6.0 -2.0 -1.0 0.0 0.0 0.0 
0.0 -1.0 -1.0 -1.0 -3.0 -3.0 -2.0 -1.0 0.0 0.0 
0.0 0.0 -1.0 -3.0 -2.0 -1.0 -1.0 0.0 -2.0 0.0 
0.0 -1.0 -1.0 -2.0 -2.0 -2.0 -3.0 0.0 -1.0 0.0 
0.0 -2.0 -3.0 -2.0 -4.0 -4.0 -2.0 -1.0 1.0 0.0 
0.0 0.0 -2.0 -3.0 -2.0 -2.0 -2.0 0.0 0.0 0.0 
0.0 0.0 0.0 -1.0 -2.0 -1.0 0.0 0.0 0.0 0.0 
0.0 0.0 0.0 0.0 0.0 0.0 0.0 0.0 0.0 0.0 
0.0 0.0 0.0 0.0 0.0 0.0 0.0 0.0 0.0 0.0 
0.0 0.0 0.0 50.0 5.0 50.0 50.0 0.0 0.0 0.0 
0.0 0.0 50.0 50.0 1.0 50.0 50.0 50.0 0.0 0.0 
0.0 50.0 50.0 50.0 5.0 50.0 50.0 50.0 50.0 0.0 
50.0 50.0 50.0 50.0 50.0 50.0 50.0 0.0 50.0 0.0 
50.0 50.0 50.0 50.0 50.0 50.0 50.0 0.0 50.0 0.0 
0.0 50.0 50.0 50.0 2.0 2.0 50.0 50.0 50.0 0.0 
0.0 0.0 50.0 50.0 50.0 50.0 50.0 50.0 0.0 0.0 
0.0 0.0 0.0 50.0 50.0 50.0 50.0 0.0 0.0 0.0 
0.0 0.0 0.0 0.0 0.0 0.0 0.0 0.0 0.0 0.0 
0%
0%
1/10
16:00
02:48
18-01-2016
