y
y
EDUARDO UFRGS
17-10-1987
28
Direito
99.0
0.09
1.75
Linha de Fronteira
0.0 0.0 0.0 0.0 0.0 0.0 0.0 0.0 0.0 0.0 
0.0 0.0 0.0 32.0 29.0 24.0 29.0 0.0 0.0 0.0 
0.0 0.0 30.0 33.0 33.0 30.0 31.0 32.0 0.0 0.0 
0.0 32.0 32.0 35.0 34.0 34.0 32.0 32.0 30.0 0.0 
33.0 30.0 33.0 33.0 35.0 34.0 34.0 28.0 29.0 0.0 
32.0 33.0 34.0 35.0 34.0 36.0 35.0 29.0 29.0 0.0 
0.0 33.0 32.0 35.0 33.0 33.0 35.0 31.0 31.0 0.0 
0.0 0.0 33.0 33.0 29.0 31.0 33.0 31.0 0.0 0.0 
0.0 0.0 0.0 27.0 27.0 30.0 35.0 0.0 0.0 0.0 
0.0 0.0 0.0 0.0 0.0 0.0 0.0 0.0 0.0 0.0 
0.0 0.0 0.0 0.0 0.0 0.0 0.0 0.0 0.0 0.0 
0.0 0.0 0.0 2.0 -1.0 -5.0 1.0 0.0 0.0 0.0 
0.0 0.0 -1.0 2.0 1.0 -1.0 0.0 1.0 0.0 0.0 
0.0 1.0 0.0 2.0 0.0 1.0 0.0 1.0 -1.0 0.0 
4.0 -1.0 0.0 -1.0 1.0 0.0 1.0 0.0 -2.0 0.0 
3.0 1.0 1.0 1.0 0.0 1.0 1.0 0.0 -3.0 0.0 
0.0 2.0 0.0 1.0 -1.0 0.0 2.0 -2.0 -1.0 0.0 
0.0 0.0 2.0 0.0 -4.0 -1.0 1.0 -1.0 0.0 0.0 
0.0 0.0 0.0 -3.0 -4.0 -1.0 4.0 0.0 0.0 0.0 
0.0 0.0 0.0 0.0 0.0 0.0 0.0 0.0 0.0 0.0 
0.0 0.0 0.0 0.0 0.0 0.0 0.0 0.0 0.0 0.0 
0.0 0.0 0.0 50.0 50.0 5.0 50.0 0.0 0.0 0.0 
0.0 0.0 50.0 50.0 50.0 50.0 50.0 50.0 0.0 0.0 
0.0 50.0 50.0 50.0 50.0 50.0 50.0 50.0 50.0 0.0 
50.0 50.0 50.0 50.0 50.0 50.0 50.0 0.0 50.0 0.0 
50.0 50.0 50.0 50.0 50.0 50.0 50.0 0.0 5.0 0.0 
0.0 50.0 50.0 50.0 50.0 50.0 50.0 50.0 50.0 0.0 
0.0 0.0 50.0 50.0 5.0 50.0 50.0 50.0 0.0 0.0 
0.0 0.0 0.0 50.0 5.0 50.0 50.0 0.0 0.0 0.0 
0.0 0.0 0.0 0.0 0.0 0.0 0.0 0.0 0.0 0.0 
0.0 0.0 0.0 0.0 0.0 0.0 0.0 0.0 0.0 0.0 
0.0 0.0 0.0 0.0 -2.0 -7.0 -1.0 0.0 0.0 0.0 
0.0 0.0 -2.0 0.0 -1.0 -3.0 -2.0 -1.0 0.0 0.0 
0.0 -1.0 -2.0 0.0 -1.0 -1.0 -2.0 -1.0 -3.0 0.0 
0.0 -3.0 -1.0 -2.0 -1.0 -2.0 -1.0 0.0 -4.0 0.0 
0.0 -1.0 -1.0 -1.0 -2.0 0.0 0.0 0.0 -5.0 0.0 
0.0 0.0 -2.0 -1.0 -3.0 -2.0 0.0 -4.0 -3.0 0.0 
0.0 0.0 0.0 -2.0 -5.0 -3.0 -1.0 -3.0 0.0 0.0 
0.0 0.0 0.0 -5.0 -6.0 -3.0 2.0 0.0 0.0 0.0 
0.0 0.0 0.0 0.0 0.0 0.0 0.0 0.0 0.0 0.0 
0.0 0.0 0.0 0.0 0.0 0.0 0.0 0.0 0.0 0.0 
0.0 0.0 0.0 50.0 50.0 2.0 50.0 0.0 0.0 0.0 
0.0 0.0 50.0 50.0 50.0 50.0 50.0 50.0 0.0 0.0 
0.0 50.0 50.0 50.0 50.0 50.0 50.0 50.0 50.0 0.0 
50.0 50.0 50.0 50.0 50.0 50.0 50.0 0.0 5.0 0.0 
50.0 50.0 50.0 50.0 50.0 50.0 50.0 0.0 2.0 0.0 
0.0 50.0 50.0 50.0 50.0 50.0 50.0 5.0 50.0 0.0 
0.0 0.0 50.0 50.0 1.0 5.0 50.0 50.0 0.0 0.0 
0.0 0.0 0.0 2.0 1.0 50.0 50.0 0.0 0.0 0.0 
0.0 0.0 0.0 0.0 0.0 0.0 0.0 0.0 0.0 0.0 
0%
5%
0/11
16:45
03:17
18-03-2016
