y
y
EDUARDO UFRGS
17-10-1987
28
Esquerdo
100.0
0.05
1.23
Dentro dos limites normais
0.0 0.0 0.0 0.0 0.0 0.0 0.0 0.0 0.0 0.0 
0.0 0.0 0.0 32.0 30.0 30.0 28.0 0.0 0.0 0.0 
0.0 0.0 30.0 30.0 31.0 32.0 32.0 33.0 0.0 0.0 
0.0 32.0 31.0 30.0 32.0 32.0 34.0 33.0 32.0 0.0 
0.0 33.0 30.0 33.0 34.0 34.0 33.0 33.0 28.0 0.0 
0.0 33.0 11.0 33.0 34.0 35.0 35.0 34.0 32.0 0.0 
0.0 32.0 32.0 35.0 32.0 33.0 34.0 33.0 30.0 0.0 
0.0 0.0 30.0 32.0 33.0 33.0 33.0 33.0 0.0 0.0 
0.0 0.0 0.0 32.0 32.0 30.0 29.0 0.0 0.0 0.0 
0.0 0.0 0.0 0.0 0.0 0.0 0.0 0.0 0.0 0.0 
0.0 0.0 0.0 0.0 0.0 0.0 0.0 0.0 0.0 0.0 
0.0 0.0 0.0 3.0 1.0 1.0 -1.0 0.0 0.0 0.0 
0.0 0.0 0.0 -1.0 0.0 0.0 0.0 2.0 0.0 0.0 
0.0 0.0 1.0 -2.0 -1.0 -2.0 1.0 1.0 1.0 0.0 
0.0 1.0 0.0 -1.0 0.0 0.0 -1.0 0.0 -3.0 0.0 
0.0 1.0 0.0 -1.0 0.0 1.0 1.0 1.0 0.0 0.0 
0.0 0.0 -1.0 1.0 -1.0 -1.0 1.0 1.0 -1.0 0.0 
0.0 0.0 -2.0 0.0 0.0 0.0 1.0 1.0 0.0 0.0 
0.0 0.0 0.0 0.0 1.0 -1.0 -1.0 0.0 0.0 0.0 
0.0 0.0 0.0 0.0 0.0 0.0 0.0 0.0 0.0 0.0 
0.0 0.0 0.0 0.0 0.0 0.0 0.0 0.0 0.0 0.0 
0.0 0.0 0.0 50.0 50.0 50.0 50.0 0.0 0.0 0.0 
0.0 0.0 50.0 50.0 50.0 50.0 50.0 50.0 0.0 0.0 
0.0 50.0 50.0 50.0 50.0 50.0 50.0 50.0 50.0 0.0 
0.0 50.0 0.0 50.0 50.0 50.0 50.0 50.0 5.0 0.0 
0.0 50.0 0.0 50.0 50.0 50.0 50.0 50.0 50.0 0.0 
0.0 50.0 50.0 50.0 50.0 50.0 50.0 50.0 50.0 0.0 
0.0 0.0 50.0 50.0 50.0 50.0 50.0 50.0 0.0 0.0 
0.0 0.0 0.0 50.0 50.0 50.0 50.0 0.0 0.0 0.0 
0.0 0.0 0.0 0.0 0.0 0.0 0.0 0.0 0.0 0.0 
0.0 0.0 0.0 0.0 0.0 0.0 0.0 0.0 0.0 0.0 
0.0 0.0 0.0 2.0 0.0 0.0 -2.0 0.0 0.0 0.0 
0.0 0.0 -2.0 -2.0 -2.0 -1.0 -1.0 0.0 0.0 0.0 
0.0 -1.0 -2.0 -3.0 -2.0 -3.0 0.0 -1.0 0.0 0.0 
0.0 0.0 0.0 -2.0 -1.0 -1.0 -2.0 -1.0 -5.0 -2.0 
0.0 0.0 0.0 -2.0 -1.0 -1.0 0.0 0.0 -1.0 3.0 
0.0 -1.0 -2.0 0.0 -3.0 -2.0 -1.0 -1.0 -2.0 0.0 
0.0 0.0 -3.0 -2.0 -1.0 -1.0 -1.0 0.0 0.0 0.0 
0.0 0.0 0.0 -1.0 0.0 -3.0 -3.0 0.0 0.0 0.0 
0.0 0.0 0.0 0.0 0.0 0.0 0.0 0.0 0.0 0.0 
0.0 0.0 0.0 0.0 0.0 0.0 0.0 0.0 0.0 0.0 
0.0 0.0 0.0 50.0 50.0 50.0 50.0 0.0 0.0 0.0 
0.0 0.0 50.0 50.0 50.0 50.0 50.0 50.0 0.0 0.0 
0.0 50.0 50.0 50.0 50.0 50.0 50.0 50.0 50.0 0.0 
0.0 50.0 0.0 50.0 50.0 50.0 50.0 50.0 2.0 0.0 
0.0 50.0 0.0 50.0 50.0 50.0 50.0 50.0 50.0 0.0 
0.0 50.0 50.0 50.0 50.0 50.0 50.0 50.0 50.0 0.0 
0.0 0.0 50.0 50.0 50.0 50.0 50.0 50.0 0.0 0.0 
0.0 0.0 0.0 50.0 50.0 50.0 50.0 0.0 0.0 0.0 
0.0 0.0 0.0 0.0 0.0 0.0 0.0 0.0 0.0 0.0 
0%
0%
0/10
16:49
02:33
18-03-2016
