y
y
EDUARDO UFRGS
17-10-1987
28
Esquerdo
100.0
0.75
1.05
Dentro dos limites normais
0.0 0.0 0.0 0.0 0.0 0.0 0.0 0.0 0.0 0.0 
0.0 0.0 0.0 31.0 31.0 31.0 32.0 0.0 0.0 0.0 
0.0 0.0 32.0 31.0 32.0 32.0 32.0 33.0 0.0 0.0 
0.0 30.0 32.0 32.0 34.0 32.0 35.0 33.0 33.0 0.0 
0.0 29.0 31.0 35.0 35.0 35.0 35.0 34.0 31.0 0.0 
0.0 32.0 31.0 35.0 36.0 35.0 35.0 34.0 31.0 0.0 
0.0 30.0 32.0 35.0 33.0 33.0 34.0 34.0 33.0 0.0 
0.0 0.0 34.0 32.0 33.0 33.0 33.0 34.0 0.0 0.0 
0.0 0.0 0.0 30.0 32.0 32.0 30.0 0.0 0.0 0.0 
0.0 0.0 0.0 0.0 0.0 0.0 0.0 0.0 0.0 0.0 
0.0 0.0 0.0 0.0 0.0 0.0 0.0 0.0 0.0 0.0 
0.0 0.0 0.0 2.0 2.0 2.0 2.0 0.0 0.0 0.0 
0.0 0.0 1.0 1.0 1.0 1.0 1.0 2.0 0.0 0.0 
0.0 -1.0 1.0 0.0 1.0 -1.0 2.0 1.0 2.0 0.0 
0.0 -2.0 0.0 1.0 1.0 1.0 1.0 1.0 0.0 0.0 
0.0 0.0 0.0 2.0 2.0 1.0 1.0 1.0 0.0 0.0 
0.0 -1.0 0.0 1.0 -1.0 -1.0 1.0 1.0 2.0 0.0 
0.0 0.0 2.0 0.0 1.0 1.0 1.0 2.0 0.0 0.0 
0.0 0.0 0.0 -1.0 1.0 1.0 0.0 0.0 0.0 0.0 
0.0 0.0 0.0 0.0 0.0 0.0 0.0 0.0 0.0 0.0 
0.0 0.0 0.0 0.0 0.0 0.0 0.0 0.0 0.0 0.0 
0.0 0.0 0.0 50.0 50.0 50.0 50.0 0.0 0.0 0.0 
0.0 0.0 50.0 50.0 50.0 50.0 50.0 50.0 0.0 0.0 
0.0 50.0 50.0 50.0 50.0 50.0 50.0 50.0 50.0 0.0 
0.0 50.0 0.0 50.0 50.0 50.0 50.0 50.0 50.0 0.0 
0.0 50.0 0.0 50.0 50.0 50.0 50.0 50.0 50.0 0.0 
0.0 50.0 50.0 50.0 50.0 50.0 50.0 50.0 50.0 0.0 
0.0 0.0 50.0 50.0 50.0 50.0 50.0 50.0 0.0 0.0 
0.0 0.0 0.0 50.0 50.0 50.0 50.0 0.0 0.0 0.0 
0.0 0.0 0.0 0.0 0.0 0.0 0.0 0.0 0.0 0.0 
0.0 0.0 0.0 0.0 0.0 0.0 0.0 0.0 0.0 0.0 
0.0 0.0 0.0 0.0 0.0 0.0 0.0 0.0 0.0 0.0 
0.0 0.0 -1.0 -1.0 -1.0 -1.0 -1.0 0.0 0.0 0.0 
0.0 -3.0 -1.0 -2.0 -1.0 -3.0 0.0 -1.0 0.0 0.0 
0.0 -4.0 0.0 -1.0 -1.0 -1.0 -1.0 -1.0 -2.0 0.0 
0.0 -2.0 0.0 0.0 0.0 -1.0 -1.0 -1.0 -2.0 0.0 
0.0 -3.0 -2.0 -1.0 -3.0 -3.0 -1.0 -1.0 0.0 0.0 
0.0 0.0 0.0 -2.0 -1.0 -1.0 -1.0 0.0 0.0 0.0 
0.0 0.0 0.0 -3.0 -1.0 -1.0 -2.0 0.0 0.0 0.0 
0.0 0.0 0.0 0.0 0.0 0.0 0.0 0.0 0.0 0.0 
0.0 0.0 0.0 0.0 0.0 0.0 0.0 0.0 0.0 0.0 
0.0 0.0 0.0 50.0 50.0 50.0 50.0 0.0 0.0 0.0 
0.0 0.0 50.0 50.0 50.0 50.0 50.0 50.0 0.0 0.0 
0.0 50.0 50.0 50.0 50.0 50.0 50.0 50.0 50.0 0.0 
0.0 5.0 0.0 50.0 50.0 50.0 50.0 50.0 50.0 0.0 
0.0 50.0 0.0 50.0 50.0 50.0 50.0 50.0 50.0 0.0 
0.0 50.0 50.0 50.0 50.0 50.0 50.0 50.0 50.0 0.0 
0.0 0.0 50.0 50.0 50.0 50.0 50.0 50.0 0.0 0.0 
0.0 0.0 0.0 50.0 50.0 50.0 50.0 0.0 0.0 0.0 
0.0 0.0 0.0 0.0 0.0 0.0 0.0 0.0 0.0 0.0 
0%
4%
1/10
17:24
02:43
18-03-2016
