y
y
EDUARDO UFRGS
17-10-1987
28
Direito
100.0
0.95
1.19
Dentro dos limites normais
0.0 0.0 0.0 0.0 0.0 0.0 0.0 0.0 0.0 0.0 
0.0 0.0 0.0 33.0 30.0 31.0 32.0 0.0 0.0 0.0 
0.0 0.0 34.0 34.0 33.0 32.0 33.0 33.0 0.0 0.0 
0.0 32.0 32.0 36.0 34.0 35.0 33.0 34.0 32.0 0.0 
31.0 31.0 33.0 35.0 34.0 34.0 36.0 26.0 31.0 0.0 
31.0 32.0 35.0 35.0 35.0 35.0 33.0 15.0 29.0 0.0 
0.0 34.0 35.0 35.0 34.0 33.0 35.0 32.0 32.0 0.0 
0.0 0.0 32.0 34.0 33.0 34.0 34.0 31.0 0.0 0.0 
0.0 0.0 0.0 33.0 33.0 31.0 30.0 0.0 0.0 0.0 
0.0 0.0 0.0 0.0 0.0 0.0 0.0 0.0 0.0 0.0 
0.0 0.0 0.0 0.0 0.0 0.0 0.0 0.0 0.0 0.0 
0.0 0.0 0.0 4.0 1.0 2.0 3.0 0.0 0.0 0.0 
0.0 0.0 3.0 2.0 2.0 0.0 2.0 3.0 0.0 0.0 
0.0 1.0 0.0 3.0 1.0 2.0 1.0 2.0 1.0 0.0 
2.0 0.0 0.0 1.0 0.0 0.0 2.0 0.0 -1.0 0.0 
2.0 0.0 2.0 1.0 1.0 0.0 -1.0 0.0 -2.0 0.0 
0.0 3.0 2.0 2.0 0.0 -1.0 1.0 0.0 0.0 0.0 
0.0 0.0 1.0 2.0 0.0 1.0 1.0 -1.0 0.0 0.0 
0.0 0.0 0.0 2.0 2.0 -1.0 -1.0 0.0 0.0 0.0 
0.0 0.0 0.0 0.0 0.0 0.0 0.0 0.0 0.0 0.0 
0.0 0.0 0.0 0.0 0.0 0.0 0.0 0.0 0.0 0.0 
0.0 0.0 0.0 50.0 50.0 50.0 50.0 0.0 0.0 0.0 
0.0 0.0 50.0 50.0 50.0 50.0 50.0 50.0 0.0 0.0 
0.0 50.0 50.0 50.0 50.0 50.0 50.0 50.0 50.0 0.0 
50.0 50.0 50.0 50.0 50.0 50.0 50.0 0.0 50.0 0.0 
50.0 50.0 50.0 50.0 50.0 50.0 50.0 0.0 50.0 0.0 
0.0 50.0 50.0 50.0 50.0 50.0 50.0 50.0 50.0 0.0 
0.0 0.0 50.0 50.0 50.0 50.0 50.0 50.0 0.0 0.0 
0.0 0.0 0.0 50.0 50.0 50.0 50.0 0.0 0.0 0.0 
0.0 0.0 0.0 0.0 0.0 0.0 0.0 0.0 0.0 0.0 
0.0 0.0 0.0 0.0 0.0 0.0 0.0 0.0 0.0 0.0 
0.0 0.0 0.0 1.0 -1.0 0.0 1.0 0.0 0.0 0.0 
0.0 0.0 0.0 0.0 -1.0 -2.0 0.0 1.0 0.0 0.0 
0.0 -1.0 -2.0 0.0 -2.0 -1.0 -1.0 0.0 -2.0 0.0 
0.0 -2.0 -2.0 -1.0 -2.0 -2.0 0.0 0.0 -3.0 0.0 
0.0 -2.0 0.0 -2.0 -1.0 -2.0 -3.0 0.0 -5.0 0.0 
0.0 0.0 0.0 -1.0 -2.0 -3.0 -1.0 -3.0 -2.0 0.0 
0.0 0.0 -1.0 0.0 -2.0 -1.0 -1.0 -3.0 0.0 0.0 
0.0 0.0 0.0 0.0 -1.0 -3.0 -3.0 0.0 0.0 0.0 
0.0 0.0 0.0 0.0 0.0 0.0 0.0 0.0 0.0 0.0 
0.0 0.0 0.0 0.0 0.0 0.0 0.0 0.0 0.0 0.0 
0.0 0.0 0.0 50.0 50.0 50.0 50.0 0.0 0.0 0.0 
0.0 0.0 50.0 50.0 50.0 50.0 50.0 50.0 0.0 0.0 
0.0 50.0 50.0 50.0 50.0 50.0 50.0 50.0 50.0 0.0 
50.0 50.0 50.0 50.0 50.0 50.0 50.0 0.0 50.0 0.0 
50.0 50.0 50.0 50.0 50.0 50.0 50.0 0.0 5.0 0.0 
0.0 50.0 50.0 50.0 50.0 50.0 50.0 50.0 50.0 0.0 
0.0 0.0 50.0 50.0 50.0 50.0 50.0 50.0 0.0 0.0 
0.0 0.0 0.0 50.0 50.0 50.0 50.0 0.0 0.0 0.0 
0.0 0.0 0.0 0.0 0.0 0.0 0.0 0.0 0.0 0.0 
0%
6%
1/11
17:19
02:49
18-03-2016
