y
y
FERNANDA UFRGS
22-09-1988
27
Direito
97.0
-3.78
1.36
Dentro dos limites normais
0.0 0.0 0.0 0.0 0.0 0.0 0.0 0.0 0.0 0.0 
0.0 0.0 0.0 27.0 27.0 26.0 28.0 0.0 0.0 0.0 
0.0 0.0 28.0 27.0 28.0 26.0 27.0 25.0 0.0 0.0 
0.0 28.0 29.0 29.0 30.0 30.0 29.0 28.0 27.0 0.0 
25.0 28.0 28.0 29.0 28.0 29.0 28.0 2.0 29.0 0.0 
28.0 29.0 30.0 29.0 29.0 31.0 30.0 0.0 26.0 0.0 
0.0 29.0 29.0 32.0 28.0 30.0 29.0 29.0 27.0 0.0 
0.0 0.0 29.0 29.0 27.0 29.0 30.0 32.0 0.0 0.0 
0.0 0.0 0.0 27.0 27.0 29.0 30.0 0.0 0.0 0.0 
0.0 0.0 0.0 0.0 0.0 0.0 0.0 0.0 0.0 0.0 
0.0 0.0 0.0 0.0 0.0 0.0 0.0 0.0 0.0 0.0 
0.0 0.0 0.0 -3.0 -3.0 -3.0 -1.0 0.0 0.0 0.0 
0.0 0.0 3.0 -4.0 -3.0 -5.0 -4.0 -6.0 0.0 0.0 
0.0 3.0 3.0 -4.0 -4.0 -3.0 -3.0 -4.0 -4.0 0.0 
5.0 3.0 5.0 -5.0 -6.0 -5.0 -5.0 0.0 -3.0 0.0 
2.0 2.0 3.0 -5.0 -6.0 -3.0 -4.0 0.0 -6.0 0.0 
0.0 2.0 3.0 -2.0 -5.0 -4.0 -5.0 -4.0 -4.0 0.0 
0.0 0.0 3.0 -4.0 -6.0 -3.0 -2.0 0.0 0.0 0.0 
0.0 0.0 0.0 -4.0 -4.0 -2.0 -2.0 0.0 0.0 0.0 
0.0 0.0 0.0 0.0 0.0 0.0 0.0 0.0 0.0 0.0 
0.0 0.0 0.0 0.0 0.0 0.0 0.0 0.0 0.0 0.0 
0.0 0.0 0.0 50.0 50.0 50.0 50.0 0.0 0.0 0.0 
0.0 0.0 5.0 2.0 5.0 2.0 5.0 2.0 0.0 0.0 
0.0 50.0 5.0 2.0 2.0 5.0 5.0 5.0 5.0 0.0 
5.0 5.0 1.0 0.5 0.5 1.0 1.0 0.0 50.0 0.0 
50.0 50.0 5.0 1.0 0.5 2.0 2.0 0.0 2.0 0.0 
0.0 50.0 5.0 50.0 1.0 2.0 2.0 5.0 5.0 0.0 
0.0 0.0 50.0 5.0 1.0 5.0 50.0 50.0 0.0 0.0 
0.0 0.0 0.0 5.0 5.0 50.0 50.0 0.0 0.0 0.0 
0.0 0.0 0.0 0.0 0.0 0.0 0.0 0.0 0.0 0.0 
0.0 0.0 0.0 0.0 0.0 0.0 0.0 0.0 0.0 0.0 
0.0 0.0 0.0 0.0 0.0 -1.0 1.0 0.0 0.0 0.0 
0.0 0.0 -1.0 -2.0 -1.0 -3.0 -2.0 -4.0 0.0 0.0 
0.0 -1.0 -1.0 -1.0 -1.0 -1.0 -1.0 -2.0 -2.0 0.0 
0.0 -1.0 -3.0 -3.0 -4.0 -3.0 -3.0 0.0 0.0 0.0 
0.0 0.0 -1.0 -3.0 -4.0 -1.0 -1.0 0.0 -4.0 0.0 
0.0 0.0 -1.0 0.0 -3.0 -2.0 -2.0 -2.0 -2.0 0.0 
0.0 0.0 0.0 -1.0 -3.0 -1.0 0.0 3.0 0.0 0.0 
0.0 0.0 0.0 -1.0 -2.0 0.0 1.0 0.0 0.0 0.0 
0.0 0.0 0.0 0.0 0.0 0.0 0.0 0.0 0.0 0.0 
0.0 0.0 0.0 0.0 0.0 0.0 0.0 0.0 0.0 0.0 
0.0 0.0 0.0 50.0 50.0 50.0 50.0 0.0 0.0 0.0 
0.0 0.0 50.0 50.0 50.0 50.0 50.0 50.0 0.0 0.0 
0.0 50.0 50.0 50.0 50.0 50.0 50.0 50.0 50.0 0.0 
50.0 50.0 50.0 50.0 5.0 50.0 50.0 0.0 50.0 0.0 
50.0 50.0 50.0 50.0 2.0 50.0 50.0 0.0 50.0 0.0 
0.0 50.0 50.0 50.0 5.0 50.0 50.0 50.0 50.0 0.0 
0.0 0.0 50.0 50.0 5.0 50.0 50.0 50.0 0.0 0.0 
0.0 0.0 0.0 50.0 50.0 50.0 50.0 0.0 0.0 0.0 
0.0 0.0 0.0 0.0 0.0 0.0 0.0 0.0 0.0 0.0 
0%
0%
0/11
17:21
03:11
16-03-2016
