y
y
HENRIQUE UFRGS
20-01-1990
25
Direito
99.0
-1.72
1.43
Dentro dos limites normais
0.0 0.0 0.0 0.0 0.0 0.0 0.0 0.0 0.0 0.0 
0.0 0.0 0.0 29.0 26.0 26.0 24.0 0.0 0.0 0.0 
0.0 0.0 29.0 29.0 30.0 27.0 28.0 28.0 0.0 0.0 
0.0 27.0 30.0 30.0 31.0 31.0 31.0 31.0 29.0 0.0 
31.0 30.0 32.0 32.0 31.0 33.0 31.0 30.0 30.0 0.0 
29.0 29.0 32.0 31.0 33.0 33.0 33.0 0.0 27.0 0.0 
0.0 31.0 31.0 33.0 33.0 33.0 33.0 30.0 28.0 0.0 
0.0 0.0 30.0 31.0 32.0 32.0 30.0 32.0 0.0 0.0 
0.0 0.0 0.0 32.0 33.0 32.0 32.0 0.0 0.0 0.0 
0.0 0.0 0.0 0.0 0.0 0.0 0.0 0.0 0.0 0.0 
0.0 0.0 0.0 0.0 0.0 0.0 0.0 0.0 0.0 0.0 
0.0 0.0 0.0 -1.0 -4.0 -3.0 -5.0 0.0 0.0 0.0 
0.0 0.0 2.0 -2.0 -2.0 -4.0 -3.0 -2.0 0.0 0.0 
0.0 5.0 2.0 -3.0 -2.0 -2.0 -2.0 -1.0 -2.0 0.0 
2.0 2.0 1.0 -2.0 -4.0 -2.0 -2.0 0.0 -2.0 0.0 
1.0 3.0 1.0 -3.0 -1.0 -2.0 0.0 0.0 -5.0 0.0 
0.0 1.0 1.0 -1.0 -1.0 0.0 0.0 -2.0 -3.0 0.0 
0.0 0.0 1.0 -2.0 -1.0 0.0 -2.0 0.0 0.0 0.0 
0.0 0.0 0.0 2.0 2.0 0.0 0.0 0.0 0.0 0.0 
0.0 0.0 0.0 0.0 0.0 0.0 0.0 0.0 0.0 0.0 
0.0 0.0 0.0 0.0 0.0 0.0 0.0 0.0 0.0 0.0 
0.0 0.0 0.0 50.0 5.0 50.0 5.0 0.0 0.0 0.0 
0.0 0.0 50.0 50.0 50.0 5.0 50.0 50.0 0.0 0.0 
0.0 5.0 50.0 5.0 50.0 50.0 50.0 50.0 50.0 0.0 
50.0 50.0 50.0 50.0 2.0 50.0 50.0 0.0 50.0 0.0 
50.0 50.0 50.0 5.0 50.0 50.0 50.0 0.0 2.0 0.0 
0.0 50.0 50.0 50.0 50.0 50.0 50.0 50.0 5.0 0.0 
0.0 0.0 50.0 50.0 50.0 50.0 50.0 50.0 0.0 0.0 
0.0 0.0 0.0 50.0 50.0 50.0 50.0 0.0 0.0 0.0 
0.0 0.0 0.0 0.0 0.0 0.0 0.0 0.0 0.0 0.0 
0.0 0.0 0.0 0.0 0.0 0.0 0.0 0.0 0.0 0.0 
0.0 0.0 0.0 -1.0 -3.0 -3.0 -5.0 0.0 0.0 0.0 
0.0 0.0 -2.0 -2.0 -2.0 -4.0 -2.0 -2.0 0.0 0.0 
0.0 -4.0 -2.0 -3.0 -2.0 -2.0 -1.0 -1.0 -2.0 0.0 
0.0 -2.0 -1.0 -2.0 -3.0 -1.0 -2.0 0.0 -2.0 0.0 
0.0 -2.0 -1.0 -2.0 -1.0 -1.0 0.0 0.0 -5.0 0.0 
0.0 0.0 -1.0 0.0 -1.0 0.0 0.0 -2.0 -3.0 0.0 
0.0 0.0 -1.0 -1.0 0.0 0.0 -2.0 0.0 0.0 0.0 
0.0 0.0 0.0 2.0 2.0 1.0 0.0 0.0 0.0 0.0 
0.0 0.0 0.0 0.0 0.0 0.0 0.0 0.0 0.0 0.0 
0.0 0.0 0.0 0.0 0.0 0.0 0.0 0.0 0.0 0.0 
0.0 0.0 0.0 50.0 50.0 50.0 5.0 0.0 0.0 0.0 
0.0 0.0 50.0 50.0 50.0 5.0 50.0 50.0 0.0 0.0 
0.0 5.0 50.0 50.0 50.0 50.0 50.0 50.0 50.0 0.0 
50.0 50.0 50.0 50.0 5.0 50.0 50.0 0.0 50.0 0.0 
50.0 50.0 50.0 50.0 50.0 50.0 50.0 0.0 5.0 0.0 
0.0 50.0 50.0 50.0 50.0 50.0 50.0 50.0 50.0 0.0 
0.0 0.0 50.0 50.0 50.0 50.0 50.0 50.0 0.0 0.0 
0.0 0.0 0.0 50.0 50.0 50.0 50.0 0.0 0.0 0.0 
0.0 0.0 0.0 0.0 0.0 0.0 0.0 0.0 0.0 0.0 
0%
0%
0/10
15:47
02:58
18-01-2016
