y
y
JERONIMO UFRGS
18-09-1987
28
Direito
99.0
0.01
1.51
Dentro dos limites normais
0.0 0.0 0.0 0.0 0.0 0.0 0.0 0.0 0.0 0.0 
0.0 0.0 0.0 32.0 31.0 29.0 32.0 0.0 0.0 0.0 
0.0 0.0 33.0 32.0 32.0 31.0 34.0 31.0 0.0 0.0 
0.0 32.0 33.0 34.0 32.0 33.0 35.0 32.0 29.0 0.0 
30.0 29.0 31.0 33.0 34.0 33.0 33.0 28.0 29.0 0.0 
29.0 31.0 33.0 33.0 33.0 33.0 33.0 3.0 32.0 0.0 
0.0 28.0 31.0 34.0 35.0 34.0 36.0 33.0 31.0 0.0 
0.0 0.0 33.0 33.0 34.0 32.0 35.0 35.0 0.0 0.0 
0.0 0.0 0.0 30.0 30.0 32.0 31.0 0.0 0.0 0.0 
0.0 0.0 0.0 0.0 0.0 0.0 0.0 0.0 0.0 0.0 
0.0 0.0 0.0 0.0 0.0 0.0 0.0 0.0 0.0 0.0 
0.0 0.0 0.0 2.0 2.0 0.0 3.0 0.0 0.0 0.0 
0.0 0.0 2.0 1.0 0.0 0.0 3.0 1.0 0.0 0.0 
0.0 1.0 0.0 1.0 -1.0 0.0 2.0 1.0 -2.0 0.0 
0.0 3.0 2.0 -1.0 -1.0 -1.0 0.0 0.0 -2.0 0.0 
1.0 1.0 1.0 -1.0 -1.0 -1.0 -1.0 0.0 1.0 0.0 
0.0 3.0 -1.0 1.0 1.0 0.0 3.0 1.0 -1.0 0.0 
0.0 0.0 2.0 1.0 1.0 -1.0 2.0 3.0 0.0 0.0 
0.0 0.0 0.0 -1.0 -1.0 1.0 0.0 0.0 0.0 0.0 
0.0 0.0 0.0 0.0 0.0 0.0 0.0 0.0 0.0 0.0 
0.0 0.0 0.0 0.0 0.0 0.0 0.0 0.0 0.0 0.0 
0.0 0.0 0.0 50.0 50.0 50.0 50.0 0.0 0.0 0.0 
0.0 0.0 50.0 50.0 50.0 50.0 50.0 50.0 0.0 0.0 
0.0 50.0 50.0 50.0 50.0 50.0 50.0 50.0 50.0 0.0 
50.0 50.0 50.0 50.0 50.0 50.0 50.0 0.0 50.0 0.0 
50.0 50.0 50.0 50.0 50.0 50.0 50.0 0.0 50.0 0.0 
0.0 50.0 50.0 50.0 50.0 50.0 50.0 50.0 50.0 0.0 
0.0 0.0 50.0 50.0 50.0 50.0 50.0 50.0 0.0 0.0 
0.0 0.0 0.0 50.0 50.0 50.0 50.0 0.0 0.0 0.0 
0.0 0.0 0.0 0.0 0.0 0.0 0.0 0.0 0.0 0.0 
0.0 0.0 0.0 0.0 0.0 0.0 0.0 0.0 0.0 0.0 
0.0 0.0 0.0 0.0 0.0 -2.0 1.0 0.0 0.0 0.0 
0.0 0.0 0.0 -1.0 -2.0 -2.0 1.0 -1.0 0.0 0.0 
0.0 -1.0 -2.0 -1.0 -3.0 -2.0 0.0 -1.0 -4.0 0.0 
0.0 -5.0 -4.0 -3.0 -3.0 -3.0 -2.0 0.0 -4.0 0.0 
0.0 -3.0 -3.0 -3.0 -3.0 -3.0 -3.0 0.0 -1.0 0.0 
0.0 -5.0 -3.0 -1.0 -1.0 -2.0 1.0 -1.0 -3.0 0.0 
0.0 0.0 0.0 -1.0 -1.0 -3.0 0.0 1.0 0.0 0.0 
0.0 0.0 0.0 -3.0 -3.0 -1.0 -2.0 0.0 0.0 0.0 
0.0 0.0 0.0 0.0 0.0 0.0 0.0 0.0 0.0 0.0 
0.0 0.0 0.0 0.0 0.0 0.0 0.0 0.0 0.0 0.0 
0.0 0.0 0.0 50.0 50.0 50.0 50.0 0.0 0.0 0.0 
0.0 0.0 50.0 50.0 50.0 50.0 50.0 50.0 0.0 0.0 
0.0 50.0 50.0 50.0 50.0 50.0 50.0 50.0 50.0 0.0 
50.0 2.0 2.0 5.0 50.0 50.0 50.0 0.0 5.0 0.0 
50.0 50.0 50.0 5.0 5.0 5.0 50.0 0.0 50.0 0.0 
0.0 5.0 50.0 50.0 50.0 50.0 50.0 50.0 50.0 0.0 
0.0 0.0 50.0 50.0 50.0 50.0 50.0 50.0 0.0 0.0 
0.0 0.0 0.0 50.0 50.0 50.0 50.0 0.0 0.0 0.0 
0.0 0.0 0.0 0.0 0.0 0.0 0.0 0.0 0.0 0.0 
0%
0%
2/11
16:12
03:30
02-03-2016
