y
y
JERONIMO UFRGS
18-09-1987
28
Direito
100.0
0.8
1.15
Dentro dos limites normais
0.0 0.0 0.0 0.0 0.0 0.0 0.0 0.0 0.0 0.0 
0.0 0.0 0.0 32.0 32.0 31.0 31.0 0.0 0.0 0.0 
0.0 0.0 30.0 33.0 33.0 32.0 31.0 35.0 0.0 0.0 
0.0 32.0 32.0 35.0 34.0 34.0 33.0 31.0 31.0 0.0 
35.0 32.0 34.0 33.0 35.0 34.0 34.0 22.0 33.0 0.0 
31.0 32.0 34.0 34.0 35.0 34.0 34.0 0.0 34.0 0.0 
0.0 31.0 32.0 34.0 33.0 35.0 35.0 32.0 33.0 0.0 
0.0 0.0 30.0 33.0 33.0 33.0 34.0 35.0 0.0 0.0 
0.0 0.0 0.0 32.0 33.0 33.0 31.0 0.0 0.0 0.0 
0.0 0.0 0.0 0.0 0.0 0.0 0.0 0.0 0.0 0.0 
0.0 0.0 0.0 0.0 0.0 0.0 0.0 0.0 0.0 0.0 
0.0 0.0 0.0 2.0 3.0 2.0 3.0 0.0 0.0 0.0 
0.0 0.0 -1.0 2.0 2.0 1.0 0.0 4.0 0.0 0.0 
0.0 1.0 0.0 2.0 0.0 1.0 1.0 0.0 0.0 0.0 
5.0 1.0 1.0 -1.0 1.0 0.0 1.0 0.0 1.0 0.0 
1.0 0.0 1.0 0.0 0.0 0.0 0.0 0.0 2.0 0.0 
0.0 0.0 -1.0 0.0 -1.0 2.0 2.0 0.0 2.0 0.0 
0.0 0.0 -1.0 1.0 1.0 1.0 2.0 3.0 0.0 0.0 
0.0 0.0 0.0 1.0 2.0 2.0 0.0 0.0 0.0 0.0 
0.0 0.0 0.0 0.0 0.0 0.0 0.0 0.0 0.0 0.0 
0.0 0.0 0.0 0.0 0.0 0.0 0.0 0.0 0.0 0.0 
0.0 0.0 0.0 50.0 50.0 50.0 50.0 0.0 0.0 0.0 
0.0 0.0 50.0 50.0 50.0 50.0 50.0 50.0 0.0 0.0 
0.0 50.0 50.0 50.0 50.0 50.0 50.0 50.0 50.0 0.0 
50.0 50.0 50.0 50.0 50.0 50.0 50.0 0.0 50.0 0.0 
50.0 50.0 50.0 50.0 50.0 50.0 50.0 0.0 50.0 0.0 
0.0 50.0 50.0 50.0 50.0 50.0 50.0 50.0 50.0 0.0 
0.0 0.0 50.0 50.0 50.0 50.0 50.0 50.0 0.0 0.0 
0.0 0.0 0.0 50.0 50.0 50.0 50.0 0.0 0.0 0.0 
0.0 0.0 0.0 0.0 0.0 0.0 0.0 0.0 0.0 0.0 
0.0 0.0 0.0 0.0 0.0 0.0 0.0 0.0 0.0 0.0 
0.0 0.0 0.0 0.0 0.0 0.0 0.0 0.0 0.0 0.0 
0.0 0.0 -3.0 0.0 0.0 -1.0 -2.0 2.0 0.0 0.0 
0.0 -1.0 -2.0 0.0 -2.0 -2.0 -1.0 -3.0 -2.0 0.0 
0.0 -1.0 -2.0 -3.0 -1.0 -2.0 -1.0 0.0 -1.0 0.0 
0.0 -2.0 -2.0 -2.0 -2.0 -2.0 -2.0 0.0 0.0 0.0 
0.0 -2.0 -3.0 -2.0 -3.0 0.0 -1.0 -2.0 0.0 0.0 
0.0 0.0 -3.0 -1.0 -1.0 -1.0 0.0 0.0 0.0 0.0 
0.0 0.0 0.0 -1.0 0.0 0.0 -2.0 0.0 0.0 0.0 
0.0 0.0 0.0 0.0 0.0 0.0 0.0 0.0 0.0 0.0 
0.0 0.0 0.0 0.0 0.0 0.0 0.0 0.0 0.0 0.0 
0.0 0.0 0.0 50.0 50.0 50.0 50.0 0.0 0.0 0.0 
0.0 0.0 50.0 50.0 50.0 50.0 50.0 50.0 0.0 0.0 
0.0 50.0 50.0 50.0 50.0 50.0 50.0 50.0 50.0 0.0 
50.0 50.0 50.0 50.0 50.0 50.0 50.0 0.0 50.0 0.0 
50.0 50.0 50.0 50.0 50.0 50.0 50.0 0.0 50.0 0.0 
0.0 50.0 50.0 50.0 50.0 50.0 50.0 50.0 50.0 0.0 
0.0 0.0 50.0 50.0 50.0 50.0 50.0 50.0 0.0 0.0 
0.0 0.0 0.0 50.0 50.0 50.0 50.0 0.0 0.0 0.0 
0.0 0.0 0.0 0.0 0.0 0.0 0.0 0.0 0.0 0.0 
0%
2%
0/11
16:28
02:44
02-03-2016
