y
y
JONAS UFRGS
16-05-1984
31
Esquerdo
99.0
-1.3
1.41
Dentro dos limites normais
0.0 0.0 0.0 0.0 0.0 0.0 0.0 0.0 0.0 0.0 
0.0 0.0 0.0 26.0 30.0 29.0 21.0 0.0 0.0 0.0 
0.0 0.0 27.0 28.0 28.0 30.0 29.0 27.0 0.0 0.0 
0.0 28.0 32.0 31.0 31.0 30.0 33.0 30.0 29.0 0.0 
0.0 28.0 28.0 31.0 31.0 33.0 32.0 32.0 30.0 0.0 
0.0 32.0 0.0 31.0 33.0 34.0 34.0 33.0 29.0 0.0 
0.0 31.0 25.0 33.0 32.0 31.0 34.0 31.0 31.0 0.0 
0.0 0.0 31.0 33.0 31.0 31.0 30.0 31.0 0.0 0.0 
0.0 0.0 0.0 32.0 32.0 33.0 30.0 0.0 0.0 0.0 
0.0 0.0 0.0 0.0 0.0 0.0 0.0 0.0 0.0 0.0 
0.0 0.0 0.0 0.0 0.0 0.0 0.0 0.0 0.0 0.0 
0.0 0.0 0.0 -2.0 1.0 0.0 -8.0 0.0 0.0 0.0 
0.0 0.0 3.0 -2.0 -3.0 -2.0 -2.0 -3.0 0.0 0.0 
0.0 -3.0 0.0 -1.0 -2.0 -3.0 0.0 -2.0 -2.0 0.0 
0.0 -3.0 0.0 -2.0 -2.0 -1.0 -2.0 -1.0 -1.0 0.0 
0.0 0.0 0.0 -3.0 -1.0 -1.0 0.0 0.0 -2.0 0.0 
0.0 1.0 -7.0 0.0 -1.0 -2.0 0.0 -2.0 0.0 0.0 
0.0 0.0 -1.0 0.0 -2.0 -1.0 -2.0 -1.0 0.0 0.0 
0.0 0.0 0.0 1.0 1.0 2.0 0.0 0.0 0.0 0.0 
0.0 0.0 0.0 0.0 0.0 0.0 0.0 0.0 0.0 0.0 
0.0 0.0 0.0 0.0 0.0 0.0 0.0 0.0 0.0 0.0 
0.0 0.0 0.0 50.0 50.0 50.0 1.0 0.0 0.0 0.0 
0.0 0.0 50.0 50.0 50.0 50.0 50.0 5.0 0.0 0.0 
0.0 5.0 50.0 50.0 50.0 50.0 50.0 50.0 50.0 0.0 
0.0 5.0 0.0 50.0 50.0 50.0 50.0 50.0 50.0 0.0 
0.0 50.0 0.0 50.0 50.0 50.0 50.0 50.0 50.0 0.0 
0.0 50.0 1.0 50.0 50.0 50.0 50.0 50.0 50.0 0.0 
0.0 0.0 50.0 50.0 50.0 50.0 50.0 50.0 0.0 0.0 
0.0 0.0 0.0 50.0 50.0 50.0 50.0 0.0 0.0 0.0 
0.0 0.0 0.0 0.0 0.0 0.0 0.0 0.0 0.0 0.0 
0.0 0.0 0.0 0.0 0.0 0.0 0.0 0.0 0.0 0.0 
0.0 0.0 0.0 -3.0 1.0 0.0 -8.0 0.0 0.0 0.0 
0.0 0.0 -3.0 -3.0 -3.0 -2.0 -3.0 -4.0 0.0 0.0 
0.0 -4.0 0.0 -2.0 -2.0 -3.0 0.0 -2.0 -2.0 0.0 
0.0 -3.0 0.0 -2.0 -3.0 -2.0 -2.0 -1.0 -2.0 -3.0 
0.0 0.0 0.0 -3.0 -1.0 -1.0 -1.0 -1.0 -2.0 -1.0 
0.0 -1.0 -7.0 -1.0 -2.0 -2.0 0.0 -2.0 -1.0 0.0 
0.0 0.0 -1.0 0.0 -2.0 -1.0 -2.0 -1.0 0.0 0.0 
0.0 0.0 0.0 0.0 0.0 1.0 -1.0 0.0 0.0 0.0 
0.0 0.0 0.0 0.0 0.0 0.0 0.0 0.0 0.0 0.0 
0.0 0.0 0.0 0.0 0.0 0.0 0.0 0.0 0.0 0.0 
0.0 0.0 0.0 50.0 50.0 50.0 1.0 0.0 0.0 0.0 
0.0 0.0 50.0 50.0 50.0 50.0 50.0 50.0 0.0 0.0 
0.0 50.0 50.0 50.0 50.0 50.0 50.0 50.0 50.0 0.0 
0.0 50.0 0.0 50.0 50.0 50.0 50.0 50.0 50.0 0.0 
0.0 50.0 0.0 50.0 50.0 50.0 50.0 50.0 50.0 0.0 
0.0 50.0 1.0 50.0 50.0 50.0 50.0 50.0 50.0 0.0 
0.0 0.0 50.0 50.0 50.0 50.0 50.0 50.0 0.0 0.0 
0.0 0.0 0.0 50.0 50.0 50.0 50.0 0.0 0.0 0.0 
0.0 0.0 0.0 0.0 0.0 0.0 0.0 0.0 0.0 0.0 
0%
0%
0/11
16:48
03:00
30-03-2016
