y
y
JONAS UFRGS
16-05-1984
31
Direito
100.0
0.24
1.28
Dentro dos limites normais
0.0 0.0 0.0 0.0 0.0 0.0 0.0 0.0 0.0 0.0 
0.0 0.0 0.0 31.0 28.0 29.0 27.0 0.0 0.0 0.0 
0.0 0.0 33.0 32.0 30.0 30.0 30.0 35.0 0.0 0.0 
0.0 30.0 33.0 33.0 34.0 34.0 33.0 31.0 31.0 0.0 
31.0 32.0 34.0 33.0 33.0 33.0 34.0 30.0 29.0 0.0 
32.0 33.0 34.0 33.0 34.0 33.0 34.0 0.0 31.0 0.0 
0.0 33.0 33.0 33.0 34.0 34.0 34.0 30.0 30.0 0.0 
0.0 0.0 33.0 32.0 33.0 33.0 31.0 29.0 0.0 0.0 
0.0 0.0 0.0 29.0 32.0 33.0 34.0 0.0 0.0 0.0 
0.0 0.0 0.0 0.0 0.0 0.0 0.0 0.0 0.0 0.0 
0.0 0.0 0.0 0.0 0.0 0.0 0.0 0.0 0.0 0.0 
0.0 0.0 0.0 1.0 -2.0 0.0 -1.0 0.0 0.0 0.0 
0.0 0.0 2.0 1.0 -1.0 -1.0 0.0 5.0 0.0 0.0 
0.0 -1.0 1.0 0.0 1.0 1.0 1.0 0.0 0.0 0.0 
2.0 1.0 1.0 -1.0 -1.0 0.0 1.0 0.0 -2.0 0.0 
3.0 2.0 1.0 -1.0 0.0 -1.0 0.0 0.0 -1.0 0.0 
0.0 2.0 1.0 0.0 1.0 1.0 1.0 -2.0 -1.0 0.0 
0.0 0.0 1.0 0.0 1.0 0.0 -1.0 -3.0 0.0 0.0 
0.0 0.0 0.0 -1.0 1.0 1.0 3.0 0.0 0.0 0.0 
0.0 0.0 0.0 0.0 0.0 0.0 0.0 0.0 0.0 0.0 
0.0 0.0 0.0 0.0 0.0 0.0 0.0 0.0 0.0 0.0 
0.0 0.0 0.0 50.0 50.0 50.0 50.0 0.0 0.0 0.0 
0.0 0.0 50.0 50.0 50.0 50.0 50.0 50.0 0.0 0.0 
0.0 50.0 50.0 50.0 50.0 50.0 50.0 50.0 50.0 0.0 
50.0 50.0 50.0 50.0 50.0 50.0 50.0 0.0 50.0 0.0 
50.0 50.0 50.0 50.0 50.0 50.0 50.0 0.0 50.0 0.0 
0.0 50.0 50.0 50.0 50.0 50.0 50.0 50.0 50.0 0.0 
0.0 0.0 50.0 50.0 50.0 50.0 50.0 5.0 0.0 0.0 
0.0 0.0 0.0 50.0 50.0 50.0 50.0 0.0 0.0 0.0 
0.0 0.0 0.0 0.0 0.0 0.0 0.0 0.0 0.0 0.0 
0.0 0.0 0.0 0.0 0.0 0.0 0.0 0.0 0.0 0.0 
0.0 0.0 0.0 0.0 -3.0 -2.0 -3.0 0.0 0.0 0.0 
0.0 0.0 0.0 -1.0 -2.0 -3.0 -2.0 3.0 0.0 0.0 
0.0 -3.0 -1.0 -1.0 -1.0 -1.0 -1.0 -2.0 -2.0 0.0 
0.0 -1.0 -1.0 -3.0 -3.0 -2.0 0.0 0.0 -4.0 0.0 
0.0 0.0 -1.0 -2.0 -1.0 -2.0 -1.0 0.0 -2.0 0.0 
0.0 0.0 -1.0 -1.0 -1.0 -1.0 -1.0 -3.0 -3.0 0.0 
0.0 0.0 0.0 -1.0 -1.0 -1.0 -3.0 -5.0 0.0 0.0 
0.0 0.0 0.0 -3.0 -1.0 0.0 1.0 0.0 0.0 0.0 
0.0 0.0 0.0 0.0 0.0 0.0 0.0 0.0 0.0 0.0 
0.0 0.0 0.0 0.0 0.0 0.0 0.0 0.0 0.0 0.0 
0.0 0.0 0.0 50.0 50.0 50.0 50.0 0.0 0.0 0.0 
0.0 0.0 50.0 50.0 50.0 50.0 50.0 50.0 0.0 0.0 
0.0 50.0 50.0 50.0 50.0 50.0 50.0 50.0 50.0 0.0 
50.0 50.0 50.0 50.0 50.0 50.0 50.0 0.0 50.0 0.0 
50.0 50.0 50.0 50.0 50.0 50.0 50.0 0.0 50.0 0.0 
0.0 50.0 50.0 50.0 50.0 50.0 50.0 50.0 50.0 0.0 
0.0 0.0 50.0 50.0 50.0 50.0 50.0 5.0 0.0 0.0 
0.0 0.0 0.0 50.0 50.0 50.0 50.0 0.0 0.0 0.0 
0.0 0.0 0.0 0.0 0.0 0.0 0.0 0.0 0.0 0.0 
0%
0%
0/10
16:31
02:37
30-03-2016
