y
y
LUIZA UFRGS
23-03-1992
23
Direito
99.0
-1.23
1.45
Dentro dos limites normais
0.0 0.0 0.0 0.0 0.0 0.0 0.0 0.0 0.0 0.0 
0.0 0.0 0.0 30.0 30.0 29.0 30.0 0.0 0.0 0.0 
0.0 0.0 31.0 30.0 31.0 28.0 30.0 33.0 0.0 0.0 
0.0 31.0 31.0 33.0 33.0 31.0 28.0 31.0 30.0 0.0 
31.0 31.0 33.0 34.0 33.0 33.0 30.0 22.0 35.0 0.0 
29.0 29.0 32.0 33.0 33.0 33.0 30.0 7.0 30.0 0.0 
0.0 31.0 31.0 31.0 32.0 31.0 31.0 32.0 32.0 0.0 
0.0 0.0 32.0 31.0 31.0 30.0 32.0 33.0 0.0 0.0 
0.0 0.0 0.0 31.0 31.0 33.0 29.0 0.0 0.0 0.0 
0.0 0.0 0.0 0.0 0.0 0.0 0.0 0.0 0.0 0.0 
0.0 0.0 0.0 0.0 0.0 0.0 0.0 0.0 0.0 0.0 
0.0 0.0 0.0 0.0 0.0 -1.0 0.0 0.0 0.0 0.0 
0.0 0.0 1.0 -2.0 -1.0 -3.0 -2.0 2.0 0.0 0.0 
0.0 1.0 -2.0 0.0 0.0 -2.0 -4.0 -1.0 -1.0 0.0 
1.0 -1.0 0.0 -1.0 -2.0 -1.0 -4.0 0.0 3.0 0.0 
1.0 3.0 1.0 -1.0 -1.0 -1.0 -4.0 0.0 -2.0 0.0 
0.0 0.0 1.0 -3.0 -2.0 -3.0 -2.0 -1.0 1.0 0.0 
0.0 0.0 1.0 -2.0 -2.0 -3.0 -1.0 0.0 0.0 0.0 
0.0 0.0 0.0 0.0 0.0 1.0 -3.0 0.0 0.0 0.0 
0.0 0.0 0.0 0.0 0.0 0.0 0.0 0.0 0.0 0.0 
0.0 0.0 0.0 0.0 0.0 0.0 0.0 0.0 0.0 0.0 
0.0 0.0 0.0 50.0 50.0 50.0 50.0 0.0 0.0 0.0 
0.0 0.0 50.0 50.0 50.0 5.0 50.0 50.0 0.0 0.0 
0.0 50.0 50.0 50.0 50.0 50.0 2.0 50.0 50.0 0.0 
50.0 50.0 50.0 50.0 50.0 50.0 2.0 0.0 50.0 0.0 
50.0 50.0 50.0 50.0 50.0 50.0 5.0 0.0 50.0 0.0 
0.0 50.0 50.0 5.0 50.0 5.0 50.0 50.0 50.0 0.0 
0.0 0.0 50.0 50.0 50.0 5.0 50.0 50.0 0.0 0.0 
0.0 0.0 0.0 50.0 50.0 50.0 50.0 0.0 0.0 0.0 
0.0 0.0 0.0 0.0 0.0 0.0 0.0 0.0 0.0 0.0 
0.0 0.0 0.0 0.0 0.0 0.0 0.0 0.0 0.0 0.0 
0.0 0.0 0.0 -1.0 -1.0 -1.0 0.0 0.0 0.0 0.0 
0.0 0.0 -1.0 -3.0 -1.0 -4.0 -2.0 2.0 0.0 0.0 
0.0 -1.0 -2.0 -1.0 -1.0 -2.0 -5.0 -2.0 -2.0 0.0 
0.0 -1.0 -1.0 -1.0 -2.0 -2.0 -5.0 0.0 2.0 0.0 
0.0 -3.0 -1.0 -2.0 -2.0 -2.0 -4.0 0.0 -2.0 0.0 
0.0 0.0 -2.0 -3.0 -2.0 -4.0 -3.0 -1.0 0.0 0.0 
0.0 0.0 0.0 -2.0 -2.0 -4.0 -1.0 0.0 0.0 0.0 
0.0 0.0 0.0 -1.0 -1.0 0.0 -3.0 0.0 0.0 0.0 
0.0 0.0 0.0 0.0 0.0 0.0 0.0 0.0 0.0 0.0 
0.0 0.0 0.0 0.0 0.0 0.0 0.0 0.0 0.0 0.0 
0.0 0.0 0.0 50.0 50.0 50.0 50.0 0.0 0.0 0.0 
0.0 0.0 50.0 50.0 50.0 5.0 50.0 50.0 0.0 0.0 
0.0 50.0 50.0 50.0 50.0 50.0 2.0 50.0 50.0 0.0 
50.0 50.0 50.0 50.0 50.0 50.0 2.0 0.0 50.0 0.0 
50.0 50.0 50.0 50.0 50.0 50.0 5.0 0.0 50.0 0.0 
0.0 50.0 50.0 50.0 50.0 5.0 50.0 50.0 50.0 0.0 
0.0 0.0 50.0 50.0 50.0 5.0 50.0 50.0 0.0 0.0 
0.0 0.0 0.0 50.0 50.0 50.0 50.0 0.0 0.0 0.0 
0.0 0.0 0.0 0.0 0.0 0.0 0.0 0.0 0.0 0.0 
0%
4%
2/11
17:52
02:41
26-02-2016
