y
y
MARCELO UFRGS
08-12-2000
15
Direito
100.0
-1.49
1.4
Dentro dos limites normais
0.0 0.0 0.0 0.0 0.0 0.0 0.0 0.0 0.0 0.0 
0.0 0.0 0.0 31.0 30.0 27.0 29.0 0.0 0.0 0.0 
0.0 0.0 31.0 31.0 32.0 31.0 30.0 27.0 0.0 0.0 
0.0 35.0 32.0 31.0 33.0 31.0 33.0 28.0 28.0 0.0 
31.0 33.0 34.0 34.0 34.0 34.0 34.0 27.0 29.0 0.0 
30.0 30.0 33.0 33.0 32.0 33.0 35.0 0.0 33.0 0.0 
0.0 32.0 32.0 33.0 32.0 32.0 33.0 32.0 32.0 0.0 
0.0 0.0 29.0 31.0 31.0 31.0 32.0 31.0 0.0 0.0 
0.0 0.0 0.0 27.0 30.0 31.0 29.0 0.0 0.0 0.0 
0.0 0.0 0.0 0.0 0.0 0.0 0.0 0.0 0.0 0.0 
0.0 0.0 0.0 0.0 0.0 0.0 0.0 0.0 0.0 0.0 
0.0 0.0 0.0 0.0 0.0 -3.0 -1.0 0.0 0.0 0.0 
0.0 0.0 1.0 -2.0 -1.0 -2.0 -2.0 -4.0 0.0 0.0 
0.0 3.0 1.0 -2.0 -1.0 -2.0 -1.0 -5.0 -4.0 0.0 
0.0 0.0 0.0 -1.0 -1.0 -1.0 0.0 0.0 -3.0 0.0 
1.0 2.0 1.0 -2.0 -3.0 -2.0 1.0 0.0 0.0 0.0 
0.0 0.0 1.0 -2.0 -2.0 -2.0 0.0 -1.0 -1.0 0.0 
0.0 0.0 3.0 -2.0 -3.0 -3.0 -1.0 -1.0 0.0 0.0 
0.0 0.0 0.0 -5.0 -2.0 -1.0 -4.0 0.0 0.0 0.0 
0.0 0.0 0.0 0.0 0.0 0.0 0.0 0.0 0.0 0.0 
0.0 0.0 0.0 0.0 0.0 0.0 0.0 0.0 0.0 0.0 
0.0 0.0 0.0 50.0 50.0 50.0 50.0 0.0 0.0 0.0 
0.0 0.0 50.0 50.0 50.0 50.0 50.0 5.0 0.0 0.0 
0.0 50.0 50.0 50.0 50.0 50.0 50.0 5.0 5.0 0.0 
50.0 50.0 50.0 50.0 50.0 50.0 50.0 0.0 5.0 0.0 
50.0 50.0 50.0 50.0 5.0 50.0 50.0 0.0 50.0 0.0 
0.0 50.0 50.0 50.0 50.0 50.0 50.0 50.0 50.0 0.0 
0.0 0.0 50.0 50.0 5.0 5.0 50.0 50.0 0.0 0.0 
0.0 0.0 0.0 5.0 50.0 50.0 5.0 0.0 0.0 0.0 
0.0 0.0 0.0 0.0 0.0 0.0 0.0 0.0 0.0 0.0 
0.0 0.0 0.0 0.0 0.0 0.0 0.0 0.0 0.0 0.0 
0.0 0.0 0.0 0.0 0.0 -3.0 -1.0 0.0 0.0 0.0 
0.0 0.0 -1.0 -1.0 -1.0 -1.0 -2.0 -4.0 0.0 0.0 
0.0 3.0 -1.0 -2.0 -1.0 -2.0 0.0 -4.0 -4.0 0.0 
0.0 0.0 0.0 -1.0 0.0 0.0 0.0 0.0 -3.0 0.0 
0.0 -2.0 0.0 -2.0 -3.0 -1.0 1.0 0.0 0.0 0.0 
0.0 0.0 -1.0 -1.0 -2.0 -2.0 0.0 -1.0 0.0 0.0 
0.0 0.0 -3.0 -2.0 -3.0 -2.0 -1.0 -1.0 0.0 0.0 
0.0 0.0 0.0 -4.0 -2.0 -1.0 -3.0 0.0 0.0 0.0 
0.0 0.0 0.0 0.0 0.0 0.0 0.0 0.0 0.0 0.0 
0.0 0.0 0.0 0.0 0.0 0.0 0.0 0.0 0.0 0.0 
0.0 0.0 0.0 50.0 50.0 50.0 50.0 0.0 0.0 0.0 
0.0 0.0 50.0 50.0 50.0 50.0 50.0 50.0 0.0 0.0 
0.0 50.0 50.0 50.0 50.0 50.0 50.0 5.0 50.0 0.0 
50.0 50.0 50.0 50.0 50.0 50.0 50.0 0.0 50.0 0.0 
50.0 50.0 50.0 50.0 50.0 50.0 50.0 0.0 50.0 0.0 
0.0 50.0 50.0 50.0 50.0 50.0 50.0 50.0 50.0 0.0 
0.0 0.0 50.0 50.0 50.0 50.0 50.0 50.0 0.0 0.0 
0.0 0.0 0.0 5.0 50.0 50.0 50.0 0.0 0.0 0.0 
0.0 0.0 0.0 0.0 0.0 0.0 0.0 0.0 0.0 0.0 
0%
0%
1/11
16:07
02:55
08-12-2015
