y
y
MARCELO UFRGS
08-12-1950
65
Esquerdo
100.0
0.43
1.22
Dentro dos limites normais
0.0 0.0 0.0 0.0 0.0 0.0 0.0 0.0 0.0 0.0 
0.0 0.0 0.0 28.0 28.0 29.0 28.0 0.0 0.0 0.0 
0.0 0.0 30.0 29.0 30.0 30.0 29.0 29.0 0.0 0.0 
0.0 28.0 31.0 31.0 30.0 32.0 29.0 30.0 30.0 0.0 
0.0 32.0 28.0 31.0 33.0 33.0 33.0 32.0 31.0 0.0 
0.0 29.0 0.0 31.0 31.0 32.0 34.0 33.0 31.0 0.0 
0.0 30.0 34.0 34.0 31.0 31.0 33.0 31.0 31.0 0.0 
0.0 0.0 30.0 30.0 29.0 29.0 30.0 31.0 0.0 0.0 
0.0 0.0 0.0 29.0 29.0 29.0 29.0 0.0 0.0 0.0 
0.0 0.0 0.0 0.0 0.0 0.0 0.0 0.0 0.0 0.0 
0.0 0.0 0.0 0.0 0.0 0.0 0.0 0.0 0.0 0.0 
0.0 0.0 0.0 2.0 2.0 2.0 1.0 0.0 0.0 0.0 
0.0 0.0 2.0 0.0 1.0 1.0 0.0 1.0 0.0 0.0 
0.0 0.0 2.0 1.0 -1.0 1.0 -2.0 0.0 1.0 0.0 
0.0 2.0 0.0 0.0 1.0 1.0 1.0 1.0 1.0 0.0 
0.0 0.0 0.0 -1.0 -1.0 -1.0 1.0 2.0 1.0 0.0 
0.0 0.0 4.0 3.0 -1.0 -1.0 1.0 0.0 2.0 0.0 
0.0 0.0 0.0 -1.0 -2.0 -2.0 -1.0 1.0 0.0 0.0 
0.0 0.0 0.0 0.0 0.0 0.0 0.0 0.0 0.0 0.0 
0.0 0.0 0.0 0.0 0.0 0.0 0.0 0.0 0.0 0.0 
0.0 0.0 0.0 0.0 0.0 0.0 0.0 0.0 0.0 0.0 
0.0 0.0 0.0 50.0 50.0 50.0 50.0 0.0 0.0 0.0 
0.0 0.0 50.0 50.0 50.0 50.0 50.0 50.0 0.0 0.0 
0.0 50.0 50.0 50.0 50.0 50.0 50.0 50.0 50.0 0.0 
0.0 50.0 0.0 50.0 50.0 50.0 50.0 50.0 50.0 0.0 
0.0 50.0 0.0 50.0 50.0 50.0 50.0 50.0 50.0 0.0 
0.0 50.0 50.0 50.0 50.0 50.0 50.0 50.0 50.0 0.0 
0.0 0.0 50.0 50.0 50.0 50.0 50.0 50.0 0.0 0.0 
0.0 0.0 0.0 50.0 50.0 50.0 50.0 0.0 0.0 0.0 
0.0 0.0 0.0 0.0 0.0 0.0 0.0 0.0 0.0 0.0 
0.0 0.0 0.0 0.0 0.0 0.0 0.0 0.0 0.0 0.0 
0.0 0.0 0.0 0.0 0.0 0.0 -1.0 0.0 0.0 0.0 
0.0 0.0 0.0 -2.0 -1.0 -1.0 -2.0 -1.0 0.0 0.0 
0.0 -2.0 0.0 -1.0 -3.0 -1.0 -4.0 -2.0 -1.0 0.0 
0.0 0.0 0.0 -2.0 -1.0 -1.0 -1.0 -1.0 -1.0 1.0 
0.0 -2.0 0.0 -3.0 -3.0 -3.0 -1.0 0.0 0.0 1.0 
0.0 -2.0 2.0 1.0 -3.0 -3.0 -1.0 -2.0 0.0 0.0 
0.0 0.0 -2.0 -3.0 -4.0 -4.0 -3.0 -1.0 0.0 0.0 
0.0 0.0 0.0 -2.0 -2.0 -2.0 -2.0 0.0 0.0 0.0 
0.0 0.0 0.0 0.0 0.0 0.0 0.0 0.0 0.0 0.0 
0.0 0.0 0.0 0.0 0.0 0.0 0.0 0.0 0.0 0.0 
0.0 0.0 0.0 50.0 50.0 50.0 50.0 0.0 0.0 0.0 
0.0 0.0 50.0 50.0 50.0 50.0 50.0 50.0 0.0 0.0 
0.0 50.0 50.0 50.0 50.0 50.0 2.0 50.0 50.0 0.0 
0.0 50.0 0.0 50.0 50.0 50.0 50.0 50.0 50.0 0.0 
0.0 50.0 0.0 50.0 50.0 50.0 50.0 50.0 50.0 0.0 
0.0 50.0 50.0 50.0 50.0 50.0 50.0 50.0 50.0 0.0 
0.0 0.0 50.0 50.0 5.0 5.0 50.0 50.0 0.0 0.0 
0.0 0.0 0.0 50.0 50.0 50.0 50.0 0.0 0.0 0.0 
0.0 0.0 0.0 0.0 0.0 0.0 0.0 0.0 0.0 0.0 
0%
0%
1/10
16:36
02:46
08-12-2015
