y
y
MARCELO UFRGS
07-12-1980
35
Esquerdo
100.0
-1.13
1.16
Dentro dos limites normais
0.0 0.0 0.0 0.0 0.0 0.0 0.0 0.0 0.0 0.0 
0.0 0.0 0.0 28.0 29.0 29.0 29.0 0.0 0.0 0.0 
0.0 0.0 27.0 29.0 30.0 30.0 31.0 28.0 0.0 0.0 
0.0 34.0 31.0 31.0 32.0 33.0 32.0 30.0 30.0 0.0 
0.0 31.0 28.0 31.0 33.0 34.0 31.0 32.0 30.0 0.0 
0.0 31.0 3.0 33.0 32.0 33.0 31.0 32.0 31.0 0.0 
0.0 32.0 29.0 31.0 33.0 31.0 32.0 30.0 29.0 0.0 
0.0 0.0 28.0 31.0 30.0 31.0 32.0 28.0 0.0 0.0 
0.0 0.0 0.0 30.0 28.0 30.0 29.0 0.0 0.0 0.0 
0.0 0.0 0.0 0.0 0.0 0.0 0.0 0.0 0.0 0.0 
0.0 0.0 0.0 0.0 0.0 0.0 0.0 0.0 0.0 0.0 
0.0 0.0 0.0 0.0 0.0 0.0 0.0 0.0 0.0 0.0 
0.0 0.0 3.0 -2.0 0.0 -1.0 0.0 -2.0 0.0 0.0 
0.0 3.0 0.0 -1.0 0.0 0.0 -1.0 -2.0 -1.0 0.0 
0.0 0.0 0.0 -2.0 0.0 0.0 -2.0 -1.0 -1.0 0.0 
0.0 0.0 0.0 -1.0 -2.0 -1.0 -2.0 -1.0 -1.0 0.0 
0.0 0.0 3.0 -2.0 -1.0 -3.0 -1.0 -2.0 -2.0 0.0 
0.0 0.0 4.0 -1.0 -2.0 -1.0 0.0 -3.0 0.0 0.0 
0.0 0.0 0.0 -1.0 -3.0 -1.0 -1.0 0.0 0.0 0.0 
0.0 0.0 0.0 0.0 0.0 0.0 0.0 0.0 0.0 0.0 
0.0 0.0 0.0 0.0 0.0 0.0 0.0 0.0 0.0 0.0 
0.0 0.0 0.0 50.0 50.0 50.0 50.0 0.0 0.0 0.0 
0.0 0.0 50.0 50.0 50.0 50.0 50.0 50.0 0.0 0.0 
0.0 50.0 50.0 50.0 50.0 50.0 50.0 50.0 50.0 0.0 
0.0 50.0 0.0 50.0 50.0 50.0 50.0 50.0 50.0 0.0 
0.0 50.0 0.0 50.0 50.0 50.0 5.0 50.0 50.0 0.0 
0.0 50.0 5.0 50.0 50.0 5.0 50.0 50.0 50.0 0.0 
0.0 0.0 5.0 50.0 50.0 50.0 50.0 5.0 0.0 0.0 
0.0 0.0 0.0 50.0 5.0 50.0 50.0 0.0 0.0 0.0 
0.0 0.0 0.0 0.0 0.0 0.0 0.0 0.0 0.0 0.0 
0.0 0.0 0.0 0.0 0.0 0.0 0.0 0.0 0.0 0.0 
0.0 0.0 0.0 0.0 0.0 1.0 0.0 0.0 0.0 0.0 
0.0 0.0 -2.0 -2.0 0.0 -1.0 0.0 -2.0 0.0 0.0 
0.0 3.0 0.0 -1.0 0.0 0.0 -1.0 -2.0 -1.0 0.0 
0.0 0.0 0.0 -2.0 0.0 0.0 -2.0 -1.0 -1.0 1.0 
0.0 0.0 0.0 -1.0 -2.0 -1.0 -2.0 -1.0 0.0 0.0 
0.0 0.0 -3.0 -2.0 -1.0 -3.0 -1.0 -2.0 -1.0 0.0 
0.0 0.0 -4.0 -1.0 -2.0 -1.0 0.0 -3.0 0.0 0.0 
0.0 0.0 0.0 -1.0 -3.0 -1.0 -1.0 0.0 0.0 0.0 
0.0 0.0 0.0 0.0 0.0 0.0 0.0 0.0 0.0 0.0 
0.0 0.0 0.0 0.0 0.0 0.0 0.0 0.0 0.0 0.0 
0.0 0.0 0.0 50.0 50.0 50.0 50.0 0.0 0.0 0.0 
0.0 0.0 50.0 50.0 50.0 50.0 50.0 50.0 0.0 0.0 
0.0 50.0 50.0 50.0 50.0 50.0 50.0 50.0 50.0 0.0 
0.0 50.0 0.0 50.0 50.0 50.0 50.0 50.0 50.0 0.0 
0.0 50.0 0.0 50.0 50.0 50.0 50.0 50.0 50.0 0.0 
0.0 50.0 50.0 50.0 50.0 50.0 50.0 50.0 50.0 0.0 
0.0 0.0 5.0 50.0 50.0 50.0 50.0 50.0 0.0 0.0 
0.0 0.0 0.0 50.0 50.0 50.0 50.0 0.0 0.0 0.0 
0.0 0.0 0.0 0.0 0.0 0.0 0.0 0.0 0.0 0.0 
0%
0%
0/11
16:53
02:27
07-12-2015
