y
y
MARCELO UFRGS
08-12-2010
5
Direito
100.0
-1.83
1.21
Linha de Fronteira
0.0 0.0 0.0 0.0 0.0 0.0 0.0 0.0 0.0 0.0 
0.0 0.0 0.0 31.0 29.0 27.0 27.0 0.0 0.0 0.0 
0.0 0.0 32.0 31.0 31.0 32.0 30.0 31.0 0.0 0.0 
0.0 33.0 32.0 35.0 34.0 34.0 34.0 30.0 31.0 0.0 
29.0 32.0 34.0 33.0 33.0 33.0 32.0 26.0 32.0 0.0 
28.0 32.0 33.0 34.0 34.0 34.0 32.0 0.0 31.0 0.0 
0.0 32.0 31.0 33.0 33.0 32.0 34.0 34.0 32.0 0.0 
0.0 0.0 31.0 30.0 30.0 31.0 31.0 34.0 0.0 0.0 
0.0 0.0 0.0 30.0 30.0 30.0 26.0 0.0 0.0 0.0 
0.0 0.0 0.0 0.0 0.0 0.0 0.0 0.0 0.0 0.0 
0.0 0.0 0.0 0.0 0.0 0.0 0.0 0.0 0.0 0.0 
0.0 0.0 0.0 -1.0 -2.0 -4.0 -4.0 0.0 0.0 0.0 
0.0 0.0 0.0 -2.0 -2.0 -1.0 -2.0 -2.0 0.0 0.0 
0.0 0.0 -2.0 0.0 -1.0 -1.0 0.0 -3.0 -2.0 0.0 
2.0 1.0 1.0 -2.0 -3.0 -3.0 -3.0 0.0 -1.0 0.0 
3.0 1.0 1.0 -1.0 -1.0 -2.0 -3.0 0.0 -2.0 0.0 
0.0 1.0 3.0 -1.0 -2.0 -3.0 -1.0 0.0 -1.0 0.0 
0.0 0.0 2.0 -3.0 -4.0 -2.0 -2.0 0.0 0.0 0.0 
0.0 0.0 0.0 -2.0 -2.0 -3.0 -7.0 0.0 0.0 0.0 
0.0 0.0 0.0 0.0 0.0 0.0 0.0 0.0 0.0 0.0 
0.0 0.0 0.0 0.0 0.0 0.0 0.0 0.0 0.0 0.0 
0.0 0.0 0.0 50.0 50.0 5.0 50.0 0.0 0.0 0.0 
0.0 0.0 50.0 50.0 50.0 50.0 50.0 50.0 0.0 0.0 
0.0 50.0 50.0 50.0 50.0 50.0 50.0 5.0 50.0 0.0 
50.0 50.0 50.0 50.0 50.0 50.0 50.0 0.0 50.0 0.0 
50.0 50.0 50.0 50.0 50.0 50.0 50.0 0.0 50.0 0.0 
0.0 50.0 5.0 50.0 50.0 5.0 50.0 50.0 50.0 0.0 
0.0 0.0 50.0 5.0 5.0 50.0 50.0 50.0 0.0 0.0 
0.0 0.0 0.0 50.0 50.0 50.0 1.0 0.0 0.0 0.0 
0.0 0.0 0.0 0.0 0.0 0.0 0.0 0.0 0.0 0.0 
0.0 0.0 0.0 0.0 0.0 0.0 0.0 0.0 0.0 0.0 
0.0 0.0 0.0 0.0 -1.0 -3.0 -3.0 0.0 0.0 0.0 
0.0 0.0 0.0 -1.0 -2.0 0.0 -1.0 -1.0 0.0 0.0 
0.0 1.0 -1.0 1.0 0.0 0.0 0.0 -3.0 -1.0 0.0 
0.0 0.0 0.0 -1.0 -2.0 -2.0 -2.0 0.0 -1.0 0.0 
0.0 -1.0 0.0 -1.0 -1.0 -1.0 -2.0 0.0 -1.0 0.0 
0.0 0.0 -2.0 -1.0 -1.0 -3.0 0.0 1.0 0.0 0.0 
0.0 0.0 -1.0 -2.0 -3.0 -2.0 -2.0 1.0 0.0 0.0 
0.0 0.0 0.0 -1.0 -2.0 -2.0 -6.0 0.0 0.0 0.0 
0.0 0.0 0.0 0.0 0.0 0.0 0.0 0.0 0.0 0.0 
0.0 0.0 0.0 0.0 0.0 0.0 0.0 0.0 0.0 0.0 
0.0 0.0 0.0 50.0 50.0 50.0 50.0 0.0 0.0 0.0 
0.0 0.0 50.0 50.0 50.0 50.0 50.0 50.0 0.0 0.0 
0.0 50.0 50.0 50.0 50.0 50.0 50.0 50.0 50.0 0.0 
50.0 50.0 50.0 50.0 50.0 50.0 50.0 0.0 50.0 0.0 
50.0 50.0 50.0 50.0 50.0 50.0 50.0 0.0 50.0 0.0 
0.0 50.0 50.0 50.0 50.0 50.0 50.0 50.0 50.0 0.0 
0.0 0.0 50.0 50.0 50.0 50.0 50.0 50.0 0.0 0.0 
0.0 0.0 0.0 50.0 50.0 50.0 1.0 0.0 0.0 0.0 
0.0 0.0 0.0 0.0 0.0 0.0 0.0 0.0 0.0 0.0 
0%
0%
0/11
15:56
02:43
08-12-2015
