y
y
MARCELO UFRGS
07-12-1980
35
Direito
99.0
0.04
1.37
Dentro dos limites normais
0.0 0.0 0.0 0.0 0.0 0.0 0.0 0.0 0.0 0.0 
0.0 0.0 0.0 29.0 27.0 27.0 29.0 0.0 0.0 0.0 
0.0 0.0 30.0 32.0 30.0 30.0 31.0 31.0 0.0 0.0 
0.0 33.0 34.0 35.0 31.0 32.0 32.0 32.0 32.0 0.0 
31.0 31.0 35.0 34.0 32.0 35.0 34.0 30.0 33.0 0.0 
30.0 32.0 34.0 33.0 34.0 34.0 33.0 3.0 31.0 0.0 
0.0 31.0 32.0 35.0 33.0 31.0 33.0 33.0 33.0 0.0 
0.0 0.0 32.0 31.0 32.0 30.0 32.0 34.0 0.0 0.0 
0.0 0.0 0.0 28.0 30.0 30.0 29.0 0.0 0.0 0.0 
0.0 0.0 0.0 0.0 0.0 0.0 0.0 0.0 0.0 0.0 
0.0 0.0 0.0 0.0 0.0 0.0 0.0 0.0 0.0 0.0 
0.0 0.0 0.0 0.0 -2.0 -2.0 1.0 0.0 0.0 0.0 
0.0 0.0 0.0 1.0 -2.0 -1.0 0.0 1.0 0.0 0.0 
0.0 2.0 2.0 2.0 -2.0 -1.0 0.0 0.0 1.0 0.0 
2.0 0.0 2.0 0.0 -1.0 1.0 1.0 0.0 2.0 0.0 
1.0 0.0 1.0 -1.0 0.0 0.0 -1.0 0.0 0.0 0.0 
0.0 1.0 -1.0 1.0 -1.0 -2.0 0.0 1.0 2.0 0.0 
0.0 0.0 1.0 -1.0 0.0 -2.0 0.0 2.0 0.0 0.0 
0.0 0.0 0.0 -3.0 -1.0 -1.0 -3.0 0.0 0.0 0.0 
0.0 0.0 0.0 0.0 0.0 0.0 0.0 0.0 0.0 0.0 
0.0 0.0 0.0 0.0 0.0 0.0 0.0 0.0 0.0 0.0 
0.0 0.0 0.0 50.0 50.0 50.0 50.0 0.0 0.0 0.0 
0.0 0.0 50.0 50.0 50.0 50.0 50.0 50.0 0.0 0.0 
0.0 50.0 50.0 50.0 50.0 50.0 50.0 50.0 50.0 0.0 
50.0 50.0 50.0 50.0 50.0 50.0 50.0 0.0 50.0 0.0 
50.0 50.0 50.0 50.0 50.0 50.0 50.0 0.0 50.0 0.0 
0.0 50.0 50.0 50.0 50.0 50.0 50.0 50.0 50.0 0.0 
0.0 0.0 50.0 50.0 50.0 50.0 50.0 50.0 0.0 0.0 
0.0 0.0 0.0 50.0 50.0 50.0 50.0 0.0 0.0 0.0 
0.0 0.0 0.0 0.0 0.0 0.0 0.0 0.0 0.0 0.0 
0.0 0.0 0.0 0.0 0.0 0.0 0.0 0.0 0.0 0.0 
0.0 0.0 0.0 -2.0 -4.0 -4.0 -1.0 0.0 0.0 0.0 
0.0 0.0 -2.0 0.0 -3.0 -2.0 -2.0 -1.0 0.0 0.0 
0.0 0.0 0.0 0.0 -4.0 -3.0 -2.0 -1.0 -1.0 0.0 
0.0 -2.0 0.0 -1.0 -3.0 -1.0 -1.0 0.0 0.0 0.0 
0.0 -1.0 -1.0 -2.0 -2.0 -2.0 -3.0 0.0 -2.0 0.0 
0.0 -1.0 -2.0 0.0 -3.0 -4.0 -2.0 -1.0 0.0 0.0 
0.0 0.0 -1.0 -2.0 -2.0 -4.0 -2.0 0.0 0.0 0.0 
0.0 0.0 0.0 -5.0 -2.0 -3.0 -4.0 0.0 0.0 0.0 
0.0 0.0 0.0 0.0 0.0 0.0 0.0 0.0 0.0 0.0 
0.0 0.0 0.0 0.0 0.0 0.0 0.0 0.0 0.0 0.0 
0.0 0.0 0.0 50.0 50.0 50.0 50.0 0.0 0.0 0.0 
0.0 0.0 50.0 50.0 50.0 50.0 50.0 50.0 0.0 0.0 
0.0 50.0 50.0 50.0 2.0 50.0 50.0 50.0 50.0 0.0 
50.0 50.0 50.0 50.0 5.0 50.0 50.0 0.0 50.0 0.0 
50.0 50.0 50.0 50.0 50.0 50.0 50.0 0.0 50.0 0.0 
0.0 50.0 50.0 50.0 50.0 2.0 50.0 50.0 50.0 0.0 
0.0 0.0 50.0 50.0 50.0 5.0 50.0 50.0 0.0 0.0 
0.0 0.0 0.0 5.0 50.0 50.0 5.0 0.0 0.0 0.0 
0.0 0.0 0.0 0.0 0.0 0.0 0.0 0.0 0.0 0.0 
0%
0%
1/10
16:11
02:45
07-12-2015
