y
y
MARCELO UFRGS
08-12-2000
15
Esquerdo
100.0
-2.03
1.04
Dentro dos limites normais
0.0 0.0 0.0 0.0 0.0 0.0 0.0 0.0 0.0 0.0 
0.0 0.0 0.0 26.0 29.0 29.0 30.0 0.0 0.0 0.0 
0.0 0.0 31.0 30.0 31.0 31.0 30.0 30.0 0.0 0.0 
0.0 31.0 31.0 30.0 32.0 32.0 30.0 30.0 31.0 0.0 
0.0 29.0 26.0 30.0 33.0 33.0 32.0 32.0 31.0 0.0 
0.0 29.0 0.0 33.0 33.0 33.0 32.0 32.0 31.0 0.0 
0.0 33.0 31.0 33.0 33.0 31.0 33.0 31.0 31.0 0.0 
0.0 0.0 29.0 31.0 32.0 29.0 30.0 31.0 0.0 0.0 
0.0 0.0 0.0 32.0 29.0 30.0 30.0 0.0 0.0 0.0 
0.0 0.0 0.0 0.0 0.0 0.0 0.0 0.0 0.0 0.0 
0.0 0.0 0.0 0.0 0.0 0.0 0.0 0.0 0.0 0.0 
0.0 0.0 0.0 -4.0 -1.0 -1.0 -1.0 0.0 0.0 0.0 
0.0 0.0 1.0 -2.0 -2.0 -2.0 -2.0 -2.0 0.0 0.0 
0.0 1.0 2.0 -4.0 -2.0 -2.0 -4.0 -3.0 -1.0 0.0 
0.0 -3.0 0.0 -4.0 -2.0 -2.0 -2.0 -2.0 -2.0 0.0 
0.0 -3.0 0.0 -1.0 -2.0 -2.0 -3.0 -2.0 -1.0 0.0 
0.0 1.0 3.0 -1.0 -1.0 -3.0 -1.0 -2.0 -1.0 0.0 
0.0 0.0 3.0 -2.0 -1.0 -4.0 -3.0 -1.0 0.0 0.0 
0.0 0.0 0.0 -1.0 -3.0 -2.0 -2.0 0.0 0.0 0.0 
0.0 0.0 0.0 0.0 0.0 0.0 0.0 0.0 0.0 0.0 
0.0 0.0 0.0 0.0 0.0 0.0 0.0 0.0 0.0 0.0 
0.0 0.0 0.0 50.0 50.0 50.0 50.0 0.0 0.0 0.0 
0.0 0.0 50.0 50.0 50.0 50.0 50.0 50.0 0.0 0.0 
0.0 50.0 50.0 5.0 50.0 50.0 2.0 5.0 50.0 0.0 
0.0 5.0 0.0 2.0 50.0 50.0 50.0 50.0 50.0 0.0 
0.0 5.0 0.0 50.0 50.0 50.0 2.0 50.0 50.0 0.0 
0.0 50.0 50.0 50.0 50.0 5.0 50.0 50.0 50.0 0.0 
0.0 0.0 5.0 50.0 50.0 2.0 50.0 50.0 0.0 0.0 
0.0 0.0 0.0 50.0 5.0 50.0 50.0 0.0 0.0 0.0 
0.0 0.0 0.0 0.0 0.0 0.0 0.0 0.0 0.0 0.0 
0.0 0.0 0.0 0.0 0.0 0.0 0.0 0.0 0.0 0.0 
0.0 0.0 0.0 -3.0 -1.0 0.0 0.0 0.0 0.0 0.0 
0.0 0.0 0.0 -1.0 -1.0 -1.0 -2.0 -1.0 0.0 0.0 
0.0 0.0 -1.0 -3.0 -1.0 -1.0 -3.0 -2.0 0.0 0.0 
0.0 -2.0 0.0 -3.0 -1.0 -1.0 -2.0 -1.0 -1.0 1.0 
0.0 -2.0 0.0 0.0 -1.0 -1.0 -2.0 -1.0 0.0 1.0 
0.0 2.0 -2.0 0.0 0.0 -2.0 0.0 -2.0 0.0 0.0 
0.0 0.0 -2.0 -1.0 -1.0 -3.0 -2.0 0.0 0.0 0.0 
0.0 0.0 0.0 0.0 -2.0 -1.0 -1.0 0.0 0.0 0.0 
0.0 0.0 0.0 0.0 0.0 0.0 0.0 0.0 0.0 0.0 
0.0 0.0 0.0 0.0 0.0 0.0 0.0 0.0 0.0 0.0 
0.0 0.0 0.0 50.0 50.0 50.0 50.0 0.0 0.0 0.0 
0.0 0.0 50.0 50.0 50.0 50.0 50.0 50.0 0.0 0.0 
0.0 50.0 50.0 50.0 50.0 50.0 50.0 50.0 50.0 0.0 
0.0 50.0 0.0 50.0 50.0 50.0 50.0 50.0 50.0 0.0 
0.0 50.0 0.0 50.0 50.0 50.0 50.0 50.0 50.0 0.0 
0.0 50.0 50.0 50.0 50.0 50.0 50.0 50.0 50.0 0.0 
0.0 0.0 50.0 50.0 50.0 50.0 50.0 50.0 0.0 0.0 
0.0 0.0 0.0 50.0 50.0 50.0 50.0 0.0 0.0 0.0 
0.0 0.0 0.0 0.0 0.0 0.0 0.0 0.0 0.0 0.0 
0%
0%
3/10
16:10
02:40
08-12-2015
