y
y
MARCELO UFRGS
08-12-1950
65
Direito
100.0
1.84
1.5
Dentro dos limites normais
0.0 0.0 0.0 0.0 0.0 0.0 0.0 0.0 0.0 0.0 
0.0 0.0 0.0 31.0 30.0 28.0 30.0 0.0 0.0 0.0 
0.0 0.0 33.0 32.0 30.0 32.0 32.0 28.0 0.0 0.0 
0.0 33.0 33.0 33.0 32.0 32.0 32.0 30.0 30.0 0.0 
29.0 33.0 34.0 33.0 33.0 34.0 34.0 26.0 32.0 0.0 
32.0 33.0 34.0 34.0 34.0 32.0 34.0 0.0 33.0 0.0 
0.0 34.0 32.0 32.0 32.0 30.0 34.0 32.0 33.0 0.0 
0.0 0.0 31.0 31.0 30.0 31.0 32.0 34.0 0.0 0.0 
0.0 0.0 0.0 29.0 30.0 31.0 29.0 0.0 0.0 0.0 
0.0 0.0 0.0 0.0 0.0 0.0 0.0 0.0 0.0 0.0 
0.0 0.0 0.0 0.0 0.0 0.0 0.0 0.0 0.0 0.0 
0.0 0.0 0.0 4.0 3.0 2.0 4.0 0.0 0.0 0.0 
0.0 0.0 4.0 3.0 1.0 3.0 3.0 1.0 0.0 0.0 
0.0 4.0 3.0 2.0 1.0 2.0 2.0 1.0 1.0 0.0 
2.0 3.0 3.0 1.0 0.0 3.0 2.0 0.0 2.0 0.0 
5.0 3.0 2.0 2.0 2.0 0.0 2.0 0.0 3.0 0.0 
0.0 5.0 1.0 1.0 0.0 -2.0 3.0 2.0 3.0 0.0 
0.0 0.0 1.0 0.0 -1.0 0.0 1.0 3.0 0.0 0.0 
0.0 0.0 0.0 0.0 1.0 1.0 0.0 0.0 0.0 0.0 
0.0 0.0 0.0 0.0 0.0 0.0 0.0 0.0 0.0 0.0 
0.0 0.0 0.0 0.0 0.0 0.0 0.0 0.0 0.0 0.0 
0.0 0.0 0.0 50.0 50.0 50.0 50.0 0.0 0.0 0.0 
0.0 0.0 50.0 50.0 50.0 50.0 50.0 50.0 0.0 0.0 
0.0 50.0 50.0 50.0 50.0 50.0 50.0 50.0 50.0 0.0 
50.0 50.0 50.0 50.0 50.0 50.0 50.0 0.0 50.0 0.0 
50.0 50.0 50.0 50.0 50.0 50.0 50.0 0.0 50.0 0.0 
0.0 50.0 50.0 50.0 50.0 50.0 50.0 50.0 50.0 0.0 
0.0 0.0 50.0 50.0 50.0 50.0 50.0 50.0 0.0 0.0 
0.0 0.0 0.0 50.0 50.0 50.0 50.0 0.0 0.0 0.0 
0.0 0.0 0.0 0.0 0.0 0.0 0.0 0.0 0.0 0.0 
0.0 0.0 0.0 0.0 0.0 0.0 0.0 0.0 0.0 0.0 
0.0 0.0 0.0 1.0 0.0 -2.0 0.0 0.0 0.0 0.0 
0.0 0.0 1.0 -1.0 -2.0 -1.0 0.0 -3.0 0.0 0.0 
0.0 1.0 0.0 -1.0 -2.0 -2.0 -2.0 -3.0 -2.0 0.0 
0.0 0.0 0.0 -2.0 -3.0 -1.0 -1.0 0.0 -1.0 0.0 
0.0 0.0 -1.0 -2.0 -2.0 -3.0 -1.0 0.0 -1.0 0.0 
0.0 2.0 -2.0 -3.0 -3.0 -5.0 0.0 -2.0 -1.0 0.0 
0.0 0.0 -2.0 -3.0 -5.0 -3.0 -2.0 0.0 0.0 0.0 
0.0 0.0 0.0 -3.0 -3.0 -2.0 -4.0 0.0 0.0 0.0 
0.0 0.0 0.0 0.0 0.0 0.0 0.0 0.0 0.0 0.0 
0.0 0.0 0.0 0.0 0.0 0.0 0.0 0.0 0.0 0.0 
0.0 0.0 0.0 50.0 50.0 50.0 50.0 0.0 0.0 0.0 
0.0 0.0 50.0 50.0 50.0 50.0 50.0 50.0 0.0 0.0 
0.0 50.0 50.0 50.0 50.0 50.0 50.0 50.0 50.0 0.0 
50.0 50.0 50.0 50.0 5.0 50.0 50.0 0.0 50.0 0.0 
50.0 50.0 50.0 50.0 50.0 5.0 50.0 0.0 50.0 0.0 
0.0 50.0 50.0 50.0 50.0 1.0 50.0 50.0 50.0 0.0 
0.0 0.0 50.0 50.0 1.0 50.0 50.0 50.0 0.0 0.0 
0.0 0.0 0.0 50.0 50.0 50.0 50.0 0.0 0.0 0.0 
0.0 0.0 0.0 0.0 0.0 0.0 0.0 0.0 0.0 0.0 
0%
0%
0/10
16:34
02:25
08-12-2015
