y
y
MARCELO UFRGS
09-12-1995
20
Esquerdo
100.0
-2.03
1.02
Dentro dos limites normais
0.0 0.0 0.0 0.0 0.0 0.0 0.0 0.0 0.0 0.0 
0.0 0.0 0.0 26.0 29.0 30.0 30.0 0.0 0.0 0.0 
0.0 0.0 30.0 30.0 30.0 30.0 31.0 31.0 0.0 0.0 
0.0 28.0 31.0 30.0 31.0 30.0 31.0 31.0 31.0 0.0 
0.0 31.0 28.0 30.0 31.0 31.0 33.0 31.0 30.0 0.0 
0.0 30.0 0.0 32.0 33.0 33.0 32.0 32.0 31.0 0.0 
0.0 28.0 30.0 31.0 32.0 33.0 33.0 31.0 31.0 0.0 
0.0 0.0 31.0 31.0 31.0 30.0 30.0 31.0 0.0 0.0 
0.0 0.0 0.0 31.0 28.0 30.0 30.0 0.0 0.0 0.0 
0.0 0.0 0.0 0.0 0.0 0.0 0.0 0.0 0.0 0.0 
0.0 0.0 0.0 0.0 0.0 0.0 0.0 0.0 0.0 0.0 
0.0 0.0 0.0 -3.0 -1.0 -1.0 0.0 0.0 0.0 0.0 
0.0 0.0 1.0 -2.0 -1.0 -2.0 -2.0 -1.0 0.0 0.0 
0.0 3.0 2.0 -3.0 -2.0 -4.0 -2.0 -2.0 -1.0 0.0 
0.0 -1.0 0.0 -4.0 -4.0 -4.0 -2.0 -2.0 -2.0 0.0 
0.0 -2.0 0.0 -2.0 -2.0 -2.0 -3.0 -2.0 -1.0 0.0 
0.0 4.0 3.0 -3.0 -2.0 -1.0 -1.0 -2.0 -1.0 0.0 
0.0 0.0 1.0 -2.0 -2.0 -3.0 -2.0 -1.0 0.0 0.0 
0.0 0.0 0.0 -1.0 -4.0 -2.0 -1.0 0.0 0.0 0.0 
0.0 0.0 0.0 0.0 0.0 0.0 0.0 0.0 0.0 0.0 
0.0 0.0 0.0 0.0 0.0 0.0 0.0 0.0 0.0 0.0 
0.0 0.0 0.0 50.0 50.0 50.0 50.0 0.0 0.0 0.0 
0.0 0.0 50.0 50.0 50.0 50.0 50.0 50.0 0.0 0.0 
0.0 5.0 50.0 5.0 50.0 5.0 50.0 50.0 50.0 0.0 
0.0 50.0 0.0 2.0 2.0 2.0 50.0 5.0 50.0 0.0 
0.0 50.0 0.0 50.0 50.0 50.0 5.0 50.0 50.0 0.0 
0.0 5.0 5.0 5.0 50.0 50.0 50.0 50.0 50.0 0.0 
0.0 0.0 50.0 50.0 50.0 5.0 50.0 50.0 0.0 0.0 
0.0 0.0 0.0 50.0 5.0 50.0 50.0 0.0 0.0 0.0 
0.0 0.0 0.0 0.0 0.0 0.0 0.0 0.0 0.0 0.0 
0.0 0.0 0.0 0.0 0.0 0.0 0.0 0.0 0.0 0.0 
0.0 0.0 0.0 -2.0 0.0 0.0 0.0 0.0 0.0 0.0 
0.0 0.0 0.0 -1.0 -1.0 -1.0 -1.0 0.0 0.0 0.0 
0.0 -3.0 -1.0 -2.0 -1.0 -3.0 -2.0 -1.0 0.0 0.0 
0.0 -1.0 0.0 -3.0 -3.0 -3.0 -1.0 -2.0 -1.0 1.0 
0.0 -1.0 0.0 -1.0 -1.0 -1.0 -2.0 -1.0 0.0 -2.0 
0.0 -4.0 -2.0 -2.0 -1.0 0.0 0.0 -1.0 0.0 0.0 
0.0 0.0 -1.0 -1.0 -1.0 -2.0 -1.0 0.0 0.0 0.0 
0.0 0.0 0.0 0.0 -3.0 -1.0 0.0 0.0 0.0 0.0 
0.0 0.0 0.0 0.0 0.0 0.0 0.0 0.0 0.0 0.0 
0.0 0.0 0.0 0.0 0.0 0.0 0.0 0.0 0.0 0.0 
0.0 0.0 0.0 50.0 50.0 50.0 50.0 0.0 0.0 0.0 
0.0 0.0 50.0 50.0 50.0 50.0 50.0 50.0 0.0 0.0 
0.0 50.0 50.0 50.0 50.0 50.0 50.0 50.0 50.0 0.0 
0.0 50.0 0.0 5.0 50.0 50.0 50.0 50.0 50.0 0.0 
0.0 50.0 0.0 50.0 50.0 50.0 50.0 50.0 50.0 0.0 
0.0 50.0 50.0 50.0 50.0 50.0 50.0 50.0 50.0 0.0 
0.0 0.0 50.0 50.0 50.0 50.0 50.0 50.0 0.0 0.0 
0.0 0.0 0.0 50.0 50.0 50.0 50.0 0.0 0.0 0.0 
0.0 0.0 0.0 0.0 0.0 0.0 0.0 0.0 0.0 0.0 
0%
0%
0/10
16:29
02:29
09-12-2015
