y
y
MARCELO UFRGS
09-12-1995
20
Direito
99.0
-0.55
1.49
Dentro dos limites normais
0.0 0.0 0.0 0.0 0.0 0.0 0.0 0.0 0.0 0.0 
0.0 0.0 0.0 30.0 30.0 33.0 32.0 0.0 0.0 0.0 
0.0 0.0 32.0 30.0 32.0 34.0 33.0 30.0 0.0 0.0 
0.0 33.0 33.0 32.0 32.0 34.0 36.0 31.0 31.0 0.0 
29.0 32.0 33.0 35.0 36.0 37.0 36.0 34.0 29.0 0.0 
30.0 32.0 34.0 34.0 35.0 35.0 33.0 0.0 29.0 0.0 
0.0 29.0 32.0 32.0 33.0 32.0 33.0 33.0 29.0 0.0 
0.0 0.0 31.0 32.0 32.0 32.0 31.0 30.0 0.0 0.0 
0.0 0.0 0.0 28.0 29.0 31.0 31.0 0.0 0.0 0.0 
0.0 0.0 0.0 0.0 0.0 0.0 0.0 0.0 0.0 0.0 
0.0 0.0 0.0 0.0 0.0 0.0 0.0 0.0 0.0 0.0 
0.0 0.0 0.0 0.0 0.0 3.0 2.0 0.0 0.0 0.0 
0.0 0.0 0.0 -2.0 -1.0 2.0 1.0 -1.0 0.0 0.0 
0.0 1.0 0.0 -1.0 -1.0 1.0 3.0 -1.0 0.0 0.0 
-1.0 0.0 -1.0 0.0 1.0 3.0 2.0 0.0 -3.0 0.0 
0.0 -1.0 0.0 0.0 0.0 0.0 -1.0 0.0 -3.0 0.0 
0.0 3.0 1.0 -2.0 -1.0 -3.0 -1.0 0.0 -3.0 0.0 
0.0 0.0 1.0 -1.0 -1.0 -1.0 -2.0 -2.0 0.0 0.0 
0.0 0.0 0.0 -3.0 -3.0 0.0 -1.0 0.0 0.0 0.0 
0.0 0.0 0.0 0.0 0.0 0.0 0.0 0.0 0.0 0.0 
0.0 0.0 0.0 0.0 0.0 0.0 0.0 0.0 0.0 0.0 
0.0 0.0 0.0 50.0 50.0 50.0 50.0 0.0 0.0 0.0 
0.0 0.0 50.0 50.0 50.0 50.0 50.0 50.0 0.0 0.0 
0.0 50.0 50.0 50.0 50.0 50.0 50.0 50.0 50.0 0.0 
50.0 50.0 50.0 50.0 50.0 50.0 50.0 0.0 50.0 0.0 
50.0 50.0 50.0 50.0 50.0 50.0 50.0 0.0 5.0 0.0 
0.0 50.0 50.0 50.0 50.0 5.0 50.0 50.0 50.0 0.0 
0.0 0.0 50.0 50.0 50.0 50.0 50.0 50.0 0.0 0.0 
0.0 0.0 0.0 50.0 50.0 50.0 50.0 0.0 0.0 0.0 
0.0 0.0 0.0 0.0 0.0 0.0 0.0 0.0 0.0 0.0 
0.0 0.0 0.0 0.0 0.0 0.0 0.0 0.0 0.0 0.0 
0.0 0.0 0.0 -2.0 -2.0 1.0 1.0 0.0 0.0 0.0 
0.0 0.0 -1.0 -3.0 -2.0 0.0 0.0 -2.0 0.0 0.0 
0.0 0.0 -2.0 -3.0 -3.0 -1.0 1.0 -2.0 -2.0 0.0 
0.0 -2.0 -2.0 -1.0 -1.0 1.0 1.0 0.0 -4.0 0.0 
0.0 -2.0 -2.0 -2.0 -1.0 -2.0 -3.0 0.0 -4.0 0.0 
0.0 -5.0 -3.0 -4.0 -2.0 -4.0 -2.0 -2.0 -4.0 0.0 
0.0 0.0 -2.0 -2.0 -2.0 -3.0 -3.0 -3.0 0.0 0.0 
0.0 0.0 0.0 -4.0 -4.0 -2.0 -2.0 0.0 0.0 0.0 
0.0 0.0 0.0 0.0 0.0 0.0 0.0 0.0 0.0 0.0 
0.0 0.0 0.0 0.0 0.0 0.0 0.0 0.0 0.0 0.0 
0.0 0.0 0.0 50.0 50.0 50.0 50.0 0.0 0.0 0.0 
0.0 0.0 50.0 50.0 50.0 50.0 50.0 50.0 0.0 0.0 
0.0 50.0 50.0 50.0 50.0 50.0 50.0 50.0 50.0 0.0 
50.0 50.0 50.0 50.0 50.0 50.0 50.0 0.0 5.0 0.0 
50.0 50.0 50.0 50.0 50.0 50.0 50.0 0.0 5.0 0.0 
0.0 5.0 50.0 2.0 50.0 2.0 50.0 50.0 5.0 0.0 
0.0 0.0 50.0 50.0 50.0 50.0 50.0 50.0 0.0 0.0 
0.0 0.0 0.0 5.0 5.0 50.0 50.0 0.0 0.0 0.0 
0.0 0.0 0.0 0.0 0.0 0.0 0.0 0.0 0.0 0.0 
0%
0%
0/10
16:27
02:18
09-12-2015
