y
y
MARCELO UFRGS
08-12-1930
85
Esquerdo
100.0
3.66
1.14
Alta Sensibilidade Anormal
0.0 0.0 0.0 0.0 0.0 0.0 0.0 0.0 0.0 0.0 
0.0 0.0 0.0 31.0 31.0 31.0 31.0 0.0 0.0 0.0 
0.0 0.0 33.0 32.0 32.0 32.0 32.0 31.0 0.0 0.0 
0.0 33.0 33.0 32.0 32.0 33.0 32.0 31.0 31.0 0.0 
0.0 32.0 42.0 33.0 33.0 35.0 34.0 33.0 31.0 0.0 
0.0 31.0 0.0 35.0 34.0 35.0 34.0 34.0 32.0 0.0 
0.0 33.0 33.0 33.0 35.0 35.0 32.0 33.0 32.0 0.0 
0.0 0.0 33.0 32.0 33.0 34.0 33.0 32.0 0.0 0.0 
0.0 0.0 0.0 29.0 32.0 33.0 33.0 0.0 0.0 0.0 
0.0 0.0 0.0 0.0 0.0 0.0 0.0 0.0 0.0 0.0 
0.0 0.0 0.0 0.0 0.0 0.0 0.0 0.0 0.0 0.0 
0.0 0.0 0.0 6.0 6.0 6.0 6.0 0.0 0.0 0.0 
0.0 0.0 6.0 5.0 5.0 5.0 4.0 4.0 0.0 0.0 
0.0 6.0 5.0 3.0 3.0 3.0 3.0 2.0 4.0 0.0 
0.0 4.0 0.0 3.0 2.0 4.0 4.0 4.0 3.0 0.0 
0.0 2.0 0.0 4.0 3.0 4.0 3.0 4.0 4.0 0.0 
0.0 5.0 4.0 3.0 4.0 4.0 2.0 3.0 4.0 0.0 
0.0 0.0 4.0 2.0 3.0 4.0 3.0 4.0 0.0 0.0 
0.0 0.0 0.0 1.0 3.0 5.0 5.0 0.0 0.0 0.0 
0.0 0.0 0.0 0.0 0.0 0.0 0.0 0.0 0.0 0.0 
0.0 0.0 0.0 0.0 0.0 0.0 0.0 0.0 0.0 0.0 
0.0 0.0 0.0 50.0 50.0 50.0 50.0 0.0 0.0 0.0 
0.0 0.0 50.0 50.0 50.0 50.0 50.0 50.0 0.0 0.0 
0.0 50.0 50.0 50.0 50.0 50.0 50.0 50.0 50.0 0.0 
0.0 50.0 0.0 50.0 50.0 50.0 50.0 50.0 50.0 0.0 
0.0 50.0 0.0 50.0 50.0 50.0 50.0 50.0 50.0 0.0 
0.0 50.0 50.0 50.0 50.0 50.0 50.0 50.0 50.0 0.0 
0.0 0.0 50.0 50.0 50.0 50.0 50.0 50.0 0.0 0.0 
0.0 0.0 0.0 50.0 50.0 50.0 50.0 0.0 0.0 0.0 
0.0 0.0 0.0 0.0 0.0 0.0 0.0 0.0 0.0 0.0 
0.0 0.0 0.0 0.0 0.0 0.0 0.0 0.0 0.0 0.0 
0.0 0.0 0.0 1.0 1.0 1.0 1.0 0.0 0.0 0.0 
0.0 0.0 1.0 0.0 0.0 -1.0 -1.0 -1.0 0.0 0.0 
0.0 1.0 0.0 -2.0 -2.0 -2.0 -2.0 -3.0 -1.0 0.0 
0.0 -1.0 0.0 -2.0 -3.0 -1.0 -1.0 -1.0 -2.0 0.0 
0.0 -3.0 0.0 -1.0 -2.0 -1.0 -2.0 -1.0 -1.0 0.0 
0.0 0.0 -1.0 -2.0 -1.0 -1.0 -3.0 -2.0 -1.0 0.0 
0.0 0.0 -1.0 -3.0 -2.0 -1.0 -2.0 -1.0 0.0 0.0 
0.0 0.0 0.0 -4.0 -2.0 0.0 0.0 0.0 0.0 0.0 
0.0 0.0 0.0 0.0 0.0 0.0 0.0 0.0 0.0 0.0 
0.0 0.0 0.0 0.0 0.0 0.0 0.0 0.0 0.0 0.0 
0.0 0.0 0.0 50.0 50.0 50.0 50.0 0.0 0.0 0.0 
0.0 0.0 50.0 50.0 50.0 50.0 50.0 50.0 0.0 0.0 
0.0 50.0 50.0 50.0 50.0 50.0 50.0 50.0 50.0 0.0 
0.0 50.0 0.0 50.0 50.0 50.0 50.0 50.0 50.0 0.0 
0.0 50.0 0.0 50.0 50.0 50.0 50.0 50.0 50.0 0.0 
0.0 50.0 50.0 50.0 50.0 50.0 5.0 50.0 50.0 0.0 
0.0 0.0 50.0 50.0 50.0 50.0 50.0 50.0 0.0 0.0 
0.0 0.0 0.0 5.0 50.0 50.0 50.0 0.0 0.0 0.0 
0.0 0.0 0.0 0.0 0.0 0.0 0.0 0.0 0.0 0.0 
0%
0%
4/10
16:44
02:30
08-12-2015
