y
y
RODRIGO UFRGS
15-09-1993
22
Esquerdo
100.0
-1.22
1.27
Dentro dos limites normais
0.0 0.0 0.0 0.0 0.0 0.0 0.0 0.0 0.0 0.0 
0.0 0.0 0.0 28.0 28.0 26.0 26.0 0.0 0.0 0.0 
0.0 0.0 27.0 29.0 30.0 29.0 31.0 32.0 0.0 0.0 
0.0 30.0 30.0 30.0 30.0 31.0 33.0 31.0 28.0 0.0 
0.0 29.0 32.0 33.0 33.0 32.0 34.0 33.0 31.0 0.0 
0.0 32.0 0.0 34.0 34.0 34.0 34.0 34.0 31.0 0.0 
0.0 32.0 31.0 33.0 32.0 33.0 33.0 32.0 29.0 0.0 
0.0 0.0 32.0 31.0 32.0 33.0 33.0 33.0 0.0 0.0 
0.0 0.0 0.0 32.0 29.0 29.0 30.0 0.0 0.0 0.0 
0.0 0.0 0.0 0.0 0.0 0.0 0.0 0.0 0.0 0.0 
0.0 0.0 0.0 0.0 0.0 0.0 0.0 0.0 0.0 0.0 
0.0 0.0 0.0 -1.0 -1.0 -4.0 -4.0 0.0 0.0 0.0 
0.0 0.0 4.0 -2.0 -2.0 -3.0 0.0 0.0 0.0 0.0 
0.0 2.0 2.0 -3.0 -3.0 -2.0 0.0 -2.0 -3.0 0.0 
0.0 -3.0 0.0 -1.0 -1.0 -2.0 0.0 0.0 -1.0 0.0 
0.0 0.0 0.0 0.0 0.0 0.0 0.0 0.0 0.0 0.0 
0.0 0.0 2.0 -1.0 -3.0 -2.0 0.0 -1.0 -2.0 0.0 
0.0 0.0 0.0 -1.0 -1.0 0.0 0.0 2.0 0.0 0.0 
0.0 0.0 0.0 0.0 -3.0 -2.0 -1.0 0.0 0.0 0.0 
0.0 0.0 0.0 0.0 0.0 0.0 0.0 0.0 0.0 0.0 
0.0 0.0 0.0 0.0 0.0 0.0 0.0 0.0 0.0 0.0 
0.0 0.0 0.0 50.0 50.0 5.0 50.0 0.0 0.0 0.0 
0.0 0.0 5.0 50.0 50.0 50.0 50.0 50.0 0.0 0.0 
0.0 50.0 50.0 5.0 5.0 50.0 50.0 50.0 50.0 0.0 
0.0 5.0 0.0 50.0 50.0 50.0 50.0 50.0 50.0 0.0 
0.0 50.0 0.0 50.0 50.0 50.0 50.0 50.0 50.0 0.0 
0.0 50.0 50.0 50.0 5.0 50.0 50.0 50.0 50.0 0.0 
0.0 0.0 50.0 50.0 50.0 50.0 50.0 50.0 0.0 0.0 
0.0 0.0 0.0 50.0 50.0 50.0 50.0 0.0 0.0 0.0 
0.0 0.0 0.0 0.0 0.0 0.0 0.0 0.0 0.0 0.0 
0.0 0.0 0.0 0.0 0.0 0.0 0.0 0.0 0.0 0.0 
0.0 0.0 0.0 -1.0 -1.0 -4.0 -4.0 0.0 0.0 0.0 
0.0 0.0 -4.0 -2.0 -2.0 -3.0 0.0 0.0 0.0 0.0 
0.0 -2.0 -2.0 -3.0 -3.0 -2.0 0.0 -2.0 -3.0 0.0 
0.0 -3.0 0.0 -1.0 -1.0 -2.0 0.0 0.0 -1.0 -1.0 
0.0 0.0 0.0 0.0 0.0 0.0 0.0 0.0 0.0 0.0 
0.0 0.0 -2.0 0.0 -2.0 -1.0 0.0 -1.0 -2.0 0.0 
0.0 0.0 0.0 -1.0 -1.0 0.0 0.0 2.0 0.0 0.0 
0.0 0.0 0.0 0.0 -3.0 -2.0 -1.0 0.0 0.0 0.0 
0.0 0.0 0.0 0.0 0.0 0.0 0.0 0.0 0.0 0.0 
0.0 0.0 0.0 0.0 0.0 0.0 0.0 0.0 0.0 0.0 
0.0 0.0 0.0 50.0 50.0 50.0 50.0 0.0 0.0 0.0 
0.0 0.0 50.0 50.0 50.0 50.0 50.0 50.0 0.0 0.0 
0.0 50.0 50.0 50.0 50.0 50.0 50.0 50.0 50.0 0.0 
0.0 50.0 0.0 50.0 50.0 50.0 50.0 50.0 50.0 0.0 
0.0 50.0 0.0 50.0 50.0 50.0 50.0 50.0 50.0 0.0 
0.0 50.0 50.0 50.0 50.0 50.0 50.0 50.0 50.0 0.0 
0.0 0.0 50.0 50.0 50.0 50.0 50.0 50.0 0.0 0.0 
0.0 0.0 0.0 50.0 50.0 50.0 50.0 0.0 0.0 0.0 
0.0 0.0 0.0 0.0 0.0 0.0 0.0 0.0 0.0 0.0 
0%
0%
0/10
15:22
02:43
05-02-2016
