y
y
RODRIGO UFRGS
15-09-1993
22
Direito
100.0
-0.64
1.59
Dentro dos limites normais
0.0 0.0 0.0 0.0 0.0 0.0 0.0 0.0 0.0 0.0 
0.0 0.0 0.0 27.0 30.0 30.0 30.0 0.0 0.0 0.0 
0.0 0.0 29.0 32.0 32.0 31.0 30.0 32.0 0.0 0.0 
0.0 32.0 33.0 33.0 32.0 31.0 33.0 32.0 30.0 0.0 
30.0 30.0 33.0 33.0 34.0 34.0 31.0 30.0 32.0 0.0 
28.0 31.0 34.0 34.0 35.0 35.0 32.0 29.0 23.0 0.0 
0.0 32.0 31.0 34.0 34.0 34.0 34.0 33.0 33.0 0.0 
0.0 0.0 32.0 33.0 32.0 32.0 30.0 32.0 0.0 0.0 
0.0 0.0 0.0 32.0 30.0 32.0 34.0 0.0 0.0 0.0 
0.0 0.0 0.0 0.0 0.0 0.0 0.0 0.0 0.0 0.0 
0.0 0.0 0.0 0.0 0.0 0.0 0.0 0.0 0.0 0.0 
0.0 0.0 0.0 -3.0 0.0 0.0 0.0 0.0 0.0 0.0 
0.0 0.0 -2.0 0.0 0.0 -1.0 -1.0 1.0 0.0 0.0 
0.0 0.0 0.0 0.0 -2.0 -2.0 0.0 0.0 -1.0 0.0 
1.0 -2.0 0.0 -1.0 0.0 -1.0 -3.0 0.0 0.0 0.0 
-2.0 0.0 0.0 0.0 1.0 0.0 -2.0 0.0 -9.0 0.0 
0.0 0.0 -2.0 0.0 0.0 0.0 0.0 0.0 1.0 0.0 
0.0 0.0 0.0 0.0 -1.0 -1.0 -3.0 0.0 0.0 0.0 
0.0 0.0 0.0 1.0 -2.0 0.0 2.0 0.0 0.0 0.0 
0.0 0.0 0.0 0.0 0.0 0.0 0.0 0.0 0.0 0.0 
0.0 0.0 0.0 0.0 0.0 0.0 0.0 0.0 0.0 0.0 
0.0 0.0 0.0 50.0 50.0 50.0 50.0 0.0 0.0 0.0 
0.0 0.0 50.0 50.0 50.0 50.0 50.0 50.0 0.0 0.0 
0.0 50.0 50.0 50.0 50.0 50.0 50.0 50.0 50.0 0.0 
50.0 50.0 50.0 50.0 50.0 50.0 5.0 0.0 50.0 0.0 
50.0 50.0 50.0 50.0 50.0 50.0 50.0 0.0 1.0 0.0 
0.0 50.0 50.0 50.0 50.0 50.0 50.0 50.0 50.0 0.0 
0.0 0.0 50.0 50.0 50.0 50.0 5.0 50.0 0.0 0.0 
0.0 0.0 0.0 50.0 50.0 50.0 50.0 0.0 0.0 0.0 
0.0 0.0 0.0 0.0 0.0 0.0 0.0 0.0 0.0 0.0 
0.0 0.0 0.0 0.0 0.0 0.0 0.0 0.0 0.0 0.0 
0.0 0.0 0.0 -3.0 -1.0 0.0 0.0 0.0 0.0 0.0 
0.0 0.0 -2.0 -1.0 -1.0 -1.0 -1.0 0.0 0.0 0.0 
0.0 0.0 0.0 -1.0 -2.0 -3.0 0.0 0.0 -2.0 0.0 
0.0 -2.0 0.0 -2.0 -1.0 -1.0 -3.0 0.0 0.0 0.0 
0.0 -1.0 0.0 0.0 0.0 0.0 -2.0 0.0 -1.0 0.0 
0.0 0.0 -2.0 0.0 0.0 -1.0 0.0 0.0 1.0 0.0 
0.0 0.0 0.0 0.0 -2.0 -1.0 -4.0 -1.0 0.0 0.0 
0.0 0.0 0.0 0.0 -2.0 0.0 2.0 0.0 0.0 0.0 
0.0 0.0 0.0 0.0 0.0 0.0 0.0 0.0 0.0 0.0 
0.0 0.0 0.0 0.0 0.0 0.0 0.0 0.0 0.0 0.0 
0.0 0.0 0.0 50.0 50.0 50.0 50.0 0.0 0.0 0.0 
0.0 0.0 50.0 50.0 50.0 50.0 50.0 50.0 0.0 0.0 
0.0 50.0 50.0 50.0 50.0 50.0 50.0 50.0 50.0 0.0 
50.0 50.0 50.0 50.0 50.0 50.0 50.0 0.0 50.0 0.0 
50.0 50.0 50.0 50.0 50.0 50.0 50.0 0.0 0.5 0.0 
0.0 50.0 50.0 50.0 50.0 50.0 50.0 50.0 50.0 0.0 
0.0 0.0 50.0 50.0 50.0 50.0 5.0 50.0 0.0 0.0 
0.0 0.0 0.0 50.0 50.0 50.0 50.0 0.0 0.0 0.0 
0.0 0.0 0.0 0.0 0.0 0.0 0.0 0.0 0.0 0.0 
5%
0%
1/11
15:41
03:08
05-02-2016
