y
y
RODRIGO UFRGS
15-09-1993
22
Esquerdo
98.0
-1.73
1.8
Dentro dos limites normais
0.0 0.0 0.0 0.0 0.0 0.0 0.0 0.0 0.0 0.0 
0.0 0.0 0.0 20.0 26.0 27.0 30.0 0.0 0.0 0.0 
0.0 0.0 25.0 28.0 30.0 31.0 32.0 28.0 0.0 0.0 
0.0 26.0 26.0 31.0 32.0 32.0 33.0 31.0 30.0 0.0 
0.0 31.0 31.0 30.0 33.0 32.0 34.0 33.0 31.0 0.0 
0.0 31.0 0.0 35.0 35.0 34.0 33.0 32.0 31.0 0.0 
0.0 26.0 28.0 33.0 32.0 33.0 32.0 30.0 31.0 0.0 
0.0 0.0 31.0 31.0 32.0 31.0 31.0 32.0 0.0 0.0 
0.0 0.0 0.0 29.0 30.0 25.0 30.0 0.0 0.0 0.0 
0.0 0.0 0.0 0.0 0.0 0.0 0.0 0.0 0.0 0.0 
0.0 0.0 0.0 0.0 0.0 0.0 0.0 0.0 0.0 0.0 
0.0 0.0 0.0 -9.0 -3.0 -2.0 0.0 0.0 0.0 0.0 
0.0 0.0 6.0 -3.0 -1.0 -1.0 0.0 -3.0 0.0 0.0 
0.0 5.0 6.0 -2.0 -1.0 -2.0 0.0 -2.0 -1.0 0.0 
0.0 -1.0 0.0 -4.0 -1.0 -2.0 -1.0 0.0 -1.0 0.0 
0.0 -1.0 0.0 1.0 0.0 -1.0 -1.0 -1.0 -1.0 0.0 
0.0 6.0 5.0 -1.0 -2.0 -1.0 -2.0 -3.0 -1.0 0.0 
0.0 0.0 1.0 -2.0 -1.0 -1.0 -1.0 1.0 0.0 0.0 
0.0 0.0 0.0 -3.0 -1.0 -6.0 -1.0 0.0 0.0 0.0 
0.0 0.0 0.0 0.0 0.0 0.0 0.0 0.0 0.0 0.0 
0.0 0.0 0.0 0.0 0.0 0.0 0.0 0.0 0.0 0.0 
0.0 0.0 0.0 2.0 50.0 50.0 50.0 0.0 0.0 0.0 
0.0 0.0 2.0 50.0 50.0 50.0 50.0 50.0 0.0 0.0 
0.0 2.0 2.0 50.0 50.0 50.0 50.0 50.0 50.0 0.0 
0.0 50.0 0.0 2.0 50.0 50.0 50.0 50.0 50.0 0.0 
0.0 50.0 0.0 50.0 50.0 50.0 50.0 50.0 50.0 0.0 
0.0 2.0 2.0 50.0 50.0 50.0 50.0 5.0 50.0 0.0 
0.0 0.0 50.0 50.0 50.0 50.0 50.0 50.0 0.0 0.0 
0.0 0.0 0.0 5.0 50.0 1.0 50.0 0.0 0.0 0.0 
0.0 0.0 0.0 0.0 0.0 0.0 0.0 0.0 0.0 0.0 
0.0 0.0 0.0 0.0 0.0 0.0 0.0 0.0 0.0 0.0 
0.0 0.0 0.0 -9.0 -3.0 -2.0 0.0 0.0 0.0 0.0 
0.0 0.0 -6.0 -3.0 -1.0 0.0 0.0 -3.0 0.0 0.0 
0.0 -5.0 -5.0 -2.0 -1.0 -2.0 0.0 -2.0 -1.0 0.0 
0.0 -1.0 0.0 -4.0 -1.0 -2.0 0.0 0.0 -1.0 -2.0 
0.0 -1.0 0.0 1.0 1.0 -1.0 -1.0 -1.0 -1.0 1.0 
0.0 -6.0 -5.0 0.0 -2.0 -1.0 -1.0 -3.0 0.0 0.0 
0.0 0.0 -1.0 -1.0 -1.0 -1.0 -1.0 1.0 0.0 0.0 
0.0 0.0 0.0 -3.0 -1.0 -6.0 0.0 0.0 0.0 0.0 
0.0 0.0 0.0 0.0 0.0 0.0 0.0 0.0 0.0 0.0 
0.0 0.0 0.0 0.0 0.0 0.0 0.0 0.0 0.0 0.0 
0.0 0.0 0.0 2.0 50.0 50.0 50.0 0.0 0.0 0.0 
0.0 0.0 5.0 50.0 50.0 50.0 50.0 50.0 0.0 0.0 
0.0 5.0 2.0 50.0 50.0 50.0 50.0 50.0 50.0 0.0 
0.0 50.0 0.0 5.0 50.0 50.0 50.0 50.0 50.0 0.0 
0.0 50.0 0.0 50.0 50.0 50.0 50.0 50.0 50.0 0.0 
0.0 2.0 2.0 50.0 50.0 50.0 50.0 50.0 50.0 0.0 
0.0 0.0 50.0 50.0 50.0 50.0 50.0 50.0 0.0 0.0 
0.0 0.0 0.0 50.0 50.0 1.0 50.0 0.0 0.0 0.0 
0.0 0.0 0.0 0.0 0.0 0.0 0.0 0.0 0.0 0.0 
0%
0%
0/10
15:55
02:50
04-02-2016
