y
y
SERGIO UFRGS
20-08-1987
28
Direito
100.0
-1.13
1.25
Dentro dos limites normais
0.0 0.0 0.0 0.0 0.0 0.0 0.0 0.0 0.0 0.0 
0.0 0.0 0.0 27.0 27.0 28.0 28.0 0.0 0.0 0.0 
0.0 0.0 32.0 31.0 30.0 30.0 28.0 30.0 0.0 0.0 
0.0 28.0 31.0 30.0 31.0 31.0 32.0 31.0 28.0 0.0 
26.0 31.0 33.0 33.0 34.0 33.0 31.0 30.0 31.0 0.0 
27.0 30.0 33.0 31.0 33.0 33.0 32.0 21.0 30.0 0.0 
0.0 33.0 33.0 33.0 32.0 34.0 33.0 29.0 30.0 0.0 
0.0 0.0 34.0 33.0 31.0 32.0 33.0 32.0 0.0 0.0 
0.0 0.0 0.0 28.0 28.0 31.0 30.0 0.0 0.0 0.0 
0.0 0.0 0.0 0.0 0.0 0.0 0.0 0.0 0.0 0.0 
0.0 0.0 0.0 0.0 0.0 0.0 0.0 0.0 0.0 0.0 
0.0 0.0 0.0 -2.0 -3.0 -1.0 -1.0 0.0 0.0 0.0 
0.0 0.0 1.0 -1.0 -1.0 -2.0 -3.0 -1.0 0.0 0.0 
0.0 3.0 1.0 -3.0 -2.0 -2.0 -1.0 -1.0 -3.0 0.0 
3.0 -1.0 0.0 -1.0 -1.0 -1.0 -2.0 0.0 -1.0 0.0 
2.0 -1.0 0.0 -3.0 -1.0 -1.0 -1.0 0.0 -2.0 0.0 
0.0 1.0 1.0 0.0 -1.0 0.0 0.0 -4.0 -2.0 0.0 
0.0 0.0 2.0 0.0 -2.0 -1.0 0.0 0.0 0.0 0.0 
0.0 0.0 0.0 -2.0 -3.0 0.0 -2.0 0.0 0.0 0.0 
0.0 0.0 0.0 0.0 0.0 0.0 0.0 0.0 0.0 0.0 
0.0 0.0 0.0 0.0 0.0 0.0 0.0 0.0 0.0 0.0 
0.0 0.0 0.0 50.0 50.0 50.0 50.0 0.0 0.0 0.0 
0.0 0.0 50.0 50.0 50.0 50.0 50.0 50.0 0.0 0.0 
0.0 50.0 50.0 5.0 50.0 50.0 50.0 50.0 50.0 0.0 
50.0 50.0 50.0 50.0 50.0 50.0 50.0 0.0 50.0 0.0 
50.0 50.0 50.0 2.0 50.0 50.0 50.0 0.0 50.0 0.0 
0.0 50.0 50.0 50.0 50.0 50.0 50.0 5.0 50.0 0.0 
0.0 0.0 50.0 50.0 50.0 50.0 50.0 50.0 0.0 0.0 
0.0 0.0 0.0 50.0 5.0 50.0 50.0 0.0 0.0 0.0 
0.0 0.0 0.0 0.0 0.0 0.0 0.0 0.0 0.0 0.0 
0.0 0.0 0.0 0.0 0.0 0.0 0.0 0.0 0.0 0.0 
0.0 0.0 0.0 -2.0 -3.0 -2.0 -1.0 0.0 0.0 0.0 
0.0 0.0 0.0 -1.0 -1.0 -2.0 -3.0 -1.0 0.0 0.0 
0.0 -3.0 -1.0 -3.0 -3.0 -2.0 -1.0 -1.0 -3.0 0.0 
0.0 -1.0 0.0 -1.0 -1.0 -1.0 -2.0 0.0 -1.0 0.0 
0.0 -1.0 -1.0 -4.0 -1.0 -2.0 -2.0 0.0 -2.0 0.0 
0.0 1.0 0.0 0.0 -2.0 0.0 0.0 -4.0 -2.0 0.0 
0.0 0.0 2.0 0.0 -2.0 -1.0 0.0 0.0 0.0 0.0 
0.0 0.0 0.0 -2.0 -3.0 0.0 -2.0 0.0 0.0 0.0 
0.0 0.0 0.0 0.0 0.0 0.0 0.0 0.0 0.0 0.0 
0.0 0.0 0.0 0.0 0.0 0.0 0.0 0.0 0.0 0.0 
0.0 0.0 0.0 50.0 50.0 50.0 50.0 0.0 0.0 0.0 
0.0 0.0 50.0 50.0 50.0 50.0 50.0 50.0 0.0 0.0 
0.0 50.0 50.0 50.0 50.0 50.0 50.0 50.0 50.0 0.0 
50.0 50.0 50.0 50.0 50.0 50.0 50.0 0.0 50.0 0.0 
50.0 50.0 50.0 2.0 50.0 50.0 50.0 0.0 50.0 0.0 
0.0 50.0 50.0 50.0 50.0 50.0 50.0 5.0 50.0 0.0 
0.0 0.0 50.0 50.0 50.0 50.0 50.0 50.0 0.0 0.0 
0.0 0.0 0.0 50.0 50.0 50.0 50.0 0.0 0.0 0.0 
0.0 0.0 0.0 0.0 0.0 0.0 0.0 0.0 0.0 0.0 
0%
2%
11/1
16:26
03:02
29-02-2016
