y
y
SERGIO UFRGS
20-08-1987
28
Esquerdo
100.0
-1.74
1.3
Dentro dos limites normais
0.0 0.0 0.0 0.0 0.0 0.0 0.0 0.0 0.0 0.0 
0.0 0.0 0.0 24.0 30.0 29.0 29.0 0.0 0.0 0.0 
0.0 0.0 28.0 28.0 29.0 29.0 31.0 28.0 0.0 0.0 
0.0 30.0 29.0 29.0 31.0 32.0 31.0 31.0 27.0 0.0 
0.0 31.0 29.0 31.0 32.0 31.0 31.0 32.0 30.0 0.0 
0.0 33.0 3.0 33.0 32.0 32.0 31.0 32.0 31.0 0.0 
0.0 29.0 29.0 31.0 32.0 29.0 33.0 31.0 31.0 0.0 
0.0 0.0 29.0 31.0 32.0 31.0 30.0 31.0 0.0 0.0 
0.0 0.0 0.0 28.0 31.0 30.0 30.0 0.0 0.0 0.0 
0.0 0.0 0.0 0.0 0.0 0.0 0.0 0.0 0.0 0.0 
0.0 0.0 0.0 0.0 0.0 0.0 0.0 0.0 0.0 0.0 
0.0 0.0 0.0 -5.0 1.0 -1.0 -1.0 0.0 0.0 0.0 
0.0 0.0 2.0 -2.0 -2.0 -2.0 -1.0 -3.0 0.0 0.0 
0.0 1.0 3.0 -3.0 -2.0 -1.0 -2.0 -1.0 -4.0 0.0 
0.0 -1.0 0.0 -2.0 -2.0 -3.0 -3.0 -1.0 -2.0 0.0 
0.0 1.0 0.0 -1.0 -2.0 -3.0 -3.0 -1.0 -1.0 0.0 
0.0 2.0 3.0 -2.0 -2.0 -5.0 -1.0 -2.0 0.0 0.0 
0.0 0.0 3.0 -1.0 -1.0 -2.0 -2.0 -1.0 0.0 0.0 
0.0 0.0 0.0 -4.0 -1.0 -1.0 -1.0 0.0 0.0 0.0 
0.0 0.0 0.0 0.0 0.0 0.0 0.0 0.0 0.0 0.0 
0.0 0.0 0.0 0.0 0.0 0.0 0.0 0.0 0.0 0.0 
0.0 0.0 0.0 5.0 50.0 50.0 50.0 0.0 0.0 0.0 
0.0 0.0 50.0 50.0 50.0 50.0 50.0 50.0 0.0 0.0 
0.0 50.0 50.0 5.0 50.0 50.0 50.0 50.0 5.0 0.0 
0.0 50.0 0.0 50.0 50.0 5.0 5.0 50.0 50.0 0.0 
0.0 50.0 0.0 50.0 50.0 5.0 5.0 50.0 50.0 0.0 
0.0 50.0 5.0 50.0 50.0 1.0 50.0 50.0 50.0 0.0 
0.0 0.0 5.0 50.0 50.0 50.0 50.0 50.0 0.0 0.0 
0.0 0.0 0.0 5.0 50.0 50.0 50.0 0.0 0.0 0.0 
0.0 0.0 0.0 0.0 0.0 0.0 0.0 0.0 0.0 0.0 
0.0 0.0 0.0 0.0 0.0 0.0 0.0 0.0 0.0 0.0 
0.0 0.0 0.0 -4.0 1.0 0.0 0.0 0.0 0.0 0.0 
0.0 0.0 -2.0 -2.0 -1.0 -2.0 0.0 -2.0 0.0 0.0 
0.0 -1.0 -2.0 -2.0 -1.0 -1.0 -1.0 -1.0 -4.0 0.0 
0.0 0.0 0.0 -2.0 -1.0 -3.0 -2.0 -1.0 -1.0 2.0 
0.0 2.0 0.0 0.0 -2.0 -2.0 -2.0 -1.0 0.0 1.0 
0.0 -2.0 -3.0 -2.0 -1.0 -4.0 0.0 -1.0 0.0 0.0 
0.0 0.0 -3.0 -1.0 0.0 -1.0 -1.0 0.0 0.0 0.0 
0.0 0.0 0.0 -3.0 0.0 -1.0 0.0 0.0 0.0 0.0 
0.0 0.0 0.0 0.0 0.0 0.0 0.0 0.0 0.0 0.0 
0.0 0.0 0.0 0.0 0.0 0.0 0.0 0.0 0.0 0.0 
0.0 0.0 0.0 50.0 50.0 50.0 50.0 0.0 0.0 0.0 
0.0 0.0 50.0 50.0 50.0 50.0 50.0 50.0 0.0 0.0 
0.0 50.0 50.0 50.0 50.0 50.0 50.0 50.0 50.0 0.0 
0.0 50.0 0.0 50.0 50.0 50.0 50.0 50.0 50.0 0.0 
0.0 50.0 0.0 50.0 50.0 50.0 50.0 50.0 50.0 0.0 
0.0 50.0 50.0 50.0 50.0 1.0 50.0 50.0 50.0 0.0 
0.0 0.0 50.0 50.0 50.0 50.0 50.0 50.0 0.0 0.0 
0.0 0.0 0.0 50.0 50.0 50.0 50.0 0.0 0.0 0.0 
0.0 0.0 0.0 0.0 0.0 0.0 0.0 0.0 0.0 0.0 
0%
8%
2/11
16:20
02:59
29-02-2016
