y
y
VINICIUS B
15-08-1992
23
Direito
99.0
-0.86
1.68
Dentro dos limites normais
0.0 0.0 0.0 0.0 0.0 0.0 0.0 0.0 0.0 0.0 
0.0 0.0 0.0 30.0 29.0 27.0 28.0 0.0 0.0 0.0 
0.0 0.0 31.0 30.0 31.0 31.0 31.0 35.0 0.0 0.0 
0.0 28.0 32.0 34.0 33.0 31.0 31.0 32.0 32.0 0.0 
26.0 30.0 33.0 32.0 34.0 33.0 31.0 24.0 33.0 0.0 
35.0 32.0 33.0 34.0 33.0 32.0 31.0 31.0 29.0 0.0 
0.0 32.0 33.0 35.0 32.0 33.0 33.0 32.0 36.0 0.0 
0.0 0.0 30.0 31.0 30.0 30.0 32.0 33.0 0.0 0.0 
0.0 0.0 0.0 32.0 31.0 30.0 29.0 0.0 0.0 0.0 
0.0 0.0 0.0 0.0 0.0 0.0 0.0 0.0 0.0 0.0 
0.0 0.0 0.0 0.0 0.0 0.0 0.0 0.0 0.0 0.0 
0.0 0.0 0.0 0.0 0.0 -3.0 -1.0 0.0 0.0 0.0 
0.0 0.0 1.0 -2.0 0.0 -1.0 0.0 4.0 0.0 0.0 
0.0 3.0 -1.0 1.0 -1.0 -2.0 -2.0 0.0 0.0 0.0 
4.0 1.0 1.0 -2.0 0.0 -1.0 -2.0 0.0 1.0 0.0 
5.0 0.0 1.0 -1.0 -2.0 -3.0 -3.0 0.0 -3.0 0.0 
0.0 1.0 0.0 2.0 -2.0 -1.0 0.0 -1.0 4.0 0.0 
0.0 0.0 1.0 -2.0 -3.0 -3.0 -1.0 1.0 0.0 0.0 
0.0 0.0 0.0 1.0 -1.0 -2.0 -3.0 0.0 0.0 0.0 
0.0 0.0 0.0 0.0 0.0 0.0 0.0 0.0 0.0 0.0 
0.0 0.0 0.0 0.0 0.0 0.0 0.0 0.0 0.0 0.0 
0.0 0.0 0.0 50.0 50.0 50.0 50.0 0.0 0.0 0.0 
0.0 0.0 50.0 50.0 50.0 50.0 50.0 50.0 0.0 0.0 
0.0 50.0 50.0 50.0 50.0 50.0 50.0 50.0 50.0 0.0 
50.0 50.0 50.0 50.0 50.0 50.0 50.0 0.0 50.0 0.0 
50.0 50.0 50.0 50.0 50.0 5.0 5.0 0.0 5.0 0.0 
0.0 50.0 50.0 50.0 50.0 50.0 50.0 50.0 50.0 0.0 
0.0 0.0 50.0 50.0 5.0 5.0 50.0 50.0 0.0 0.0 
0.0 0.0 0.0 50.0 50.0 50.0 5.0 0.0 0.0 0.0 
0.0 0.0 0.0 0.0 0.0 0.0 0.0 0.0 0.0 0.0 
0.0 0.0 0.0 0.0 0.0 0.0 0.0 0.0 0.0 0.0 
0.0 0.0 0.0 -1.0 -1.0 -3.0 -2.0 0.0 0.0 0.0 
0.0 0.0 -1.0 -3.0 -1.0 -2.0 -1.0 4.0 0.0 0.0 
0.0 -3.0 -1.0 0.0 -1.0 -3.0 -2.0 0.0 0.0 0.0 
0.0 -2.0 -1.0 -2.0 -1.0 -2.0 -3.0 0.0 1.0 0.0 
0.0 0.0 -1.0 -1.0 -3.0 -4.0 -4.0 0.0 -4.0 0.0 
0.0 0.0 0.0 1.0 -3.0 -2.0 -1.0 -1.0 3.0 0.0 
0.0 0.0 -2.0 -2.0 -3.0 -3.0 -1.0 0.0 0.0 0.0 
0.0 0.0 0.0 1.0 -1.0 -2.0 -4.0 0.0 0.0 0.0 
0.0 0.0 0.0 0.0 0.0 0.0 0.0 0.0 0.0 0.0 
0.0 0.0 0.0 0.0 0.0 0.0 0.0 0.0 0.0 0.0 
0.0 0.0 0.0 50.0 50.0 50.0 50.0 0.0 0.0 0.0 
0.0 0.0 50.0 50.0 50.0 50.0 50.0 50.0 0.0 0.0 
0.0 50.0 50.0 50.0 50.0 50.0 50.0 50.0 50.0 0.0 
50.0 50.0 50.0 50.0 50.0 50.0 50.0 0.0 50.0 0.0 
50.0 50.0 50.0 50.0 50.0 5.0 5.0 0.0 50.0 0.0 
0.0 50.0 50.0 50.0 50.0 50.0 50.0 50.0 50.0 0.0 
0.0 0.0 50.0 50.0 5.0 5.0 50.0 50.0 0.0 0.0 
0.0 0.0 0.0 50.0 50.0 50.0 5.0 0.0 0.0 0.0 
0.0 0.0 0.0 0.0 0.0 0.0 0.0 0.0 0.0 0.0 
0%
0%
3/11
17:09
03:01
18-03-2016
