y
y
VINICIUS A
14-10-1987
28
Direito
99.0
-1.93
1.51
Dentro dos limites normais
0.0 0.0 0.0 0.0 0.0 0.0 0.0 0.0 0.0 0.0 
0.0 0.0 0.0 25.0 27.0 27.0 30.0 0.0 0.0 0.0 
0.0 0.0 28.0 30.0 28.0 31.0 30.0 32.0 0.0 0.0 
0.0 30.0 30.0 32.0 30.0 33.0 33.0 31.0 32.0 0.0 
24.0 28.0 31.0 31.0 33.0 32.0 32.0 18.0 30.0 0.0 
25.0 27.0 32.0 33.0 31.0 32.0 33.0 0.0 29.0 0.0 
0.0 26.0 30.0 33.0 31.0 32.0 32.0 32.0 31.0 0.0 
0.0 0.0 28.0 30.0 29.0 30.0 31.0 30.0 0.0 0.0 
0.0 0.0 0.0 28.0 26.0 28.0 30.0 0.0 0.0 0.0 
0.0 0.0 0.0 0.0 0.0 0.0 0.0 0.0 0.0 0.0 
0.0 0.0 0.0 0.0 0.0 0.0 0.0 0.0 0.0 0.0 
0.0 0.0 0.0 -5.0 -2.0 -2.0 2.0 0.0 0.0 0.0 
0.0 0.0 3.0 -1.0 -3.0 0.0 0.0 1.0 0.0 0.0 
0.0 1.0 2.0 -1.0 -3.0 0.0 1.0 -1.0 1.0 0.0 
5.0 4.0 2.0 -3.0 -2.0 -2.0 -1.0 0.0 -1.0 0.0 
4.0 4.0 1.0 -1.0 -3.0 -2.0 0.0 0.0 -2.0 0.0 
0.0 5.0 -2.0 0.0 -3.0 -2.0 -1.0 -1.0 -1.0 0.0 
0.0 0.0 3.0 -2.0 -4.0 -3.0 -1.0 -2.0 0.0 0.0 
0.0 0.0 0.0 -3.0 -5.0 -4.0 -1.0 0.0 0.0 0.0 
0.0 0.0 0.0 0.0 0.0 0.0 0.0 0.0 0.0 0.0 
0.0 0.0 0.0 0.0 0.0 0.0 0.0 0.0 0.0 0.0 
0.0 0.0 0.0 5.0 50.0 50.0 50.0 0.0 0.0 0.0 
0.0 0.0 50.0 50.0 5.0 50.0 50.0 50.0 0.0 0.0 
0.0 50.0 50.0 50.0 5.0 50.0 50.0 50.0 50.0 0.0 
5.0 5.0 50.0 5.0 50.0 50.0 50.0 0.0 50.0 0.0 
5.0 2.0 50.0 50.0 5.0 50.0 50.0 0.0 50.0 0.0 
0.0 2.0 50.0 50.0 5.0 50.0 50.0 50.0 50.0 0.0 
0.0 0.0 5.0 50.0 2.0 5.0 50.0 50.0 0.0 0.0 
0.0 0.0 0.0 50.0 2.0 5.0 50.0 0.0 0.0 0.0 
0.0 0.0 0.0 0.0 0.0 0.0 0.0 0.0 0.0 0.0 
0.0 0.0 0.0 0.0 0.0 0.0 0.0 0.0 0.0 0.0 
0.0 0.0 0.0 -4.0 -2.0 -1.0 2.0 0.0 0.0 0.0 
0.0 0.0 -2.0 -1.0 -3.0 1.0 0.0 1.0 0.0 0.0 
0.0 -1.0 -2.0 -1.0 -3.0 0.0 1.0 0.0 2.0 0.0 
0.0 -3.0 -1.0 -2.0 -1.0 -1.0 -1.0 0.0 -1.0 0.0 
0.0 -4.0 -1.0 -1.0 -3.0 -2.0 0.0 0.0 -2.0 0.0 
0.0 -4.0 -2.0 0.0 -3.0 -1.0 -1.0 0.0 0.0 0.0 
0.0 0.0 -3.0 -2.0 -3.0 -3.0 -1.0 -2.0 0.0 0.0 
0.0 0.0 0.0 -2.0 -5.0 -3.0 -1.0 0.0 0.0 0.0 
0.0 0.0 0.0 0.0 0.0 0.0 0.0 0.0 0.0 0.0 
0.0 0.0 0.0 0.0 0.0 0.0 0.0 0.0 0.0 0.0 
0.0 0.0 0.0 5.0 50.0 50.0 50.0 0.0 0.0 0.0 
0.0 0.0 50.0 50.0 50.0 50.0 50.0 50.0 0.0 0.0 
0.0 50.0 50.0 50.0 50.0 50.0 50.0 50.0 50.0 0.0 
50.0 5.0 50.0 50.0 50.0 50.0 50.0 0.0 50.0 0.0 
50.0 5.0 50.0 50.0 50.0 50.0 50.0 0.0 50.0 0.0 
0.0 5.0 50.0 50.0 50.0 50.0 50.0 50.0 50.0 0.0 
0.0 0.0 50.0 50.0 5.0 50.0 50.0 50.0 0.0 0.0 
0.0 0.0 0.0 50.0 2.0 50.0 50.0 0.0 0.0 0.0 
0.0 0.0 0.0 0.0 0.0 0.0 0.0 0.0 0.0 0.0 
0%
0%
0/11
17:30
02:51
18-03-2016
