v1.0
#head
personName-Marcelo da Mata
birthdate-01/01/1990
age-26
date-11/04/2016
stimulus-0
blindspot-1
blindspotsize-1
time-12:00:00
strategy-1
#righteye
timetest-201
fneg-0
fnegtests-7
fpos-1
fpostests-4
fixationlosses-1
fixationlossestests-10
firings-201
visualfield- 
0,0 0,0 0,0 0,0 0,0 0,0 0,0 0,0 0,0 0,0
0,0 0,0 0,0 3,4 2,3 2,3 3,3 0,0 0,0 0,0
0,0 0,0 2,3 2,3 2,3 2,3 3,3 3,3 0,0 0,0
0,0 3,4 3,3 2,3 3,3 2,3 3,3 2,3 4,4 0,0
0,0 3,4 3,3 3,3 3,3 3,3 3,3 0,0 0,0 0,0
0,0 4,4 3,3 3,3 3,3 3,3 4,4 0,0 0,0 0,0
0,0 4,4 3,3 3,3 3,3 4,4 4,5 3,4 4,5 0,0
0,0 0,0 3,3 2,3 3,3 3,3 2,3 3,4 0,0 0,0
0,0 0,0 0,0 4,4 4,4 3,4 5,5 0,0 0,0 0,0
0,0 0,0 0,0 0,0 0,0 0,0 0,0 0,0 0,0 0,0
minintensity- 
1.0 1.0 1.0 1.0 1.0 1.0 1.0 1.0 1.0 1.0
1.0 1.0 1.0 0.22006767949011477 0.2189403790840384 0.2616656096411411 0.2204517756443733 1.0 1.0 1.0
1.0 1.0 0.22984534885884686 0.2281779604776488 0.22859886201958332 0.22691160050897274 0.24827945184121827 0.2807410151552356 1.0 1.0
1.0 0.21865434033039507 0.22981851780681078 0.22890955309829847 0.22392686342284054 0.21807764041257127 0.24697386808583827 0.2513996273450632 0.23264123288764493 1.0
1.0 0.21566639449854952 0.2224497979734237 0.2233582318937528 0.22204969420252216 0.22355519138405844 0.22581001689281674 0.22755949287397417 0.2550666830101153 1.0
1.0 0.23010855046635112 0.22561691730777664 0.22299805355221936 0.22270707034639178 0.2222883376890736 0.22325355245520057 0.4201098238269621 0.22755949287397417 1.0
1.0 0.247285752100754 0.22750384611678254 0.25092981095431677 0.22423649615967167 0.22422230267135007 0.22552212503725666 0.25933969133089396 0.21863202136819188 1.0
1.0 1.0 0.2606204563296622 0.25515761354577476 0.24377672589213187 0.22634917005892466 0.22287799678820322 0.22526799423609567 1.0 1.0
1.0 1.0 1.0 0.24681187530609397 0.2611905826505501 0.2611905826505501 0.23072230009394087 1.0 1.0 1.0
1.0 1.0 1.0 1.0 1.0 1.0 1.0 1.0 1.0 1.0
deviation- 
0.0 0.0 0.0 0.0 0.0 0.0 0.0 0.0 0.0 0.0
0.0 0.0 0.0 0.0 0.0 0.0 0.0 0.0 0.0 0.0
0.0 0.0 0.0 0.0 0.0 0.0 0.0 0.0 0.0 0.0
0.0 0.0 0.0 0.0 0.0 0.0 0.0 0.0 0.0 0.0
0.0 0.0 0.0 0.0 0.0 0.0 0.0 0.0 0.0 0.0
0.0 0.0 0.0 0.0 0.0 0.0 0.0 0.0 0.0 0.0
0.0 0.0 0.0 0.0 0.0 0.0 0.0 0.0 0.0 0.0
0.0 0.0 0.0 0.0 0.0 0.0 0.0 0.0 0.0 0.0
0.0 0.0 0.0 0.0 0.0 0.0 0.0 0.0 0.0 0.0
0.0 0.0 0.0 0.0 0.0 0.0 0.0 0.0 0.0 0.0
pointenable- 
n n n n n n n n n n
n n n y y y y n n n
n n y y y y y y n n
n y y y y y y y y n
n y y y y y y y y n
n y y y y y y y y n
n y y y y y y y y n
n n y y y y y y n n
n n n y y y y n n n
n n n n n n n n n n
