v1.0
#head
personName-Marcelo da Mata
birthdate-01/01/1990
age-26
date-07/04/2016
stimulus-0
blindspot-1
blindspotsize-1
time-12:00:00
strategy-1
#righteye
timetest-207
fneg-0
fnegtests-7
fpos-1
fpostests-4
fixationlosses-0
fixationlossestests-10
firings-207
visualfield- 
0,0 0,0 0,0 0,0 0,0 0,0 0,0 0,0 0,0 0,0
0,0 0,0 0,0 3,4 3,3 2,3 2,3 0,0 0,0 0,0
0,0 0,0 3,3 2,3 2,3 2,3 2,3 2,3 0,0 0,0
0,0 2,4 2,3 2,3 2,3 3,3 3,3 3,3 2,4 0,0
0,0 0,0 0,0 3,3 3,3 3,3 3,3 4,4 3,4 0,0
0,0 0,0 0,0 3,3 3,3 3,3 4,4 4,4 4,4 0,0
0,0 3,4 2,3 3,3 3,3 3,4 4,5 5,5 3,5 0,0
0,0 0,0 2,3 2,3 2,3 2,3 2,3 3,4 0,0 0,0
0,0 0,0 0,0 3,4 3,4 3,4 3,4 0,0 0,0 0,0
0,0 0,0 0,0 0,0 0,0 0,0 0,0 0,0 0,0 0,0
minintensity- 
1.0 1.0 1.0 1.0 1.0 1.0 1.0 1.0 1.0 1.0
1.0 1.0 1.0 0.2583263210503851 0.23694238452202027 0.24142319266408727 0.25947857964100673 1.0 1.0 1.0
1.0 1.0 0.22984534885884686 0.25585615702857845 0.25669796011244755 0.25332343709122634 0.2721693107182347 0.2486445236156891 1.0 1.0
1.0 0.2555352400956465 0.2594231526204154 0.22890955309829847 0.22392686342284054 0.23594139783193635 0.23138721135800303 0.2258067551691347 0.2650686126003365 1.0
1.0 0.24689456311687333 0.2448472932090144 0.2233582318937528 0.22204969420252216 0.22355519138405844 0.22581001689281674 0.22755949287397417 0.22755949287397417 1.0
1.0 0.2601647981948692 1.0 0.22299805355221936 0.22270707034639178 0.2222883376890736 0.22325355245520057 0.22755949287397417 0.2550666830101153 1.0
1.0 0.2629763850760209 0.2820837723639353 0.22557184697376148 0.24825912423526356 0.22422230267135007 0.22552212503725666 0.22977678716205008 0.2738864663114017 1.0
1.0 1.0 0.23056011012819067 0.25515761354577476 0.24377672589213187 0.25219860603066385 0.24525624456945413 0.25003622454547225 1.0 1.0
1.0 1.0 1.0 0.2315207080860815 0.23106447068026487 0.2611905826505501 0.26050624147790213 1.0 1.0 1.0
1.0 1.0 1.0 1.0 1.0 1.0 1.0 1.0 1.0 1.0
deviation- 
0.0 0.0 0.0 0.0 0.0 0.0 0.0 0.0 0.0 0.0
0.0 0.0 0.0 0.0 0.0 0.0 0.0 0.0 0.0 0.0
0.0 0.0 0.0 0.0 0.0 0.0 0.0 0.0 0.0 0.0
0.0 0.0 0.0 0.0 0.0 0.0 0.0 0.0 0.0 0.0
0.0 0.0 0.0 0.0 0.0 0.0 0.0 0.0 0.0 0.0
0.0 0.0 0.0 0.0 0.0 0.0 0.0 0.0 0.0 0.0
0.0 0.0 0.0 0.0 0.0 0.0 0.0 0.0 0.0 0.0
0.0 0.0 0.0 0.0 0.0 0.0 0.0 0.0 0.0 0.0
0.0 0.0 0.0 0.0 0.0 0.0 0.0 0.0 0.0 0.0
0.0 0.0 0.0 0.0 0.0 0.0 0.0 0.0 0.0 0.0
pointenable- 
n n n n n n n n n n
n n n y y y y n n n
n n y y y y y y n n
n y y y y y y y y n
n y y y y y y y y n
n y y y y y y y y n
n y y y y y y y y n
n n y y y y y y n n
n n n y y y y n n n
n n n n n n n n n n
