v1.0
#head
personName-Marcelo da Mata
birthdate-01/01/1990
age-26
date-07/04/2016
stimulus-0
blindspot-1
blindspotsize-1
time-00:00:00
strategy-1
#righteye
timetest-205
fneg-0
fnegtests-7
fpos-0
fpostests-3
fixationlosses-1
fixationlossestests-10
firings-205
visualfield- 
0,0 0,0 0,0 0,0 0,0 0,0 0,0 0,0 0,0 0,0
0,0 0,0 0,0 3,4 2,3 2,3 2,3 0,0 0,0 0,0
0,0 0,0 3,3 3,3 3,3 2,3 2,3 3,3 0,0 0,0
0,0 3,4 2,3 2,3 2,3 2,3 3,3 3,3 3,4 0,0
0,0 0,0 0,0 2,3 3,3 3,3 3,3 4,4 3,4 0,0
0,0 0,0 0,0 3,3 3,3 3,3 4,4 4,4 3,4 0,0
0,0 3,4 2,3 3,3 3,3 3,4 4,5 4,4 4,5 0,0
0,0 0,0 2,3 2,3 2,3 2,3 2,3 3,4 0,0 0,0
0,0 0,0 0,0 3,4 2,4 3,5 3,4 0,0 0,0 0,0
0,0 0,0 0,0 0,0 0,0 0,0 0,0 0,0 0,0 0,0
minintensity- 
1.0 1.0 1.0 1.0 1.0 1.0 1.0 1.0 1.0 1.0
1.0 1.0 1.0 0.2583263210503851 0.2729464103340609 0.2616656096411411 0.25947857964100673 1.0 1.0 1.0
1.0 1.0 0.2591909337909746 0.25585615702857845 0.25669796011244755 0.25332343709122634 0.2243896078839687 0.2486445236156891 1.0 1.0
1.0 0.2555352400956465 0.2594231526204154 0.22890955309829847 0.22392686342284054 0.23594139783193635 0.23138721135800303 0.2258067551691347 0.23264123288764493 1.0
1.0 0.26250863997448065 0.2448472932090144 0.2233582318937528 0.22204969420252216 0.22355519138405844 0.22581001689281674 0.22755949287397417 0.2550666830101153 1.0
1.0 0.23010855046635112 1.0 0.24594380436660568 0.22270707034639178 0.2222883376890736 0.22325355245520057 0.22755949287397417 0.2550666830101153 1.0
1.0 0.247285752100754 0.2547938092403589 0.25092981095431677 0.24825912423526356 0.24823070744036754 0.22552212503725666 0.22977678716205008 0.255468327936416 1.0
1.0 1.0 0.23056011012819067 0.22782868873624693 0.2221382449094255 0.25219860603066385 0.24525624456945413 0.22526799423609567 1.0 1.0
1.0 1.0 1.0 0.24681187530609397 0.2611905826505501 0.2611905826505501 0.2902901828618634 1.0 1.0 1.0
1.0 1.0 1.0 1.0 1.0 1.0 1.0 1.0 1.0 1.0
deviation- 
0.0 0.0 0.0 0.0 0.0 0.0 0.0 0.0 0.0 0.0
0.0 0.0 0.0 0.0 0.0 0.0 0.0 0.0 0.0 0.0
0.0 0.0 0.0 0.0 0.0 0.0 0.0 0.0 0.0 0.0
0.0 0.0 0.0 0.0 0.0 0.0 0.0 0.0 0.0 0.0
0.0 0.0 0.0 0.0 0.0 0.0 0.0 0.0 0.0 0.0
0.0 0.0 0.0 0.0 0.0 0.0 0.0 0.0 0.0 0.0
0.0 0.0 0.0 0.0 0.0 0.0 0.0 0.0 0.0 0.0
0.0 0.0 0.0 0.0 0.0 0.0 0.0 0.0 0.0 0.0
0.0 0.0 0.0 0.0 0.0 0.0 0.0 0.0 0.0 0.0
0.0 0.0 0.0 0.0 0.0 0.0 0.0 0.0 0.0 0.0
pointenable- 
n n n n n n n n n n
n n n y y y y n n n
n n y y y y y y n n
n y y y y y y y y n
n y y y y y y y y n
n y y y y y y y y n
n y y y y y y y y n
n n y y y y y y n n
n n n y y y y n n n
n n n n n n n n n n
