v1.0
#righteye
falseneg-0
falsenegtests-0
falsepos-0
falsepostests-0
fixationlosses-0
fixationlossestests-0
firings-0
visualfield- 
0,0 0,0 0,0 0,0 0,0 0,0 0,0 0,0 0,0 0,0
0,0 0,0 0,0 0,0 0,0 0,0 0,0 0,0 0,0 0,0
0,0 0,0 0,0 0,0 0,0 0,0 0,0 0,0 0,0 0,0
0,0 0,0 0,0 0,0 0,0 0,0 0,0 0,0 0,0 0,0
0,0 0,0 0,0 0,0 0,0 0,0 0,0 0,0 0,0 0,0
0,0 0,0 0,0 0,0 0,0 0,0 0,0 0,0 0,0 0,0
0,0 0,0 0,0 0,0 0,0 0,0 0,0 0,0 0,0 0,0
0,0 0,0 0,0 0,0 0,0 0,0 0,0 0,0 0,0 0,0
0,0 0,0 0,0 0,0 0,0 0,0 0,0 0,0 0,0 0,0
0,0 0,0 0,0 0,0 0,0 0,0 0,0 0,0 0,0 0,0
minintensity- 
0.7 0.7 0.7 0.7 0.7 0.7 0.7 0.7 0.7 0.7
0.7 0.7 0.7 0.7 0.7 0.7 0.7 0.7 0.7 0.7
0.7 0.7 0.7 0.7 0.7 0.7 0.7 0.7 0.7 0.7
0.7 0.7 0.7 0.7 0.7 0.7 0.7 0.7 0.7 0.7
0.7 0.7 0.7 0.7 0.7 0.7 0.7 0.7 0.7 0.7
0.7 0.7 0.7 0.7 0.7 0.7 0.7 0.7 0.7 0.7
0.7 0.7 0.7 0.7 0.7 0.7 0.7 0.7 0.7 0.7
0.7 0.7 0.7 0.7 0.7 0.7 0.7 0.7 0.7 0.7
0.7 0.7 0.7 0.7 0.7 0.7 0.7 0.7 0.7 0.7
0.7 0.7 0.7 0.7 0.7 0.7 0.7 0.7 0.7 0.7
deviation- 
0.0 0.0 0.0 0.0 0.0 0.0 0.0 0.0 0.0 0.0
0.0 0.0 0.0 0.0 0.0 0.0 0.0 0.0 0.0 0.0
0.0 0.0 0.0 0.0 0.0 0.0 0.0 0.0 0.0 0.0
0.0 0.0 0.0 0.0 0.0 0.0 0.0 0.0 0.0 0.0
0.0 0.0 0.0 0.0 0.0 0.0 0.0 0.0 0.0 0.0
0.0 0.0 0.0 0.0 0.0 0.0 0.0 0.0 0.0 0.0
0.0 0.0 0.0 0.0 0.0 0.0 0.0 0.0 0.0 0.0
0.0 0.0 0.0 0.0 0.0 0.0 0.0 0.0 0.0 0.0
0.0 0.0 0.0 0.0 0.0 0.0 0.0 0.0 0.0 0.0
0.0 0.0 0.0 0.0 0.0 0.0 0.0 0.0 0.0 0.0