v1.0
#lefteye
falseneg-0
falsenegtests-0
falsepos-0
falsepostests-0
fixationlosses-0
fixationlossestests-0
firings-0
visualfield- 
0,0 0,0 0,0 0,0 0,0 0,0 0,0 0,0 0,0 0,0
0,0 0,0 0,0 0,0 0,0 0,0 0,0 0,0 0,0 0,0
0,0 0,0 0,0 0,0 0,0 0,0 0,0 0,0 0,0 0,0
0,0 0,0 0,0 0,0 0,0 0,0 0,0 0,0 0,0 0,0
0,0 0,0 0,0 0,0 0,0 0,0 0,0 0,0 0,0 0,0
0,0 0,0 0,0 0,0 0,0 0,0 0,0 0,0 0,0 0,0
0,0 0,0 0,0 0,0 0,0 0,0 0,0 0,0 0,0 0,0
0,0 0,0 0,0 0,0 0,0 0,0 0,0 0,0 0,0 0,0
0,0 0,0 0,0 0,0 0,0 0,0 0,0 0,0 0,0 0,0
0,0 0,0 0,0 0,0 0,0 0,0 0,0 0,0 0,0 0,0
minintensity- 
0.7 0.7 0.7 0.7 0.7 0.7 0.7 0.7 0.7 0.7
0.7 0.7 0.7 0.7 0.7 0.7 0.7 0.7 0.7 0.7
0.7 0.7 0.7 0.7 0.7 0.7 0.7 0.7 0.7 0.7
0.7 0.7 0.7 0.7 0.7 0.7 0.7 0.7 0.7 0.7
0.7 0.7 0.7 0.7 0.7 0.7 0.7 0.7 0.7 0.7
0.7 0.7 0.7 0.7 0.7 0.7 0.7 0.7 0.7 0.7
0.7 0.7 0.7 0.7 0.7 0.7 0.7 0.7 0.7 0.7
0.7 0.7 0.7 0.7 0.7 0.7 0.7 0.7 0.7 0.7
0.7 0.7 0.7 0.7 0.7 0.7 0.7 0.7 0.7 0.7
0.7 0.7 0.7 0.7 0.7 0.7 0.7 0.7 0.7 0.7
deviation- 
0.0 0.0 0.0 0.0 0.0 0.0 0.0 0.0 0.0 0.0
0.0 0.0 0.0 0.0 0.0 0.0 0.0 0.0 0.0 0.0
0.0 0.0 0.0 0.0 0.0 0.0 0.0 0.0 0.0 0.0
0.0 0.0 0.0 0.0 0.0 0.0 0.0 0.0 0.0 0.0
0.0 0.0 0.0 0.0 0.0 0.0 0.0 0.0 0.0 0.0
0.0 0.0 0.0 0.0 0.0 0.0 0.0 0.0 0.0 0.0
0.0 0.0 0.0 0.0 0.0 0.0 0.0 0.0 0.0 0.0
0.0 0.0 0.0 0.0 0.0 0.0 0.0 0.0 0.0 0.0
0.0 0.0 0.0 0.0 0.0 0.0 0.0 0.0 0.0 0.0
0.0 0.0 0.0 0.0 0.0 0.0 0.0 0.0 0.0 0.0
#head
personName-Default
birthdate-06/10/1990
age-24
date-30/10/2014
stimulus-0
blindspot-1
blindspotsize-1
time-21:00:00
strategy-0
timetest-1414695742