v1.0
#head
personName-Jose Sotomayor
birthdate-01/01/1990
age-26
date-08/04/2016
stimulus-0
blindspot-1
blindspotsize-1
time-12:00:00
strategy-1
#righteye
timetest-207
fneg-0
fnegtests-7
fpos-1
fpostests-3
fixationlosses-3
fixationlossestests-10
firings-207
visualfield- 
0,0 0,0 0,0 0,0 0,0 0,0 0,0 0,0 0,0 0,0
0,0 0,0 0,0 2,4 2,3 2,3 2,3 0,0 0,0 0,0
0,0 0,0 2,3 2,3 3,3 3,3 2,3 2,3 0,0 0,0
0,0 1,4 2,3 2,3 3,3 3,3 2,3 3,3 2,4 0,0
0,0 0,0 0,0 3,3 3,3 3,3 3,3 3,4 3,4 0,0
0,0 0,0 0,0 2,3 3,3 3,3 3,4 3,4 3,4 0,0
0,0 2,4 2,3 3,3 3,3 3,4 5,5 3,4 4,5 0,0
0,0 0,0 2,3 2,3 2,3 2,3 2,3 3,4 0,0 0,0
0,0 0,0 0,0 3,4 2,4 3,4 2,5 0,0 0,0 0,0
0,0 0,0 0,0 0,0 0,0 0,0 0,0 0,0 0,0 0,0
minintensity- 
1.0 1.0 1.0 1.0 1.0 1.0 1.0 1.0 1.0 1.0
1.0 1.0 1.0 0.23919700027024995 0.2729464103340609 0.24142319266408727 0.2789919965754004 1.0 1.0 1.0
1.0 1.0 0.2591909337909746 0.2835343535795081 0.25669796011244755 0.25332343709122634 0.24827945184121827 0.23259627038603245 1.0 1.0
1.0 0.27397568252370896 0.28902775761576716 0.22890955309829847 0.22392686342284054 0.23594139783193635 0.2158005397210414 0.2513996273450632 0.28128228754755585 1.0
1.0 0.3093509003535209 0.2224497979734237 0.24666417595278173 0.22204969420252216 0.22355519138405844 0.25156773104780045 0.2550666830101153 0.2550666830101153 1.0
1.0 0.9440209354036138 0.5323708912823845 0.22299805355221936 0.22270707034639178 0.2222883376890736 0.22325355245520057 0.2550666830101153 0.2550666830101153 1.0
1.0 0.23159513403461354 0.2820837723639353 0.25092981095431677 0.22423649615967167 0.22422230267135007 0.2508303670813071 0.22977678716205008 0.3107227728796258 1.0
1.0 1.0 0.2906808025311337 0.25515761354577476 0.2221382449094255 0.22634917005892466 0.24525624456945413 0.25003622454547225 1.0 1.0
1.0 1.0 1.0 0.2621030574621834 0.2611905826505501 0.2611905826505501 0.26050624147790213 1.0 1.0 1.0
1.0 1.0 1.0 1.0 1.0 1.0 1.0 1.0 1.0 1.0
deviation- 
0.0 0.0 0.0 0.0 0.0 0.0 0.0 0.0 0.0 0.0
0.0 0.0 0.0 0.0 0.0 0.0 0.0 0.0 0.0 0.0
0.0 0.0 0.0 0.0 0.0 0.0 0.0 0.0 0.0 0.0
0.0 0.0 0.0 0.0 0.0 0.0 0.0 0.0 0.0 0.0
0.0 0.0 0.0 0.0 0.0 0.0 0.0 0.0 0.0 0.0
0.0 0.0 0.0 0.0 0.0 0.0 0.0 0.0 0.0 0.0
0.0 0.0 0.0 0.0 0.0 0.0 0.0 0.0 0.0 0.0
0.0 0.0 0.0 0.0 0.0 0.0 0.0 0.0 0.0 0.0
0.0 0.0 0.0 0.0 0.0 0.0 0.0 0.0 0.0 0.0
0.0 0.0 0.0 0.0 0.0 0.0 0.0 0.0 0.0 0.0
pointenable- 
n n n n n n n n n n
n n n y y y y n n n
n n y y y y y y n n
n y y y y y y y y n
n y y y y y y y y n
n y y y y y y y y n
n y y y y y y y y n
n n y y y y y y n n
n n n y y y y n n n
n n n n n n n n n n
