v1.0
#head
personName-Jose Sotomayor
birthdate-01/01/1990
age-26
date-07/04/2016
stimulus-0
blindspot-1
blindspotsize-1
time-12:00:00
strategy-1
#lefteye
timetest-205
fneg-0
fnegtests-7
fpos-0
fpostests-3
fixationlosses-2
fixationlossestests-10
firings-205
visualfield- 
0,0 0,0 0,0 0,0 0,0 0,0 0,0 0,0 0,0 0,0
0,0 0,0 0,0 3,4 3,3 2,3 2,3 0,0 0,0 0,0
0,0 0,0 3,3 3,3 2,3 2,3 2,3 2,3 0,0 0,0
0,0 3,4 1,3 3,3 3,3 2,3 3,3 3,3 1,4 0,0
0,0 0,0 0,0 2,3 3,3 3,3 3,3 3,4 2,3 0,0
0,0 0,0 0,0 3,3 3,3 3,3 4,4 4,4 2,4 0,0
0,0 3,4 2,3 3,3 3,3 3,4 5,5 4,4 3,5 0,0
0,0 0,0 2,3 2,3 2,3 3,3 2,3 2,4 0,0 0,0
0,0 0,0 0,0 4,5 3,4 4,5 2,4 0,0 0,0 0,0
0,0 0,0 0,0 0,0 0,0 0,0 0,0 0,0 0,0 0,0
minintensity- 
1.0 1.0 1.0 1.0 1.0 1.0 1.0 1.0 1.0 1.0
1.0 1.0 1.0 0.3828577742483157 0.23694238452202027 0.2616656096411411 0.2789919965754004 1.0 1.0 1.0
1.0 1.0 0.22984534885884686 0.25585615702857845 0.25669796011244755 0.22691160050897274 0.2721693107182347 0.26469277684534576 1.0 1.0
1.0 0.23709478275845758 0.2594231526204154 0.22890955309829847 0.22392686342284054 0.25380515525130143 0.2158005397210414 0.2258067551691347 0.2974959624947752 1.0
1.0 0.2937368234959136 0.2224497979734237 0.2233582318937528 0.22204969420252216 0.22355519138405844 0.22581001689281674 0.22755949287397417 0.2550666830101153 1.0
1.0 1.0 0.2767461464476639 0.24594380436660568 0.22270707034639178 0.2222883376890736 0.22325355245520057 0.2550666830101153 0.4201098238269621 1.0
1.0 0.278666988233035 0.3093737354875116 0.22557184697376148 0.22423649615967167 0.24823070744036754 0.22552212503725666 0.22977678716205008 0.34755904962959716 1.0
1.0 1.0 0.23056011012819067 0.22782868873624693 0.2654151919550714 0.2780479972431026 0.24525624456945413 0.25003622454547225 1.0 1.0
1.0 1.0 1.0 0.2315207080860815 0.23106447068026487 0.29131670955691236 0.23072230009394087 1.0 1.0 1.0
1.0 1.0 1.0 1.0 1.0 1.0 1.0 1.0 1.0 1.0
deviation- 
0.0 0.0 0.0 0.0 0.0 0.0 0.0 0.0 0.0 0.0
0.0 0.0 0.0 0.0 0.0 0.0 0.0 0.0 0.0 0.0
0.0 0.0 0.0 0.0 0.0 0.0 0.0 0.0 0.0 0.0
0.0 0.0 0.0 0.0 0.0 0.0 0.0 0.0 0.0 0.0
0.0 0.0 0.0 0.0 0.0 0.0 0.0 0.0 0.0 0.0
0.0 0.0 0.0 0.0 0.0 0.0 0.0 0.0 0.0 0.0
0.0 0.0 0.0 0.0 0.0 0.0 0.0 0.0 0.0 0.0
0.0 0.0 0.0 0.0 0.0 0.0 0.0 0.0 0.0 0.0
0.0 0.0 0.0 0.0 0.0 0.0 0.0 0.0 0.0 0.0
0.0 0.0 0.0 0.0 0.0 0.0 0.0 0.0 0.0 0.0
pointenable- 
n n n n n n n n n n
n n n y y y y n n n
n n y y y y y y n n
n y y y y y y y y n
n y y y y y y y y n
n y y y y y y y y n
n y y y y y y y y n
n n y y y y y y n n
n n n y y y y n n n
n n n n n n n n n n
