1,3
1.4702546194983859 26.161017712445187 50.02034707989336
1.4702546194983859 26.161017712445187 50.02034707989336
1,4
0.9806673082191826 24.931623758857377 50.08170575695216
0.9806673082191826 24.931623758857377 50.08170575695216
1,5
0.9484168372824255 23.813470288771533 50.01651831060235
0.9484168372824255 23.813470288771533 50.01651831060235
1,6
0.9352689141442956 27.349631229779966 50.01741830717725
0.9352689141442956 27.349631229779966 50.01741830717725
2,2
2.6597561572349564 28.82560415189984 50.03818636066519
2.6597561572349564 28.82560415189984 50.03818636066519
2,3
1.738932428758148 29.815264966697043 50.06044924552671
1.738932428758148 29.815264966697043 50.06044924552671
2,4
3.684832103817852 28.862466752120284 50.00011905366841
3.684832103817852 28.862466752120284 50.00011905366841
2,5
2.409498340207503 28.3189723304364 50.00015798059265
2.409498340207503 28.3189723304364 50.00015798059265
2,6
1.4127283665813741 28.55559818671609 50.05387596257131
1.4127283665813741 28.55559818671609 50.05387596257131
2,7
1.3092229465082301 26.414593102926894 50.06157675411659
1.3092229465082301 26.414593102926894 50.06157675411659
3,1
2.7060598553640207 29.811957337617656 50.00013946581072
2.7060598553640207 29.811957337617656 50.00013946581072
3,2
2.9674460174096486 30.07097049619178 50.00009417266989
2.9674460174096486 30.07097049619178 50.00009417266989
3,3
0.934467971762148 26.91470179220265 50.00753752518858
0.934467971762148 26.91470179220265 50.00753752518858
3,4
2.627255146429885 30.481303541367488 50.00011940462174
2.627255146429885 30.481303541367488 50.00011940462174
3,5
2.70330915341537 29.439642310765677 50.00081505076079
2.70330915341537 29.439642310765677 50.00081505076079
3,6
1.552775103329235 27.958386963892714 50.00627778219159
1.552775103329235 27.958386963892714 50.00627778219159
3,7
1.2387007579347236 29.54489243200673 50.118591562558244
1.2387007579347236 29.54489243200673 50.118591562558244
3,8
1.091226839740027 27.862721524932123 50.04729573007418
1.091226839740027 27.862721524932123 50.04729573007418
4,1
1.0788387316169694 26.25014421291357 50.00958983100513
1.0788387316169694 26.25014421291357 50.00958983100513
4,2
0.8870613897979751 28.0816999897947 50.03803000659876
0.8870613897979751 28.0816999897947 50.03803000659876
4,3
3.892266451767701 30.99987527317834 50.00009970973292
3.892266451767701 30.99987527317834 50.00009970973292
4,4
1.6396290155230253 32.3331771236909 50.03638068258965
1.6396290155230253 32.3331771236909 50.03638068258965
4,5
2.374817861985182 29.93496084652028 50.00009383428176
2.374817861985182 29.93496084652028 50.00009383428176
4,6
2.637656771373611 30.475467247489618 50.00012701336125
2.637656771373611 30.475467247489618 50.00012701336125
4,8
2.2682871722100053 26.715771303098965 50.00009581722199
2.2682871722100053 26.715771303098965 50.00009581722199
5,1
1.1793931244000002 26.885185450109304 50.010074198519646
1.1793931244000002 26.885185450109304 50.010074198519646
5,2
0.769757809958711 26.906089961132366 50.029842805212226
0.769757809958711 26.906089961132366 50.029842805212226
5,3
2.6551829890529497 31.46574775914406 50.00009651994682
2.6551829890529497 31.46574775914406 50.00009651994682
5,4
2.226699993486447 31.747782737326112 50.00012658686654
2.226699993486447 31.747782737326112 50.00012658686654
5,5
2.007184858629783 31.926240983965045 50.030023240571225
2.007184858629783 31.926240983965045 50.030023240571225
5,6
1.1813598573934345 26.879120801108737 50.010132147627225
1.1813598573934345 26.879120801108737 50.010132147627225
5,8
2.8771272868974975 28.104570030267684 50.00021466042794
2.8771272868974975 28.104570030267684 50.00021466042794
6,1
1.0288110493961362 25.46478275708808 50.00729110597574
1.0288110493961362 25.46478275708808 50.00729110597574
6,2
1.3225993942562653 28.326823483471514 50.02757582673183
1.3225993942562653 28.326823483471514 50.02757582673183
6,3
0.8258127176566238 28.317821615301696 50.031529868424016
0.8258127176566238 28.317821615301696 50.031529868424016
6,4
1.1661275199361945 32.24238411715221 50.11210437233255
1.1661275199361945 32.24238411715221 50.11210437233255
6,5
1.4585133737792613 31.44365638055467 50.1423191720247
1.4585133737792613 31.44365638055467 50.1423191720247
6,6
1.2478390934957129 28.069158535408306 50.03472252512178
1.2478390934957129 28.069158535408306 50.03472252512178
6,7
2.5860934656574655 28.504894306827243 50.001506735571624
2.5860934656574655 28.504894306827243 50.001506735571624
6,8
1.894300576279866 28.054481023387403 50.000190283256714
1.894300576279866 28.054481023387403 50.000190283256714
7,2
1.7796896021627289 29.234615061409897 50.00043381534573
1.7796896021627289 29.234615061409897 50.00043381534573
7,3
1.9709952208125927 29.61241758430841 50.000924058336444
1.9709952208125927 29.61241758430841 50.000924058336444
7,4
2.0394952387355785 30.5218485246334 50.0892313095233
2.0394952387355785 30.5218485246334 50.0892313095233
7,5
3.2391284070569704 30.184893768958062 50.03478556388003
3.2391284070569704 30.184893768958062 50.03478556388003
7,6
1.9751315383401704 27.97039455694984 50.00077486439015
1.9751315383401704 27.97039455694984 50.00077486439015
7,7
1.1507983512216886 27.203463376584136 50.04977824742732
1.1507983512216886 27.203463376584136 50.04977824742732
8,3
1.1357490576113136 26.407874786684133 50.02318151896509
1.1357490576113136 26.407874786684133 50.02318151896509
8,4
1.4373833591935155 26.684562909499746 50.02553673969115
1.4373833591935155 26.684562909499746 50.02553673969115
8,5
1.6929258816668498 26.298870456959186 50.00094349793466
1.6929258816668498 26.298870456959186 50.00094349793466
8,6
1.0141454076871295 25.474287978955857 50.016807738445195
1.0141454076871295 25.474287978955857 50.016807738445195
