1,3
1.4702546194983859 26.161017712445187 50.02034707989336
1.4702546194983859 26.161017712445187 50.02034707989336
1,4
0.9806673082191826 24.931623758857377 50.08170575695216
0.9806673082191826 24.931623758857377 50.08170575695216
1,5
0.9484168372824255 23.813470288771533 50.01651831060235
0.9484168372824255 23.813470288771533 50.01651831060235
1,6
1.1514727360027446 19.8120540280211 50.02529249589483
1.1514727360027446 19.8120540280211 50.02529249589483
2,2
2.48078795870984 28.88374989783309 50.06480076166564
2.48078795870984 28.88374989783309 50.06480076166564
2,3
1.4063759562995746 29.553629485080982 50.132456777326226
1.4063759562995746 29.553629485080982 50.132456777326226
2,4
3.295772313710679 28.666676560687797 50.000214306879485
3.295772313710679 28.666676560687797 50.000214306879485
2,5
2.10400506279077 28.04430752618057 50.000406434775925
2.10400506279077 28.04430752618057 50.000406434775925
2,6
1.4127283665813741 28.55559818671609 50.05387596257131
1.4127283665813741 28.55559818671609 50.05387596257131
2,7
1.230136487388159 26.545245606418593 50.10369593190765
1.230136487388159 26.545245606418593 50.10369593190765
3,1
0.9903609791118035 22.57018888272647 50.017245179302435
0.9903609791118035 22.57018888272647 50.017245179302435
3,2
2.7638136081073696 29.795000059250775 50.00011727943965
2.7638136081073696 29.795000059250775 50.00011727943965
3,3
0.934467971762148 26.91470179220265 50.00753752518858
0.934467971762148 26.91470179220265 50.00753752518858
3,4
2.4881149249522903 30.2772850268421 50.000125969979266
2.4881149249522903 30.2772850268421 50.000125969979266
3,5
2.3439719585686944 29.355846089645556 50.002457432700076
2.3439719585686944 29.355846089645556 50.002457432700076
3,6
1.552775103329235 27.958386963892714 50.00627778219159
1.552775103329235 27.958386963892714 50.00627778219159
3,7
1.150320267791395 29.698700254090987 50.2131417818801
1.150320267791395 29.698700254090987 50.2131417818801
3,8
1.091226839740027 27.862721524932123 50.04729573007418
1.091226839740027 27.862721524932123 50.04729573007418
4,1
1.0788387316169694 26.25014421291357 50.00958983100513
1.0788387316169694 26.25014421291357 50.00958983100513
4,2
0.8870613897979751 28.0816999897947 50.03803000659876
0.8870613897979751 28.0816999897947 50.03803000659876
4,3
3.6229511371517806 30.877206508146955 50.00017573933593
3.6229511371517806 30.877206508146955 50.00017573933593
4,4
1.5230322294666951 32.4370508644878 50.06646778413216
1.5230322294666951 32.4370508644878 50.06646778413216
4,5
2.286311113497952 29.830289934297213 50.0000864771053
2.286311113497952 29.830289934297213 50.0000864771053
4,6
2.4834441251528094 30.279694595560926 50.00022747142846
2.4834441251528094 30.279694595560926 50.00022747142846
4,8
2.2682871722100053 26.715771303098965 50.00009581722199
2.2682871722100053 26.715771303098965 50.00009581722199
5,1
1.1793931244000002 26.885185450109304 50.010074198519646
1.1793931244000002 26.885185450109304 50.010074198519646
5,2
0.769757809958711 26.906089961132366 50.029842805212226
0.769757809958711 26.906089961132366 50.029842805212226
5,3
2.6551829890529497 31.46574775914406 50.00009651994682
2.6551829890529497 31.46574775914406 50.00009651994682
5,4
2.226699993486447 31.747782737326112 50.00012658686654
2.226699993486447 31.747782737326112 50.00012658686654
5,5
2.007184858629783 31.926240983965045 50.030023240571225
2.007184858629783 31.926240983965045 50.030023240571225
5,6
1.1813598573934345 26.879120801108737 50.010132147627225
1.1813598573934345 26.879120801108737 50.010132147627225
5,8
2.8771272868974975 28.104570030267684 50.00021466042794
2.8771272868974975 28.104570030267684 50.00021466042794
6,1
1.0288110493961362 25.46478275708808 50.00729110597574
1.0288110493961362 25.46478275708808 50.00729110597574
6,2
1.3225993942562653 28.326823483471514 50.02757582673183
1.3225993942562653 28.326823483471514 50.02757582673183
6,3
0.8258127176566238 28.317821615301696 50.031529868424016
0.8258127176566238 28.317821615301696 50.031529868424016
6,4
1.1661275199361945 32.24238411715221 50.11210437233255
1.1661275199361945 32.24238411715221 50.11210437233255
6,5
1.4585133737792613 31.44365638055467 50.1423191720247
1.4585133737792613 31.44365638055467 50.1423191720247
6,6
1.2478390934957129 28.069158535408306 50.03472252512178
1.2478390934957129 28.069158535408306 50.03472252512178
6,7
2.5860934656574655 28.504894306827243 50.001506735571624
2.5860934656574655 28.504894306827243 50.001506735571624
6,8
1.6317043913671463 27.947690812226448 50.00077476323746
1.6317043913671463 27.947690812226448 50.00077476323746
7,2
1.7796896021627289 29.234615061409897 50.00043381534573
1.7796896021627289 29.234615061409897 50.00043381534573
7,3
1.9709952208125927 29.61241758430841 50.000924058336444
1.9709952208125927 29.61241758430841 50.000924058336444
7,4
2.0394952387355785 30.5218485246334 50.0892313095233
2.0394952387355785 30.5218485246334 50.0892313095233
7,5
2.8277272618648808 30.109725794027646 50.059191010579326
2.8277272618648808 30.109725794027646 50.059191010579326
7,6
1.9751315383401704 27.97039455694984 50.00077486439015
1.9751315383401704 27.97039455694984 50.00077486439015
7,7
1.1507983512216886 27.203463376584136 50.04977824742732
1.1507983512216886 27.203463376584136 50.04977824742732
8,3
1.1357490576113136 26.407874786684133 50.02318151896509
1.1357490576113136 26.407874786684133 50.02318151896509
8,4
1.4373833591935155 26.684562909499746 50.02553673969115
1.4373833591935155 26.684562909499746 50.02553673969115
8,5
1.6929258816668498 26.298870456959186 50.00094349793466
1.6929258816668498 26.298870456959186 50.00094349793466
8,6
0.9108550342619242 25.232245743397556 50.02655336211804
0.9108550342619242 25.232245743397556 50.02655336211804
