1,3
1.5759163931769788 22.016577798521855 50.00485715593976
1.5759163931769788 22.016577798521855 50.00485715593976
1,4
1.1249205640342481 26.934250798806104 50.16812306238993
1.1249205640342481 26.934250798806104 50.16812306238993
1,5
0.7778123174095075 26.998491639474004 50.01302923863679
0.7778123174095075 26.998491639474004 50.01302923863679
1,6
1.516857475471975 27.44852952138232 50.00009580467925
1.516857475471975 27.44852952138232 50.00009580467925
2,2
0.43107721776104085 29.931601677873335 50.080819771298145
0.43107721776104085 29.931601677873335 50.080819771298145
2,3
0.42756235901554324 25.23318527586271 50.07239939615306
0.42756235901554324 25.23318527586271 50.07239939615306
2,4
0.7010621455590367 24.276738044664754 50.030857014885754
0.7010621455590367 24.276738044664754 50.030857014885754
2,5
0.46075241168577913 28.231951632477184 50.1001879484939
0.46075241168577913 28.231951632477184 50.1001879484939
2,6
0.706164233034712 29.497578753657095 50.00935925674293
0.706164233034712 29.497578753657095 50.00935925674293
2,7
0.7402493112995311 31.290920555554912 50.03475599121648
0.7402493112995311 31.290920555554912 50.03475599121648
3,1
0.601524550323628 28.501599905979234 50.035162484518104
0.601524550323628 28.501599905979234 50.035162484518104
3,2
0.3990261523670044 29.568339421895494 50.091599465545286
0.3990261523670044 29.568339421895494 50.091599465545286
3,3
0.502072965049807 29.911681566803544 50.03371627699484
0.502072965049807 29.911681566803544 50.03371627699484
3,4
0.5095775254262307 31.603526776162553 50.04785127318587
0.5095775254262307 31.603526776162553 50.04785127318587
3,5
0.3761865645795016 30.2294380650777 50.177170724171894
0.3761865645795016 30.2294380650777 50.177170724171894
3,6
0.4759217195109399 29.087252338227373 50.06057527675392
0.4759217195109399 29.087252338227373 50.06057527675392
3,7
0.4353193030203205 26.781743938084333 50.0609969971441
0.4353193030203205 26.781743938084333 50.0609969971441
3,8
0.5609082843158031 28.02660295213355 50.04030606770446
0.5609082843158031 28.02660295213355 50.04030606770446
4,1
0.8416310281316957 27.354448719891742 50.02068348431747
0.8416310281316957 27.354448719891742 50.02068348431747
4,3
0.6545071486118388 31.002152662604434 50.010161375527034
0.6545071486118388 31.002152662604434 50.010161375527034
4,4
0.4021810210468885 31.7994823510793 50.149103956538696
0.4021810210468885 31.7994823510793 50.149103956538696
4,5
0.4256496770115981 32.21854377509891 50.11894460380499
0.4256496770115981 32.21854377509891 50.11894460380499
4,6
0.38800460926319813 29.85024278754138 50.1339906730185
0.38800460926319813 29.85024278754138 50.1339906730185
4,7
0.4757655889783403 29.14647781699129 50.05954365882077
0.4757655889783403 29.14647781699129 50.05954365882077
4,8
0.5387395067296503 30.1690994656823 50.06209915737546
0.5387395067296503 30.1690994656823 50.06209915737546
5,1
0.5442981898866248 26.82864071129776 50.05905017401757
0.5442981898866248 26.82864071129776 50.05905017401757
5,3
0.5324670272060392 26.046612066531942 50.0373888773059
0.5324670272060392 26.046612066531942 50.0373888773059
5,4
0.7624735338748811 30.020365922354166 50.00697482338818
0.7624735338748811 30.020365922354166 50.00697482338818
5,5
0.9302740927414025 28.938737573217136 50.003788233879185
0.9302740927414025 28.938737573217136 50.003788233879185
5,6
0.7516507686856271 28.103430842176564 50.010822952786285
0.7516507686856271 28.103430842176564 50.010822952786285
5,7
0.6505689367249665 27.73842438904983 50.03831975299484
0.6505689367249665 27.73842438904983 50.03831975299484
5,8
1.1606808126214463 25.958914918985634 50.001212999647905
1.1606808126214463 25.958914918985634 50.001212999647905
6,1
0.5285477703248713 30.333763588032042 50.0425260455323
0.5285477703248713 30.333763588032042 50.0425260455323
6,2
0.5024870748071169 29.736853396945406 50.03069229682251
0.5024870748071169 29.736853396945406 50.03069229682251
6,3
0.33156681885605066 30.53348894643334 50.132557443402746
0.33156681885605066 30.53348894643334 50.132557443402746
6,4
0.6877214482769969 28.550941722654542 50.03759926174544
0.6877214482769969 28.550941722654542 50.03759926174544
6,5
0.5352747510910929 25.82196943223 50.0848882747064
0.5352747510910929 25.82196943223 50.0848882747064
6,6
0.6256900611569278 26.149163435055357 50.04028630199328
0.6256900611569278 26.149163435055357 50.04028630199328
6,7
0.4769747064268246 23.950636792327565 50.07952057287971
0.4769747064268246 23.950636792327565 50.07952057287971
6,8
0.5811102092954898 23.328379559390314 50.05286795779632
0.5811102092954898 23.328379559390314 50.05286795779632
7,2
0.5262721538221473 32.3427917502172 50.03565191539793
0.5262721538221473 32.3427917502172 50.03565191539793
7,3
0.33273441646397073 30.902437200549297 50.164092047477055
0.33273441646397073 30.902437200549297 50.164092047477055
7,4
0.6352084009221934 26.924380483210385 50.02247757830512
0.6352084009221934 26.924380483210385 50.02247757830512
7,5
1.0271786698466547 27.47295408439674 50.00393457140453
1.0271786698466547 27.47295408439674 50.00393457140453
7,6
1.0950917411782384 27.195539176766665 50.00324248443992
1.0950917411782384 27.195539176766665 50.00324248443992
7,7
0.6873498668136877 22.321415203691675 50.03394547543587
0.6873498668136877 22.321415203691675 50.03394547543587
8,3
0.3748742102250969 26.996016602991872 50.08305735723471
0.3748742102250969 26.996016602991872 50.08305735723471
8,4
0.6001755063747511 25.128165417338465 50.03538797696646
0.6001755063747511 25.128165417338465 50.03538797696646
8,5
2.9773598833199815 28.06741180051896 50.0000969621164
2.9773598833199815 28.06741180051896 50.0000969621164
8,6
0.7125738842836986 24.032825832428763 50.052792758731584
0.7125738842836986 24.032825832428763 50.052792758731584
