1,3
1.1100464020600231 25.97702748635816 50.0948765746424
1.1100464020600231 25.97702748635816 50.0948765746424
1,4
0.9806673082191826 24.931623758857377 50.08170575695216
0.9806673082191826 24.931623758857377 50.08170575695216
1,5
0.8436072694624226 23.586765588432062 50.03032701459382
0.8436072694624226 23.586765588432062 50.03032701459382
1,6
1.1514727360027446 19.8120540280211 50.02529249589483
1.1514727360027446 19.8120540280211 50.02529249589483
2,2
6.655133833229014 26.3301539817663 50.000146996372735
6.655133833229014 26.3301539817663 50.000146996372735
2,3
1.2822272227947908 29.682640933988758 50.24945816506555
1.2822272227947908 29.682640933988758 50.24945816506555
2,4
3.295772313710679 28.666676560687797 50.000214306879485
3.295772313710679 28.666676560687797 50.000214306879485
2,5
2.10400506279077 28.04430752618057 50.000406434775925
2.10400506279077 28.04430752618057 50.000406434775925
2,6
1.3186935555051091 28.666078448200693 50.096039932149594
1.3186935555051091 28.666078448200693 50.096039932149594
2,7
1.0671561713668685 26.048572948696485 50.126128126497775
1.0671561713668685 26.048572948696485 50.126128126497775
3,1
0.9903609791118035 22.57018888272647 50.017245179302435
0.9903609791118035 22.57018888272647 50.017245179302435
3,2
2.7638136081073696 29.795000059250775 50.00011727943965
2.7638136081073696 29.795000059250775 50.00011727943965
3,3
0.934467971762148 26.91470179220265 50.00753752518858
0.934467971762148 26.91470179220265 50.00753752518858
3,4
2.279492000090186 29.963913948974735 50.00013770277721
2.279492000090186 29.963913948974735 50.00013770277721
3,5
2.3439719585686944 29.355846089645556 50.002457432700076
2.3439719585686944 29.355846089645556 50.002457432700076
3,6
1.4484284844268571 27.888090116823754 50.009908522337014
1.4484284844268571 27.888090116823754 50.009908522337014
3,7
0.8806845655915875 29.42543950422143 50.568229533988415
0.8806845655915875 29.42543950422143 50.568229533988415
3,8
1.091226839740027 27.862721524932123 50.04729573007418
1.091226839740027 27.862721524932123 50.04729573007418
4,1
1.0788387316169694 26.25014421291357 50.00958983100513
1.0788387316169694 26.25014421291357 50.00958983100513
4,2
0.8870613897979751 28.0816999897947 50.03803000659876
0.8870613897979751 28.0816999897947 50.03803000659876
4,3
3.6229511371517806 30.877206508146955 50.00017573933593
3.6229511371517806 30.877206508146955 50.00017573933593
4,4
1.4024646968354888 32.21690744669594 50.07664723019472
1.4024646968354888 32.21690744669594 50.07664723019472
4,5
2.286311113497952 29.830289934297213 50.0000864771053
2.286311113497952 29.830289934297213 50.0000864771053
4,6
2.4834441251528094 30.279694595560926 50.00022747142846
2.4834441251528094 30.279694595560926 50.00022747142846
4,8
2.1137453177408974 26.503504481664354 50.0001147166157
2.1137453177408974 26.503504481664354 50.0001147166157
5,1
1.1793931244000002 26.885185450109304 50.010074198519646
1.1793931244000002 26.885185450109304 50.010074198519646
5,2
0.769757809958711 26.906089961132366 50.029842805212226
0.769757809958711 26.906089961132366 50.029842805212226
5,3
2.4740592622650732 31.284546471284166 50.0001261818239
2.4740592622650732 31.284546471284166 50.0001261818239
5,4
2.226699993486447 31.747782737326112 50.00012658686654
2.226699993486447 31.747782737326112 50.00012658686654
5,5
1.7431415530267018 31.81096915009215 50.05767552947609
1.7431415530267018 31.81096915009215 50.05767552947609
5,6
1.1813598573934345 26.879120801108737 50.010132147627225
1.1813598573934345 26.879120801108737 50.010132147627225
5,8
2.7501714664819694 27.79893949351166 50.00011036109739
2.7501714664819694 27.79893949351166 50.00011036109739
6,1
0.959322877831148 25.360263404510825 50.01132893452281
0.959322877831148 25.360263404510825 50.01132893452281
6,2
1.3225993942562653 28.326823483471514 50.02757582673183
1.3225993942562653 28.326823483471514 50.02757582673183
6,3
0.8258127176566238 28.317821615301696 50.031529868424016
0.8258127176566238 28.317821615301696 50.031529868424016
6,4
1.1661275199361945 32.24238411715221 50.11210437233255
1.1661275199361945 32.24238411715221 50.11210437233255
6,5
1.4585133737792613 31.44365638055467 50.1423191720247
1.4585133737792613 31.44365638055467 50.1423191720247
6,6
1.2478390934957129 28.069158535408306 50.03472252512178
1.2478390934957129 28.069158535408306 50.03472252512178
6,7
2.22866729458499 28.425963812367954 50.00438177527839
2.22866729458499 28.425963812367954 50.00438177527839
6,8
1.6317043913671463 27.947690812226448 50.00077476323746
1.6317043913671463 27.947690812226448 50.00077476323746
7,2
1.4628774822265402 23.128728666501395 50.008035439299064
1.4628774822265402 23.128728666501395 50.008035439299064
7,3
1.550845184220586 29.41688166452116 50.00653036257309
1.550845184220586 29.41688166452116 50.00653036257309
7,4
1.5974810376888833 30.336639837615202 50.20910259058075
1.5974810376888833 30.336639837615202 50.20910259058075
7,5
2.8277272618648808 30.109725794027646 50.059191010579326
2.8277272618648808 30.109725794027646 50.059191010579326
7,6
1.9751315383401704 27.97039455694984 50.00077486439015
1.9751315383401704 27.97039455694984 50.00077486439015
7,7
1.1507983512216886 27.203463376584136 50.04977824742732
1.1507983512216886 27.203463376584136 50.04977824742732
8,3
1.1357490576113136 26.407874786684133 50.02318151896509
1.1357490576113136 26.407874786684133 50.02318151896509
8,4
1.3636891602789207 26.795751358010012 50.04089301105336
1.3636891602789207 26.795751358010012 50.04089301105336
8,5
1.6929258816668498 26.298870456959186 50.00094349793466
1.6929258816668498 26.298870456959186 50.00094349793466
8,6
0.9108550342619242 25.232245743397556 50.02655336211804
0.9108550342619242 25.232245743397556 50.02655336211804
