1,3
1.1100464020600231 25.97702748635816 50.0948765746424
1.1100464020600231 25.97702748635816 50.0948765746424
1,4
0.9806673082191826 24.931623758857377 50.08170575695216
0.9806673082191826 24.931623758857377 50.08170575695216
1,5
0.8436072694624226 23.586765588432062 50.03032701459382
0.8436072694624226 23.586765588432062 50.03032701459382
1,6
1.0462635075086921 19.610429631839565 50.03527036649774
1.0462635075086921 19.610429631839565 50.03527036649774
2,2
6.655133833229014 26.3301539817663 50.000146996372735
6.655133833229014 26.3301539817663 50.000146996372735
2,3
6.980535439931416 26.314765040139605 50.00007266195229
6.980535439931416 26.314765040139605 50.00007266195229
2,4
2.9540938134021646 24.55550938929196 50.00037955654284
2.9540938134021646 24.55550938929196 50.00037955654284
2,5
1.7265610000129066 22.656740205569555 50.005517548583285
1.7265610000129066 22.656740205569555 50.005517548583285
2,6
3.734745569901019 23.850939820830895 50.000087158886146
3.734745569901019 23.850939820830895 50.000087158886146
2,7
0.9559209165111431 26.24494351941871 50.26210835746463
0.9559209165111431 26.24494351941871 50.26210835746463
3,1
0.9903609791118035 22.57018888272647 50.017245179302435
0.9903609791118035 22.57018888272647 50.017245179302435
3,2
1.068885253801371 23.184915489088162 50.01997943640487
1.068885253801371 23.184915489088162 50.01997943640487
3,3
0.934467971762148 26.91470179220265 50.00753752518858
0.934467971762148 26.91470179220265 50.00753752518858
3,4
2.279492000090186 29.963913948974735 50.00013770277721
2.279492000090186 29.963913948974735 50.00013770277721
3,5
1.8530138340393822 29.185808850517915 50.01088139264262
1.8530138340393822 29.185808850517915 50.01088139264262
3,6
1.3740651920509581 27.831355422625208 50.01370241627126
1.3740651920509581 27.831355422625208 50.01370241627126
3,7
0.8432966715948189 29.504098940832918 50.72677336275278
0.8432966715948189 29.504098940832918 50.72677336275278
3,8
1.0149946693087317 27.16000412694917 50.034804915728294
1.0149946693087317 27.16000412694917 50.034804915728294
4,1
1.0788387316169694 26.25014421291357 50.00958983100513
1.0788387316169694 26.25014421291357 50.00958983100513
4,2
0.8870613897979751 28.0816999897947 50.03803000659876
0.8870613897979751 28.0816999897947 50.03803000659876
4,3
3.465710874253534 30.633992435012935 50.00011078777641
3.465710874253534 30.633992435012935 50.00011078777641
4,4
1.2691114837593411 32.338322691107265 50.15106546304972
1.2691114837593411 32.338322691107265 50.15106546304972
4,5
2.235659352437649 29.740794760485315 50.00011744407278
2.235659352437649 29.740794760485315 50.00011744407278
4,6
2.1668240726416252 30.01403501808298 50.00045934358532
2.1668240726416252 30.01403501808298 50.00045934358532
4,8
2.1137453177408974 26.503504481664354 50.0001147166157
2.1137453177408974 26.503504481664354 50.0001147166157
5,1
1.046144280266101 26.709416338198274 50.01942662086129
1.046144280266101 26.709416338198274 50.01942662086129
5,2
0.769757809958711 26.906089961132366 50.029842805212226
0.769757809958711 26.906089961132366 50.029842805212226
5,3
2.216745279354517 30.991195285059433 50.000229742811506
2.216745279354517 30.991195285059433 50.000229742811506
5,4
2.102580668928545 31.511495505193473 50.00009862235123
2.102580668928545 31.511495505193473 50.00009862235123
5,5
1.7431415530267018 31.81096915009215 50.05767552947609
1.7431415530267018 31.81096915009215 50.05767552947609
5,6
1.1813598573934345 26.879120801108737 50.010132147627225
1.1813598573934345 26.879120801108737 50.010132147627225
5,8
2.7501714664819694 27.79893949351166 50.00011036109739
2.7501714664819694 27.79893949351166 50.00011036109739
6,1
0.909926069232301 25.275218408248442 50.01552689826782
0.909926069232301 25.275218408248442 50.01552689826782
6,2
1.3225993942562653 28.326823483471514 50.02757582673183
1.3225993942562653 28.326823483471514 50.02757582673183
6,3
0.8258127176566238 28.317821615301696 50.031529868424016
0.8258127176566238 28.317821615301696 50.031529868424016
6,4
1.0930650141636118 31.882239072622056 50.10818798074074
1.0930650141636118 31.882239072622056 50.10818798074074
6,5
1.3656547812486126 31.23668995810046 50.15000726360301
1.3656547812486126 31.23668995810046 50.15000726360301
6,6
1.1414267855531293 28.229828438745677 50.07250670220077
1.1414267855531293 28.229828438745677 50.07250670220077
6,7
2.22866729458499 28.425963812367954 50.00438177527839
2.22866729458499 28.425963812367954 50.00438177527839
6,8
1.6317043913671463 27.947690812226448 50.00077476323746
1.6317043913671463 27.947690812226448 50.00077476323746
7,2
1.4628774822265402 23.128728666501395 50.008035439299064
1.4628774822265402 23.128728666501395 50.008035439299064
7,3
1.550845184220586 29.41688166452116 50.00653036257309
1.550845184220586 29.41688166452116 50.00653036257309
7,4
1.5500751717744807 30.367822154118045 50.25014782313701
1.5500751717744807 30.367822154118045 50.25014782313701
7,5
2.139915683779239 30.00042895819817 50.1699560959391
2.139915683779239 30.00042895819817 50.1699560959391
7,6
1.9751315383401704 27.97039455694984 50.00077486439015
1.9751315383401704 27.97039455694984 50.00077486439015
7,7
1.1507983512216886 27.203463376584136 50.04977824742732
1.1507983512216886 27.203463376584136 50.04977824742732
8,3
1.1357490576113136 26.407874786684133 50.02318151896509
1.1357490576113136 26.407874786684133 50.02318151896509
8,4
1.3636891602789207 26.795751358010012 50.04089301105336
1.3636891602789207 26.795751358010012 50.04089301105336
8,5
1.6929258816668498 26.298870456959186 50.00094349793466
1.6929258816668498 26.298870456959186 50.00094349793466
8,6
0.9108550342619242 25.232245743397556 50.02655336211804
0.9108550342619242 25.232245743397556 50.02655336211804
