1,3
1.6836517731353493 26.311059381914845 50.009309878611745
1.6836517731353493 26.311059381914845 50.009309878611745
1,4
1.1068569388623097 25.105563994321734 50.044716047956484
1.1068569388623097 25.105563994321734 50.044716047956484
1,5
0.9484168372824255 23.813470288771533 50.01651831060235
0.9484168372824255 23.813470288771533 50.01651831060235
1,6
0.9352689141442956 27.349631229779966 50.01741830717725
0.9352689141442956 27.349631229779966 50.01741830717725
2,2
3.39035645040531 28.937138118396845 50.01143837889839
3.39035645040531 28.937138118396845 50.01143837889839
2,3
2.1004028450070376 29.847947372861512 50.019166893340994
2.1004028450070376 29.847947372861512 50.019166893340994
2,4
3.913678869402071 28.99441265767131 50.00008367515713
3.913678869402071 28.99441265767131 50.00008367515713
2,5
2.409498340207503 28.3189723304364 50.00015798059265
2.409498340207503 28.3189723304364 50.00015798059265
2,6
1.7918465928910114 28.773581210570008 50.014101723183906
1.7918465928910114 28.773581210570008 50.014101723183906
2,7
1.3092229465082301 26.414593102926894 50.06157675411659
1.3092229465082301 26.414593102926894 50.06157675411659
3,1
2.7060598553640207 29.811957337617656 50.00013946581072
2.7060598553640207 29.811957337617656 50.00013946581072
3,2
3.1137000021294803 30.2498999691701 50.00009826118816
3.1137000021294803 30.2498999691701 50.00009826118816
3,3
0.934467971762148 26.91470179220265 50.00753752518858
0.934467971762148 26.91470179220265 50.00753752518858
3,4
2.627255146429885 30.481303541367488 50.00011940462174
2.627255146429885 30.481303541367488 50.00011940462174
3,5
3.057109910088293 29.503044006058033 50.00028604403151
3.057109910088293 29.503044006058033 50.00028604403151
3,6
1.552775103329235 27.958386963892714 50.00627778219159
1.552775103329235 27.958386963892714 50.00627778219159
3,7
1.2387007579347236 29.54489243200673 50.118591562558244
1.2387007579347236 29.54489243200673 50.118591562558244
3,8
1.1497359069197723 28.20652238413065 50.05155810811364
1.1497359069197723 28.20652238413065 50.05155810811364
4,1
1.0788387316169694 26.25014421291357 50.00958983100513
1.0788387316169694 26.25014421291357 50.00958983100513
4,2
0.8870613897979751 28.0816999897947 50.03803000659876
0.8870613897979751 28.0816999897947 50.03803000659876
4,3
3.892266451767701 30.99987527317834 50.00009970973292
3.892266451767701 30.99987527317834 50.00009970973292
4,4
1.7791269813520776 32.4981966974557 50.02866286701349
1.7791269813520776 32.4981966974557 50.02866286701349
4,5
2.374817861985182 29.93496084652028 50.00009383428176
2.374817861985182 29.93496084652028 50.00009383428176
4,6
2.637656771373611 30.475467247489618 50.00012701336125
2.637656771373611 30.475467247489618 50.00012701336125
4,8
2.2682871722100053 26.715771303098965 50.00009581722199
2.2682871722100053 26.715771303098965 50.00009581722199
5,1
1.1793931244000002 26.885185450109304 50.010074198519646
1.1793931244000002 26.885185450109304 50.010074198519646
5,2
0.769757809958711 26.906089961132366 50.029842805212226
0.769757809958711 26.906089961132366 50.029842805212226
5,3
2.6551829890529497 31.46574775914406 50.00009651994682
2.6551829890529497 31.46574775914406 50.00009651994682
5,4
2.341833759750287 31.962163445215978 50.00012215578249
2.341833759750287 31.962163445215978 50.00012215578249
5,5
2.1023355194217093 31.846270985517876 50.01870109279921
2.1023355194217093 31.846270985517876 50.01870109279921
5,6
1.1813598573934345 26.879120801108737 50.010132147627225
1.1813598573934345 26.879120801108737 50.010132147627225
5,8
2.8771272868974975 28.104570030267684 50.00021466042794
2.8771272868974975 28.104570030267684 50.00021466042794
6,1
1.0288110493961362 25.46478275708808 50.00729110597574
1.0288110493961362 25.46478275708808 50.00729110597574
6,2
1.3225993942562653 28.326823483471514 50.02757582673183
1.3225993942562653 28.326823483471514 50.02757582673183
6,3
0.8258127176566238 28.317821615301696 50.031529868424016
0.8258127176566238 28.317821615301696 50.031529868424016
6,4
1.2605485889026657 32.061741617184765 50.05636999874477
1.2605485889026657 32.061741617184765 50.05636999874477
6,5
1.4585133737792613 31.44365638055467 50.1423191720247
1.4585133737792613 31.44365638055467 50.1423191720247
6,6
1.3248783762458514 28.32581095296188 50.03272008198253
1.3248783762458514 28.32581095296188 50.03272008198253
6,7
2.5860934656574655 28.504894306827243 50.001506735571624
2.5860934656574655 28.504894306827243 50.001506735571624
6,8
1.894300576279866 28.054481023387403 50.000190283256714
1.894300576279866 28.054481023387403 50.000190283256714
7,2
2.104599854248642 29.51006413276376 50.0001195037963
2.104599854248642 29.51006413276376 50.0001195037963
7,3
2.2078733496562952 29.76271347340834 50.0003806889695
2.2078733496562952 29.76271347340834 50.0003806889695
7,4
2.3093744165354773 30.631663189075493 50.05747741504226
2.3093744165354773 30.631663189075493 50.05747741504226
7,5
3.2391284070569704 30.184893768958062 50.03478556388003
3.2391284070569704 30.184893768958062 50.03478556388003
7,6
1.9751315383401704 27.97039455694984 50.00077486439015
1.9751315383401704 27.97039455694984 50.00077486439015
7,7
1.1507983512216886 27.203463376584136 50.04977824742732
1.1507983512216886 27.203463376584136 50.04977824742732
8,3
1.1357490576113136 26.407874786684133 50.02318151896509
1.1357490576113136 26.407874786684133 50.02318151896509
8,4
1.4373833591935155 26.684562909499746 50.02553673969115
1.4373833591935155 26.684562909499746 50.02553673969115
8,5
1.6929258816668498 26.298870456959186 50.00094349793466
1.6929258816668498 26.298870456959186 50.00094349793466
8,6
1.0141454076871295 25.474287978955857 50.016807738445195
1.0141454076871295 25.474287978955857 50.016807738445195
