1,3
3.942457515997039 20.987145802770392 50.00006712306323
3.942457515997039 20.987145802770392 50.00006712306323
1,4
0.809106466007506 24.861733324167922 50.22928166590984
0.809106466007506 24.861733324167922 50.22928166590984
1,5
0.8436072694624226 23.586765588432062 50.03032701459382
0.8436072694624226 23.586765588432062 50.03032701459382
1,6
1.0462635075086921 19.610429631839565 50.03527036649774
1.0462635075086921 19.610429631839565 50.03527036649774
2,2
0.7514853733503708 17.79719233416172 50.02179044289343
0.7514853733503708 17.79719233416172 50.02179044289343
2,3
6.980535439931416 26.314765040139605 50.00007266195229
6.980535439931416 26.314765040139605 50.00007266195229
2,4
2.597265226154777 24.498402249935417 50.001118934046374
2.597265226154777 24.498402249935417 50.001118934046374
2,5
1.7265610000129066 22.656740205569555 50.005517548583285
1.7265610000129066 22.656740205569555 50.005517548583285
2,6
3.734745569901019 23.850939820830895 50.000087158886146
3.734745569901019 23.850939820830895 50.000087158886146
2,7
0.9559209165111431 26.24494351941871 50.26210835746463
0.9559209165111431 26.24494351941871 50.26210835746463
3,1
0.9903609791118035 22.57018888272647 50.017245179302435
0.9903609791118035 22.57018888272647 50.017245179302435
3,2
1.068885253801371 23.184915489088162 50.01997943640487
1.068885253801371 23.184915489088162 50.01997943640487
3,3
0.934467971762148 26.91470179220265 50.00753752518858
0.934467971762148 26.91470179220265 50.00753752518858
3,4
1.1907865071234096 22.84882581868351 50.00659007790094
1.1907865071234096 22.84882581868351 50.00659007790094
3,5
1.8530138340393822 29.185808850517915 50.01088139264262
1.8530138340393822 29.185808850517915 50.01088139264262
3,6
1.1934600779446236 27.661975632981605 50.03036583719041
1.1934600779446236 27.661975632981605 50.03036583719041
3,7
0.8432966715948189 29.504098940832918 50.72677336275278
0.8432966715948189 29.504098940832918 50.72677336275278
3,8
1.0149946693087317 27.16000412694917 50.034804915728294
1.0149946693087317 27.16000412694917 50.034804915728294
4,1
0.9503163413921802 26.084763127871845 50.02006146342274
0.9503163413921802 26.084763127871845 50.02006146342274
4,2
0.8870613897979751 28.0816999897947 50.03803000659876
0.8870613897979751 28.0816999897947 50.03803000659876
4,3
1.0179485028129243 23.494060732452745 50.013488388679434
1.0179485028129243 23.494060732452745 50.013488388679434
4,4
1.184823936051464 31.832743051883316 50.11553828522359
1.184823936051464 31.832743051883316 50.11553828522359
4,5
2.201662943253539 29.57885378595564 50.00007759807441
2.201662943253539 29.57885378595564 50.00007759807441
4,6
2.1668240726416252 30.01403501808298 50.00045934358532
2.1668240726416252 30.01403501808298 50.00045934358532
4,8
2.1137453177408974 26.503504481664354 50.0001147166157
2.1137453177408974 26.503504481664354 50.0001147166157
5,1
1.046144280266101 26.709416338198274 50.01942662086129
1.046144280266101 26.709416338198274 50.01942662086129
5,2
0.769757809958711 26.906089961132366 50.029842805212226
0.769757809958711 26.906089961132366 50.029842805212226
5,3
2.216745279354517 30.991195285059433 50.000229742811506
2.216745279354517 30.991195285059433 50.000229742811506
5,4
2.028159068994217 31.275383096202667 50.00013424705189
2.028159068994217 31.275383096202667 50.00013424705189
5,5
1.2944478809163948 31.667031877817756 50.22091506917212
1.2944478809163948 31.667031877817756 50.22091506917212
5,6
1.1813598573934345 26.879120801108737 50.010132147627225
1.1813598573934345 26.879120801108737 50.010132147627225
5,8
2.7501714664819694 27.79893949351166 50.00011036109739
2.7501714664819694 27.79893949351166 50.00011036109739
6,1
0.909926069232301 25.275218408248442 50.01552689826782
0.909926069232301 25.275218408248442 50.01552689826782
6,2
1.2388240994729887 28.087882355059143 50.03068286562966
1.2388240994729887 28.087882355059143 50.03068286562966
6,3
0.8258127176566238 28.317821615301696 50.031529868424016
0.8258127176566238 28.317821615301696 50.031529868424016
6,4
0.9825206666450208 32.1131832761141 50.24192743659444
0.9825206666450208 32.1131832761141 50.24192743659444
6,5
1.2736054103211867 31.30338200722229 50.23130349949945
1.2736054103211867 31.30338200722229 50.23130349949945
6,6
1.1414267855531293 28.229828438745677 50.07250670220077
1.1414267855531293 28.229828438745677 50.07250670220077
6,7
2.22866729458499 28.425963812367954 50.00438177527839
2.22866729458499 28.425963812367954 50.00438177527839
6,8
1.2616101350624809 27.74168516840234 50.0059866800457
1.2616101350624809 27.74168516840234 50.0059866800457
7,2
1.4628774822265402 23.128728666501395 50.008035439299064
1.4628774822265402 23.128728666501395 50.008035439299064
7,3
1.609395883738935 23.82455694446371 50.01203744802666
1.609395883738935 23.82455694446371 50.01203744802666
7,4
1.3239298825300478 30.449682821432376 50.516012758702345
1.3239298825300478 30.449682821432376 50.516012758702345
7,5
2.10744550201818 30.01246779146236 50.185633211056
2.10744550201818 30.01246779146236 50.185633211056
7,6
1.6951814994712566 27.87477770212832 50.00288831722254
1.6951814994712566 27.87477770212832 50.00288831722254
7,7
1.1507983512216886 27.203463376584136 50.04977824742732
1.1507983512216886 27.203463376584136 50.04977824742732
8,3
1.0811398070420957 26.552388749416927 50.03708893936116
1.0811398070420957 26.552388749416927 50.03708893936116
8,4
1.3636891602789207 26.795751358010012 50.04089301105336
1.3636891602789207 26.795751358010012 50.04089301105336
8,5
1.6929258816668498 26.298870456959186 50.00094349793466
1.6929258816668498 26.298870456959186 50.00094349793466
8,6
0.9108550342619242 25.232245743397556 50.02655336211804
0.9108550342619242 25.232245743397556 50.02655336211804
