1,3
3.942457515997039 20.987145802770392 50.00006712306323
3.942457515997039 20.987145802770392 50.00006712306323
1,4
0.809106466007506 24.861733324167922 50.22928166590984
0.809106466007506 24.861733324167922 50.22928166590984
1,5
0.7412528630813495 23.26718961635082 50.05383223206019
0.7412528630813495 23.26718961635082 50.05383223206019
1,6
1.0462635075086921 19.610429631839565 50.03527036649774
1.0462635075086921 19.610429631839565 50.03527036649774
2,2
0.7514853733503708 17.79719233416172 50.02179044289343
0.7514853733503708 17.79719233416172 50.02179044289343
2,3
6.980535439931416 26.314765040139605 50.00007266195229
6.980535439931416 26.314765040139605 50.00007266195229
2,4
2.597265226154777 24.498402249935417 50.001118934046374
2.597265226154777 24.498402249935417 50.001118934046374
2,5
1.7265610000129066 22.656740205569555 50.005517548583285
1.7265610000129066 22.656740205569555 50.005517548583285
2,6
3.734745569901019 23.850939820830895 50.000087158886146
3.734745569901019 23.850939820830895 50.000087158886146
2,7
0.9559209165111431 26.24494351941871 50.26210835746463
0.9559209165111431 26.24494351941871 50.26210835746463
3,1
0.9903609791118035 22.57018888272647 50.017245179302435
0.9903609791118035 22.57018888272647 50.017245179302435
3,2
1.068885253801371 23.184915489088162 50.01997943640487
1.068885253801371 23.184915489088162 50.01997943640487
3,3
0.934467971762148 26.91470179220265 50.00753752518858
0.934467971762148 26.91470179220265 50.00753752518858
3,4
1.1907865071234096 22.84882581868351 50.00659007790094
1.1907865071234096 22.84882581868351 50.00659007790094
3,5
4.717737882746672 24.97400034819526 50.000011937322014
4.717737882746672 24.97400034819526 50.000011937322014
3,6
1.1934600779446236 27.661975632981605 50.03036583719041
1.1934600779446236 27.661975632981605 50.03036583719041
3,7
4.3896704155964805 25.7194685507171 50.035874887459926
4.3896704155964805 25.7194685507171 50.035874887459926
3,8
1.0149946693087317 27.16000412694917 50.034804915728294
1.0149946693087317 27.16000412694917 50.034804915728294
4,1
0.9503163413921802 26.084763127871845 50.02006146342274
0.9503163413921802 26.084763127871845 50.02006146342274
4,2
0.8870613897979751 28.0816999897947 50.03803000659876
0.8870613897979751 28.0816999897947 50.03803000659876
4,3
1.0179485028129243 23.494060732452745 50.013488388679434
1.0179485028129243 23.494060732452745 50.013488388679434
4,4
13.440156502870153 29.163482608982942 50.00011879519812
13.440156502870153 29.163482608982942 50.00011879519812
4,5
2.201662943253539 29.57885378595564 50.00007759807441
2.201662943253539 29.57885378595564 50.00007759807441
4,6
2.1668240726416252 30.01403501808298 50.00045934358532
2.1668240726416252 30.01403501808298 50.00045934358532
4,8
2.1137453177408974 26.503504481664354 50.0001147166157
2.1137453177408974 26.503504481664354 50.0001147166157
5,1
1.046144280266101 26.709416338198274 50.01942662086129
1.046144280266101 26.709416338198274 50.01942662086129
5,2
0.769757809958711 26.906089961132366 50.029842805212226
0.769757809958711 26.906089961132366 50.029842805212226
5,3
1.33711810037462 25.295634996994508 50.01847493487067
1.33711810037462 25.295634996994508 50.01847493487067
5,4
1.9520285307386578 31.125607229021494 50.00015756993969
1.9520285307386578 31.125607229021494 50.00015756993969
5,5
1.2944478809163948 31.667031877817756 50.22091506917212
1.2944478809163948 31.667031877817756 50.22091506917212
5,6
1.1813598573934345 26.879120801108737 50.010132147627225
1.1813598573934345 26.879120801108737 50.010132147627225
5,8
0.7927590574144104 19.604484165640535 50.028806207319604
0.7927590574144104 19.604484165640535 50.028806207319604
6,1
0.909926069232301 25.275218408248442 50.01552689826782
0.909926069232301 25.275218408248442 50.01552689826782
6,2
1.2388240994729887 28.087882355059143 50.03068286562966
1.2388240994729887 28.087882355059143 50.03068286562966
6,3
0.8258127176566238 28.317821615301696 50.031529868424016
0.8258127176566238 28.317821615301696 50.031529868424016
6,4
1.0130210210180515 31.167875753034934 50.080023038124466
1.0130210210180515 31.167875753034934 50.080023038124466
6,5
1.3221210525189884 30.657140765299395 50.08265375847712
1.3221210525189884 30.657140765299395 50.08265375847712
6,6
1.1414267855531293 28.229828438745677 50.07250670220077
1.1414267855531293 28.229828438745677 50.07250670220077
6,7
2.22866729458499 28.425963812367954 50.00438177527839
2.22866729458499 28.425963812367954 50.00438177527839
6,8
1.2616101350624809 27.74168516840234 50.0059866800457
1.2616101350624809 27.74168516840234 50.0059866800457
7,2
1.4628774822265402 23.128728666501395 50.008035439299064
1.4628774822265402 23.128728666501395 50.008035439299064
7,3
1.609395883738935 23.82455694446371 50.01203744802666
1.609395883738935 23.82455694446371 50.01203744802666
7,4
9.586158356640418 28.229214734341323 50.00617146811631
9.586158356640418 28.229214734341323 50.00617146811631
7,5
1.817842741968564 30.08523677647522 50.36756885360788
1.817842741968564 30.08523677647522 50.36756885360788
7,6
1.6951814994712566 27.87477770212832 50.00288831722254
1.6951814994712566 27.87477770212832 50.00288831722254
7,7
1.1507983512216886 27.203463376584136 50.04977824742732
1.1507983512216886 27.203463376584136 50.04977824742732
8,3
1.0811398070420957 26.552388749416927 50.03708893936116
1.0811398070420957 26.552388749416927 50.03708893936116
8,4
1.3636891602789207 26.795751358010012 50.04089301105336
1.3636891602789207 26.795751358010012 50.04089301105336
8,5
1.6929258816668498 26.298870456959186 50.00094349793466
1.6929258816668498 26.298870456959186 50.00094349793466
8,6
0.9108550342619242 25.232245743397556 50.02655336211804
0.9108550342619242 25.232245743397556 50.02655336211804
