1,3
3.942457515997039 20.987145802770392 50.00006712306323
3.942457515997039 20.987145802770392 50.00006712306323
1,4
0.8091109856785637 24.861733193899475 50.22928687681653
0.8091109856785637 24.861733193899475 50.22928687681653
1,5
0.7422104752559175 23.261956559281863 50.05321102359357
0.7422104752559175 23.261956559281863 50.05321102359357
1,6
1.0958065359677898 19.499794648253093 50.02397956811972
1.0958065359677898 19.499794648253093 50.02397956811972
2,2
0.7517960324970674 17.795221642299694 50.021694026022956
0.7517960324970674 17.795221642299694 50.021694026022956
2,3
1.5731366117762753 20.919226577726008 50.00294116387164
1.5731366117762753 20.919226577726008 50.00294116387164
2,4
2.7138691180518615 24.43403401985516 50.00063029110233
2.7138691180518615 24.43403401985516 50.00063029110233
2,5
1.7267824901406712 22.656424072897835 50.005526136681084
1.7267824901406712 22.656424072897835 50.005526136681084
2,6
3.7636855144730417 23.84439290899339 50.00009745209948
3.7636855144730417 23.84439290899339 50.00009745209948
2,7
7.537323283459079 22.421642237520985 50.00005887337714
7.537323283459079 22.421642237520985 50.00005887337714
3,1
3.0342814965505713 19.514387303106673 50.000000622665475
3.0342814965505713 19.514387303106673 50.000000622665475
3,2
1.081747699858013 23.143463986217313 50.017729957482
1.081747699858013 23.143463986217313 50.017729957482
3,3
0.9440234031327928 26.86542293968631 50.00665558408531
0.9440234031327928 26.86542293968631 50.00665558408531
3,4
1.1908105681503054 22.84873963396974 50.006591570587716
1.1908105681503054 22.84873963396974 50.006591570587716
3,5
4.176936958762402 25.100104605932973 50.00006225381445
4.176936958762402 25.100104605932973 50.00006225381445
3,6
1.8334173097865374 26.733406306722262 50.00012910495995
1.8334173097865374 26.733406306722262 50.00012910495995
3,7
4.901991949741854 24.648324159686197 50.00010427379277
4.901991949741854 24.648324159686197 50.00010427379277
3,8
13.095484736072102 24.16778463533195 50.00017895518886
13.095484736072102 24.16778463533195 50.00017895518886
4,1
0.9503447984467046 26.084615422736945 50.02006209001098
0.9503447984467046 26.084615422736945 50.02006209001098
4,2
0.9879928675149585 27.645676362735955 50.01198049699663
0.9879928675149585 27.645676362735955 50.01198049699663
4,3
1.1726646991329988 22.918171044383286 50.00249349967288
1.1726646991329988 22.918171044383286 50.00249349967288
4,4
13.473844015117459 29.163074086029432 50.00012394059233
13.473844015117459 29.163074086029432 50.00012394059233
4,5
2.0974417860446755 29.51521330693251 50.00012956600288
2.0974417860446755 29.51521330693251 50.00012956600288
4,6
2.393630595261577 23.919743099273305 50.00005727974381
2.393630595261577 23.919743099273305 50.00005727974381
4,8
1.9622934955886502 26.11972570331535 50.000110575106106
1.9622934955886502 26.11972570331535 50.000110575106106
5,1
1.046144280266101 26.709416338198274 50.01942662086129
1.046144280266101 26.709416338198274 50.01942662086129
5,2
0.7874540373000131 26.79423212594393 50.023532369756666
0.7874540373000131 26.79423212594393 50.023532369756666
5,3
1.8436880272712795 24.492365587549322 50.00037392058756
1.8436880272712795 24.492365587549322 50.00037392058756
5,4
1.9520285307386578 31.125607229021494 50.00015756993969
1.9520285307386578 31.125607229021494 50.00015756993969
5,5
7.4149188410139 28.428604398601358 50.00007660478315
7.4149188410139 28.428604398601358 50.00007660478315
5,6
1.1813598573934345 26.879120801108737 50.010132147627225
1.1813598573934345 26.879120801108737 50.010132147627225
5,8
0.8370454053206214 19.422981190048908 50.01780672338853
0.8370454053206214 19.422981190048908 50.01780672338853
6,1
0.9099431614304705 25.275137915332365 50.015549552176026
0.9099431614304705 25.275137915332365 50.015549552176026
6,2
1.2532092547115283 28.055770262390972 50.02743259968517
1.2532092547115283 28.055770262390972 50.02743259968517
6,3
0.8263497587780897 28.314735041368913 50.03130679507635
0.8263497587780897 28.314735041368913 50.03130679507635
6,4
1.0130210210180515 31.167875753034934 50.080023038124466
1.0130210210180515 31.167875753034934 50.080023038124466
6,5
1.1651364459139293 30.85019227735218 50.205737937123445
1.1651364459139293 30.85019227735218 50.205737937123445
6,6
1.1414267855531293 28.229828438745677 50.07250670220077
1.1414267855531293 28.229828438745677 50.07250670220077
6,7
1.7361853925456072 28.265530054785188 50.01962055936692
1.7361853925456072 28.265530054785188 50.01962055936692
6,8
1.2616101350624809 27.74168516840234 50.0059866800457
1.2616101350624809 27.74168516840234 50.0059866800457
7,2
1.469792089079525 23.11501655778146 50.007603765375904
1.469792089079525 23.11501655778146 50.007603765375904
7,3
1.6094308363688565 23.824527633060484 50.01203053102108
1.6094308363688565 23.824527633060484 50.01203053102108
7,4
8.667541372563203 28.253484794910385 50.01542086369133
8.667541372563203 28.253484794910385 50.01542086369133
7,5
9.586704305469027 28.22920103777887 50.00615083739349
9.586704305469027 28.22920103777887 50.00615083739349
7,6
1.618293199484334 27.96384681688732 50.00502590241964
1.618293199484334 27.96384681688732 50.00502590241964
7,7
1.1507983512216886 27.203463376584136 50.04977824742732
1.1507983512216886 27.203463376584136 50.04977824742732
8,3
0.9449037807556387 26.324266785051442 50.064868316319036
0.9449037807556387 26.324266785051442 50.064868316319036
8,4
1.2031645526209815 26.599648097092143 50.06387087554647
1.2031645526209815 26.599648097092143 50.06387087554647
8,5
1.7043278267329662 26.28350300617644 50.00085611177434
1.7043278267329662 26.28350300617644 50.00085611177434
8,6
0.911218942500867 25.230710497289536 50.0264433851634
0.911218942500867 25.230710497289536 50.0264433851634
