1,3
0.8509968063052724 19.547531739008704 50.022679633484834
0.8509968063052724 19.547531739008704 50.022679633484834
1,4
1.2752226782454885 23.72304446634015 50.0015595546495
1.2752226782454885 23.72304446634015 50.0015595546495
1,5
0.4994409720604861 23.776419961840634 50.03864204594219
0.4994409720604861 23.776419961840634 50.03864204594219
1,6
0.40943129217684054 21.383125221246328 50.06784787856118
0.40943129217684054 21.383125221246328 50.06784787856118
2,2
0.40600813260861623 27.795846409314244 50.048273067036234
0.40600813260861623 27.795846409314244 50.048273067036234
2,3
0.4271555324186207 24.99246037866294 50.06575157143216
0.4271555324186207 24.99246037866294 50.06575157143216
2,4
0.6441077917982934 23.02982332395496 50.02319236380701
0.6441077917982934 23.02982332395496 50.02319236380701
2,5
0.42132168702208583 27.109671498967103 50.10341220601161
0.42132168702208583 27.109671498967103 50.10341220601161
2,6
0.38536706100561957 25.967922693625212 50.09350536475286
0.38536706100561957 25.967922693625212 50.09350536475286
2,7
0.5524118058278573 28.25660017157857 50.03835563900233
0.5524118058278573 28.25660017157857 50.03835563900233
3,1
0.43554050845129505 25.768333557324517 50.06612828290257
0.43554050845129505 25.768333557324517 50.06612828290257
3,2
0.3603003627555188 27.876441880871823 50.08868521663136
0.3603003627555188 27.876441880871823 50.08868521663136
3,3
0.37429849712060237 26.538331701518686 50.05053531960823
0.37429849712060237 26.538331701518686 50.05053531960823
3,4
0.5033713359675209 30.078193749488733 50.02406714714678
0.5033713359675209 30.078193749488733 50.02406714714678
3,5
0.40132163564058543 30.01322553364266 50.11263310783189
0.40132163564058543 30.01322553364266 50.11263310783189
3,6
0.4222117640305423 26.74001796205573 50.04542470650825
0.4222117640305423 26.74001796205573 50.04542470650825
3,7
0.45524606348764274 26.6702938542172 50.04373586283451
0.45524606348764274 26.6702938542172 50.04373586283451
3,8
0.5725135712713378 26.79249722345704 50.01735570108889
0.5725135712713378 26.79249722345704 50.01735570108889
4,1
0.7517709756294775 25.101904099384107 50.00768689405662
0.7517709756294775 25.101904099384107 50.00768689405662
4,3
0.4039293683058037 26.902227596751153 50.03630222843846
0.4039293683058037 26.902227596751153 50.03630222843846
4,4
0.4191536288346452 31.645038958371643 50.109851789006576
0.4191536288346452 31.645038958371643 50.109851789006576
4,5
0.3526687136841038 29.11202366648493 50.10892032213262
0.3526687136841038 29.11202366648493 50.10892032213262
4,6
0.4055660212594506 29.683600010529457 50.09667478464605
0.4055660212594506 29.683600010529457 50.09667478464605
4,7
0.5176979476438062 28.757179381449376 50.02856344732107
0.5176979476438062 28.757179381449376 50.02856344732107
4,8
0.47984971247847896 28.380079871414594 50.052660464793895
0.47984971247847896 28.380079871414594 50.052660464793895
5,1
0.5168206185815596 23.872183417526855 50.01731238494014
0.5168206185815596 23.872183417526855 50.01731238494014
5,3
0.5465510093671921 26.028812427280858 50.031664537201166
0.5465510093671921 26.028812427280858 50.031664537201166
5,4
0.4053884213207792 26.30515916961877 50.06976292418527
0.4053884213207792 26.30515916961877 50.06976292418527
5,5
0.4457725037948591 24.93396666243178 50.06078039735675
0.4457725037948591 24.93396666243178 50.06078039735675
5,6
0.4563571943558777 24.76463291528718 50.04871138276414
0.4563571943558777 24.76463291528718 50.04871138276414
5,7
0.596194708621558 26.551324616142356 50.032030951794724
0.596194708621558 26.551324616142356 50.032030951794724
5,8
0.4778309363923334 21.986793233574666 50.055540489990136
0.4778309363923334 21.986793233574666 50.055540489990136
6,1
0.3472724545302057 26.665763658365492 50.12306509285395
0.3472724545302057 26.665763658365492 50.12306509285395
6,2
0.4772058230596915 29.098863792006984 50.03145377988156
0.4772058230596915 29.098863792006984 50.03145377988156
6,3
0.3476036292524223 30.391638831085153 50.0958395147794
0.3476036292524223 30.391638831085153 50.0958395147794
6,4
0.5153189016437845 26.38041215158102 50.06291137061632
0.5153189016437845 26.38041215158102 50.06291137061632
6,5
0.5608616363827581 25.72899612282813 50.061620541021476
0.5608616363827581 25.72899612282813 50.061620541021476
6,6
0.48789480160129606 23.872688201830204 50.05433494507126
0.48789480160129606 23.872688201830204 50.05433494507126
6,7
0.49233945014494884 23.874484605931755 50.06368915111907
0.49233945014494884 23.874484605931755 50.06368915111907
6,8
0.47307398042502846 21.039871348054234 50.053924477970426
0.47307398042502846 21.039871348054234 50.053924477970426
7,2
0.37284106774237613 29.24319629974854 50.08066071963319
0.37284106774237613 29.24319629974854 50.08066071963319
7,3
0.3543071031387109 30.44454748660958 50.097405284736254
0.3543071031387109 30.44454748660958 50.097405284736254
7,4
0.7043552433322537 26.51215611862569 50.00821301056208
0.7043552433322537 26.51215611862569 50.00821301056208
7,5
0.4947199990317945 23.696560354155565 50.05666728755784
0.4947199990317945 23.696560354155565 50.05666728755784
7,6
0.5389234810760006 23.3049984840422 50.03616253695061
0.5389234810760006 23.3049984840422 50.03616253695061
7,7
0.6716998746959284 21.70398226097808 50.025840249498515
0.6716998746959284 21.70398226097808 50.025840249498515
8,3
0.3798414752040362 26.786257488645113 50.07077719239642
0.3798414752040362 26.786257488645113 50.07077719239642
8,4
0.6184339969656083 25.094294107894363 50.0287826169308
0.6184339969656083 25.094294107894363 50.0287826169308
8,5
0.6625146378027105 21.911317156507263 50.02579338710328
0.6625146378027105 21.911317156507263 50.02579338710328
8,6
0.6273588254386246 22.786331708515497 50.04941657180168
0.6273588254386246 22.786331708515497 50.04941657180168
