#head
personName-Reimann
birthdate-01/01/1990
age-26
date-07/04/2016
stimulus-0
blindspot-1
blindspotsize-1
time-20:07:47
strategy-1
#lefteye
timetest-207
fneg-0
fnegtests-7
fpos-1
fpostests-4
fixationlosses-2
fixationlossestests-10
firings-207
visualfield- 
0,0 0,0 0,0 0,0 0,0 0,0 0,0 0,0 0,0 0,0
0,0 0,0 0,0 3,4 2,3 2,3 2,3 0,0 0,0 0,0
0,0 0,0 3,3 2,3 3,3 2,3 2,3 2,3 0,0 0,0
0,0 3,4 3,3 2,3 2,3 2,3 2,3 2,3 2,4 0,0
0,0 0,0 0,0 2,3 2,3 2,3 2,3 3,4 2,4 0,0
0,0 0,0 0,0 2,3 1,3 2,3 2,4 3,4 3,4 0,0
0,0 3,4 2,3 2,3 2,3 2,4 3,5 3,4 3,5 0,0
0,0 0,0 2,3 2,3 1,3 2,3 1,3 3,4 0,0 0,0
0,0 0,0 0,0 3,4 3,4 3,4 2,5 0,0 0,0 0,0
0,0 0,0 0,0 0,0 0,0 0,0 0,0 0,0 0,0 0,0
minintensity- 
1.0 1.0 1.0 1.0 1.0 1.0 1.0 1.0 1.0 1.0
1.0 1.0 1.0 0.24623491317519203 0.2605800067994675 0.2605800067994675 0.2598972586345418 1.0 1.0 1.0
1.0 1.0 0.23027259212757323 0.2548394342246287 0.2218612266255041 0.25188408958876657 0.22260006278446962 0.2497244146625596 1.0 1.0
1.0 0.24715364128737358 0.22738230208004637 0.2507957632988024 0.27213627934977563 0.24809809492977003 0.27599110546657707 0.2887482372011851 0.3105567562266252 1.0
1.0 0.29018312004265334 1.0 0.245911662616973 0.24532976912380947 0.2444924101946229 0.269620813541092 0.28253693811515457 0.2550333432050607 1.0
1.0 0.3824300400169208 0.2672098584886248 0.269934823139537 0.2880042197503422 0.27052558696034024 0.25153484700034684 0.2550333432050607 0.28253693811515457 1.0
1.0 0.23696812054694744 0.28887335931961716 0.28614795998462034 0.2712078466092822 0.2715237729663994 0.26242026665240287 0.27684452100244383 0.2973370230313759 1.0
1.0 1.0 0.28817671580849985 0.2831807678077695 0.3125059767357107 0.2530075304290776 0.29568995447711893 0.280390927183814 1.0 1.0
1.0 1.0 1.0 0.25772243025006203 0.25434842333505586 0.301444083649139 0.2783398068721895 1.0 1.0 1.0
1.0 1.0 1.0 1.0 1.0 1.0 1.0 1.0 1.0 1.0
deviation- 
0.0 0.0 0.0 0.0 0.0 0.0 0.0 0.0 0.0 0.0
0.0 0.0 0.0 0.0 0.0 0.0 0.0 0.0 0.0 0.0
0.0 0.0 0.0 0.0 0.0 0.0 0.0 0.0 0.0 0.0
0.0 0.0 0.0 0.0 0.0 0.0 0.0 0.0 0.0 0.0
0.0 0.0 0.0 0.0 0.0 0.0 0.0 0.0 0.0 0.0
0.0 0.0 0.0 0.0 0.0 0.0 0.0 0.0 0.0 0.0
0.0 0.0 0.0 0.0 0.0 0.0 0.0 0.0 0.0 0.0
0.0 0.0 0.0 0.0 0.0 0.0 0.0 0.0 0.0 0.0
0.0 0.0 0.0 0.0 0.0 0.0 0.0 0.0 0.0 0.0
0.0 0.0 0.0 0.0 0.0 0.0 0.0 0.0 0.0 0.0
pointenable- 
n n n n n n n n n n
n n n y y y y n n n
n n y y y y y y n n
n y y y y y y y y n
n y y y y y y y y n
n y y y y y y y y n
n y y y y y y y y n
n n y y y y y y n n
n n n y y y y n n n
n n n n n n n n n n
#righteye
timetest-207
fneg-0
fnegtests-7
fpos-1
fpostests-4
fixationlosses-2
fixationlossestests-10
firings-207
visualfield- 
0,0 0,0 0,0 0,0 0,0 0,0 0,0 0,0 0,0 0,0
0,0 0,0 0,0 3,4 2,3 2,3 2,3 0,0 0,0 0,0
0,0 0,0 3,3 2,3 3,3 2,3 2,3 2,3 0,0 0,0
0,0 3,4 3,3 2,3 2,3 2,3 2,3 2,3 2,4 0,0
0,0 0,0 0,0 2,3 2,3 2,3 2,3 3,4 2,4 0,0
0,0 0,0 0,0 2,3 1,3 2,3 2,4 3,4 3,4 0,0
0,0 3,4 2,3 2,3 2,3 2,4 3,5 3,4 3,5 0,0
0,0 0,0 2,3 2,3 1,3 2,3 1,3 3,4 0,0 0,0
0,0 0,0 0,0 3,4 3,4 3,4 2,5 0,0 0,0 0,0
0,0 0,0 0,0 0,0 0,0 0,0 0,0 0,0 0,0 0,0
minintensity- 
1.0 1.0 1.0 1.0 1.0 1.0 1.0 1.0 1.0 1.0
1.0 1.0 1.0 0.24623491317519203 0.2605800067994675 0.2605800067994675 0.2598972586345418 1.0 1.0 1.0
1.0 1.0 0.23027259212757323 0.2548394342246287 0.2218612266255041 0.25188408958876657 0.22260006278446962 0.2497244146625596 1.0 1.0
1.0 0.24715364128737358 0.22738230208004637 0.2507957632988024 0.27213627934977563 0.24809809492977003 0.27599110546657707 0.2887482372011851 0.3105567562266252 1.0
1.0 0.29018312004265334 1.0 0.245911662616973 0.24532976912380947 0.2444924101946229 0.269620813541092 0.28253693811515457 0.2550333432050607 1.0
1.0 0.3824300400169208 0.2672098584886248 0.269934823139537 0.2880042197503422 0.27052558696034024 0.25153484700034684 0.2550333432050607 0.28253693811515457 1.0
1.0 0.23696812054694744 0.28887335931961716 0.28614795998462034 0.2712078466092822 0.2715237729663994 0.26242026665240287 0.27684452100244383 0.2973370230313759 1.0
1.0 1.0 0.28817671580849985 0.2831807678077695 0.3125059767357107 0.2530075304290776 0.29568995447711893 0.280390927183814 1.0 1.0
1.0 1.0 1.0 0.25772243025006203 0.25434842333505586 0.301444083649139 0.2783398068721895 1.0 1.0 1.0
1.0 1.0 1.0 1.0 1.0 1.0 1.0 1.0 1.0 1.0
deviation- 
0.0 0.0 0.0 0.0 0.0 0.0 0.0 0.0 0.0 0.0
0.0 0.0 0.0 0.0 0.0 0.0 0.0 0.0 0.0 0.0
0.0 0.0 0.0 0.0 0.0 0.0 0.0 0.0 0.0 0.0
0.0 0.0 0.0 0.0 0.0 0.0 0.0 0.0 0.0 0.0
0.0 0.0 0.0 0.0 0.0 0.0 0.0 0.0 0.0 0.0
0.0 0.0 0.0 0.0 0.0 0.0 0.0 0.0 0.0 0.0
0.0 0.0 0.0 0.0 0.0 0.0 0.0 0.0 0.0 0.0
0.0 0.0 0.0 0.0 0.0 0.0 0.0 0.0 0.0 0.0
0.0 0.0 0.0 0.0 0.0 0.0 0.0 0.0 0.0 0.0
0.0 0.0 0.0 0.0 0.0 0.0 0.0 0.0 0.0 0.0
pointenable- 
n n n n n n n n n n
n n n y y y y n n n
n n y y y y y y n n
n y y y y y y y y n
n y y y y y y y y n
n y y y y y y y y n
n y y y y y y y y n
n n y y y y y y n n
n n n y y y y n n n
n n n n n n n n n n
