v1.0
#head
personName-Reimann
birthdate-01/01/1990
age-26
date-07/04/2016
stimulus-0
blindspot-1
blindspotsize-1
time-00:00:00
strategy-1
#lefteye
timetest-207
fneg-0
fnegtests-7
fpos-1
fpostests-4
fixationlosses-2
fixationlossestests-10
firings-207
visualfield- 
0,0 0,0 0,0 0,0 0,0 0,0 0,0 0,0 0,0 0,0
0,0 0,0 0,0 3,4 2,3 2,3 2,3 0,0 0,0 0,0
0,0 0,0 3,3 2,3 3,3 2,3 2,3 2,3 0,0 0,0
0,0 3,4 3,3 2,3 2,3 2,3 2,3 2,3 2,4 0,0
0,0 0,0 0,0 2,3 2,3 2,3 2,3 3,4 2,4 0,0
0,0 0,0 0,0 2,3 1,3 2,3 2,4 3,4 3,4 0,0
0,0 3,4 2,3 2,3 2,3 2,4 3,5 3,4 3,5 0,0
0,0 0,0 2,3 2,3 1,3 2,3 1,3 3,4 0,0 0,0
0,0 0,0 0,0 3,4 3,4 3,4 2,5 0,0 0,0 0,0
0,0 0,0 0,0 0,0 0,0 0,0 0,0 0,0 0,0 0,0
minintensity- 
1.0 1.0 1.0 1.0 1.0 1.0 1.0 1.0 1.0 1.0
1.0 1.0 1.0 0.2583263210503851 0.25494440489607906 0.3021504137230949 0.2789919965754004 1.0 1.0 1.0
1.0 1.0 0.28853653364286913 0.2835343535795081 0.3128961861377096 0.25332343709122634 0.29605913975571746 0.2807410151552356 1.0 1.0
1.0 0.23709478275845758 0.28902775761576716 0.28630090821760945 0.2713528093729829 0.2716689126706665 0.26256053972279986 0.27699251443011813 0.2974959624947752 1.0
1.0 0.3824800395835408 0.2672447884446051 0.26997012001181064 0.28804186859658953 0.2705609388702909 0.25156773104780045 0.2550666830101153 0.2825738582431473 1.0
1.0 0.2902210608264964 1.0 0.24594380436660568 0.24536183795495053 0.24452437264031418 0.2696560518899356 0.2825738582431473 0.2550666830101153 1.0
1.0 0.247285752100754 0.22750384611678254 0.25092981095431677 0.272281737401729 0.24823070744036754 0.2761386389436104 0.28890258059061147 0.3107227728796258 1.0
1.0 1.0 0.23056011012819067 0.25515761354577476 0.2221382449094255 0.25219860603066385 0.22287799678820322 0.25003622454547225 1.0 1.0
1.0 1.0 1.0 0.24681187530609397 0.2611905826505501 0.2611905826505501 0.26050624147790213 1.0 1.0 1.0
1.0 1.0 1.0 1.0 1.0 1.0 1.0 1.0 1.0 1.0
deviation- 
0.0 0.0 0.0 0.0 0.0 0.0 0.0 0.0 0.0 0.0
0.0 0.0 0.0 0.0 0.0 0.0 0.0 0.0 0.0 0.0
0.0 0.0 0.0 0.0 0.0 0.0 0.0 0.0 0.0 0.0
0.0 0.0 0.0 0.0 0.0 0.0 0.0 0.0 0.0 0.0
0.0 0.0 0.0 0.0 0.0 0.0 0.0 0.0 0.0 0.0
0.0 0.0 0.0 0.0 0.0 0.0 0.0 0.0 0.0 0.0
0.0 0.0 0.0 0.0 0.0 0.0 0.0 0.0 0.0 0.0
0.0 0.0 0.0 0.0 0.0 0.0 0.0 0.0 0.0 0.0
0.0 0.0 0.0 0.0 0.0 0.0 0.0 0.0 0.0 0.0
0.0 0.0 0.0 0.0 0.0 0.0 0.0 0.0 0.0 0.0
pointenable- 
n n n n n n n n n n
n n n y y y y n n n
n n y y y y y y n n
n y y y y y y y y n
n y y y y y y y y n
n y y y y y y y y n
n y y y y y y y y n
n n y y y y y y n n
n n n y y y y n n n
n n n n n n n n n n
