#head
personName-Reimann
birthdate-01/01/1990
age-26
date-06/04/2016
stimulus-0
blindspot-1
blindspotsize-1
time-16:07:44
strategy-1
#lefteye
timetest-218
fneg-1
fnegtests-7
fpos-1
fpostests-4
fixationlosses-3
fixationlossestests-10
firings-218
visualfield- 
0,0 0,0 0,0 0,0 0,0 0,0 0,0 0,0 0,0 0,0
0,0 0,0 0,0 1,4 2,3 2,3 1,3 0,0 0,0 0,0
0,0 0,0 2,3 2,3 4,5 1,3 2,3 2,3 0,0 0,0
0,0 1,4 1,3 1,3 1,3 1,3 1,3 2,3 2,4 0,0
0,0 3,4 2,3 4,5 3,3 2,3 2,3 0,0 0,0 0,0
0,0 2,4 2,3 2,3 2,3 2,3 2,4 0,0 0,0 0,0
0,0 2,4 2,3 2,3 2,3 2,4 3,5 2,4 4,5 0,0
0,0 0,0 2,3 4,5 1,3 4,5 1,3 3,5 0,0 0,0
0,0 0,0 0,0 2,4 2,4 2,4 2,4 0,0 0,0 0,0
0,0 0,0 0,0 0,0 0,0 0,0 0,0 0,0 0,0 0,0
minintensity- 
1.0 1.0 1.0 1.0 1.0 1.0 1.0 1.0 1.0 1.0
1.0 1.0 1.0 0.2157240641535058 0.2906356903778699 0.2605800067994675 0.31932587762642073 1.0 1.0 1.0
1.0 1.0 0.2903183180540981 0.28213428675478763 0.31548161634109706 0.3035184500132223 0.24495039640462848 0.2497244146625596 1.0 1.0
1.0 0.32556485073765945 0.3092084614685794 0.2507957632988024 0.24812649143891774 0.29608927424233805 0.3012858354163687 0.2887482372011851 0.27374014269015084 1.0
1.0 0.27515695893302333 0.2767099793907309 0.32055093016417097 0.22267796125434128 0.2444924101946229 0.24642259348901904 0.28253693811515457 0.39255131775552987 1.0
1.0 0.23125024588533602 0.24481529012070755 0.24663193322131569 0.26600970315897493 0.24702577576851786 0.3030435406158207 0.2550333432050607 0.2550333432050607 1.0
1.0 0.27382932547669286 0.28887335931961716 0.28614795998462034 0.2712078466092822 0.2715237729663994 0.4026253064816048 0.30242372279752444 0.34595207673846284 1.0
1.0 1.0 0.28817671580849985 0.33961034468760204 0.22831379105716076 0.3345512290258574 0.29568995447711893 0.3124474063916153 1.0 1.0
1.0 1.0 1.0 0.23863783338092892 0.308228207027449 0.2812489948478437 0.31727539048695297 1.0 1.0 1.0
1.0 1.0 1.0 1.0 1.0 1.0 1.0 1.0 1.0 1.0
deviation- 
0.0 0.0 0.0 0.0 0.0 0.0 0.0 0.0 0.0 0.0
0.0 0.0 0.0 0.0 0.0 0.0 0.0 0.0 0.0 0.0
0.0 0.0 0.0 0.0 0.0 0.0 0.0 0.0 0.0 0.0
0.0 0.0 0.0 0.0 0.0 0.0 0.0 0.0 0.0 0.0
0.0 0.0 0.0 0.0 0.0 0.0 0.0 0.0 0.0 0.0
0.0 0.0 0.0 0.0 0.0 0.0 0.0 0.0 0.0 0.0
0.0 0.0 0.0 0.0 0.0 0.0 0.0 0.0 0.0 0.0
0.0 0.0 0.0 0.0 0.0 0.0 0.0 0.0 0.0 0.0
0.0 0.0 0.0 0.0 0.0 0.0 0.0 0.0 0.0 0.0
0.0 0.0 0.0 0.0 0.0 0.0 0.0 0.0 0.0 0.0
pointenable- 
n n n n n n n n n n
n n n y y y y n n n
n n y y y y y y n n
n y y y y y y y y n
n y y y y y y y y n
n y y y y y y y y n
n y y y y y y y y n
n n y y y y y y n n
n n n y y y y n n n
n n n n n n n n n n
#righteye
timetest-218
fneg-1
fnegtests-7
fpos-1
fpostests-4
fixationlosses-3
fixationlossestests-10
firings-218
visualfield- 
0,0 0,0 0,0 0,0 0,0 0,0 0,0 0,0 0,0 0,0
0,0 0,0 0,0 1,4 2,3 2,3 1,3 0,0 0,0 0,0
0,0 0,0 2,3 2,3 4,5 1,3 2,3 2,3 0,0 0,0
0,0 1,4 1,3 1,3 1,3 1,3 1,3 2,3 2,4 0,0
0,0 3,4 2,3 4,5 3,3 2,3 2,3 0,0 0,0 0,0
0,0 2,4 2,3 2,3 2,3 2,3 2,4 0,0 0,0 0,0
0,0 2,4 2,3 2,3 2,3 2,4 3,5 2,4 4,5 0,0
0,0 0,0 2,3 4,5 1,3 4,5 1,3 3,5 0,0 0,0
0,0 0,0 0,0 2,4 2,4 2,4 2,4 0,0 0,0 0,0
0,0 0,0 0,0 0,0 0,0 0,0 0,0 0,0 0,0 0,0
minintensity- 
1.0 1.0 1.0 1.0 1.0 1.0 1.0 1.0 1.0 1.0
1.0 1.0 1.0 0.2157240641535058 0.2906356903778699 0.2605800067994675 0.31932587762642073 1.0 1.0 1.0
1.0 1.0 0.2903183180540981 0.28213428675478763 0.31548161634109706 0.3035184500132223 0.24495039640462848 0.2497244146625596 1.0 1.0
1.0 0.32556485073765945 0.3092084614685794 0.2507957632988024 0.24812649143891774 0.29608927424233805 0.3012858354163687 0.2887482372011851 0.27374014269015084 1.0
1.0 0.27515695893302333 0.2767099793907309 0.32055093016417097 0.22267796125434128 0.2444924101946229 0.24642259348901904 0.28253693811515457 0.39255131775552987 1.0
1.0 0.23125024588533602 0.24481529012070755 0.24663193322131569 0.26600970315897493 0.24702577576851786 0.3030435406158207 0.2550333432050607 0.2550333432050607 1.0
1.0 0.27382932547669286 0.28887335931961716 0.28614795998462034 0.2712078466092822 0.2715237729663994 0.4026253064816048 0.30242372279752444 0.34595207673846284 1.0
1.0 1.0 0.28817671580849985 0.33961034468760204 0.22831379105716076 0.3345512290258574 0.29568995447711893 0.3124474063916153 1.0 1.0
1.0 1.0 1.0 0.23863783338092892 0.308228207027449 0.2812489948478437 0.31727539048695297 1.0 1.0 1.0
1.0 1.0 1.0 1.0 1.0 1.0 1.0 1.0 1.0 1.0
deviation- 
0.0 0.0 0.0 0.0 0.0 0.0 0.0 0.0 0.0 0.0
0.0 0.0 0.0 0.0 0.0 0.0 0.0 0.0 0.0 0.0
0.0 0.0 0.0 0.0 0.0 0.0 0.0 0.0 0.0 0.0
0.0 0.0 0.0 0.0 0.0 0.0 0.0 0.0 0.0 0.0
0.0 0.0 0.0 0.0 0.0 0.0 0.0 0.0 0.0 0.0
0.0 0.0 0.0 0.0 0.0 0.0 0.0 0.0 0.0 0.0
0.0 0.0 0.0 0.0 0.0 0.0 0.0 0.0 0.0 0.0
0.0 0.0 0.0 0.0 0.0 0.0 0.0 0.0 0.0 0.0
0.0 0.0 0.0 0.0 0.0 0.0 0.0 0.0 0.0 0.0
0.0 0.0 0.0 0.0 0.0 0.0 0.0 0.0 0.0 0.0
pointenable- 
n n n n n n n n n n
n n n y y y y n n n
n n y y y y y y n n
n y y y y y y y y n
n y y y y y y y y n
n y y y y y y y y n
n y y y y y y y y n
n n y y y y y y n n
n n n y y y y n n n
n n n n n n n n n n
