#head
personName-Fernanda
birthdate-01/01/1990
age-26
date-07/04/2016
stimulus-0
blindspot-1
blindspotsize-1
time-18:12:35
strategy-1
#lefteye
timetest-213
fneg-2
fnegtests-7
fpos-3
fpostests-5
fixationlosses-1
fixationlossestests-10
firings-213
visualfield- 
0,0 0,0 0,0 0,0 0,0 0,0 0,0 0,0 0,0 0,0
0,0 0,0 0,0 1,4 2,3 3,3 1,3 0,0 0,0 0,0
0,0 0,0 3,3 2,3 2,3 2,3 2,3 2,3 0,0 0,0
0,0 2,4 2,3 2,3 2,3 1,3 1,3 2,3 3,4 0,0
0,0 0,0 0,0 2,3 3,3 3,3 2,3 3,4 3,4 0,0
0,0 0,0 0,0 2,3 3,3 3,3 3,4 3,4 3,4 0,0
0,0 2,4 3,3 3,3 2,3 4,5 4,5 3,4 1,5 0,0
0,0 0,0 1,3 3,5 2,3 3,5 2,5 1,4 0,0 0,0
0,0 0,0 0,0 0,4 0,5 1,5 0,4 0,0 0,0 0,0
0,0 0,0 0,0 0,0 0,0 0,0 0,0 0,0 0,0 0,0
minintensity- 
1.0 1.0 1.0 1.0 1.0 1.0 1.0 1.0 1.0 1.0
1.0 1.0 1.0 0.2614903376860352 0.2605800067994675 0.23052432322106509 0.31932587762642073 1.0 1.0 1.0
1.0 1.0 0.23027259212757323 0.2548394342246287 0.26508422154789074 0.2777012698009944 0.22260006278446962 0.2497244146625596 1.0 1.0
1.0 0.29420036695754515 0.2546576885428907 0.2507957632988024 0.24812649143891774 0.29608927424233805 0.3012858354163687 0.2887482372011851 0.23692352915367643 1.0
1.0 0.5783820847339927 1.0 0.245911662616973 0.22267796125434128 0.222259281789748 0.269620813541092 0.2550333432050607 0.2550333432050607 1.0
1.0 0.24686229213556746 0.289604426856542 0.24663193322131569 0.22202066997624037 0.22352596457669546 0.25153484700034684 0.2550333432050607 0.28253693811515457 1.0
1.0 0.3291211328713109 0.22969573018467374 0.22878726373967478 0.2712078466092822 0.3717059982010939 0.47812568764350266 0.25126531920736317 0.45938720205499906 1.0
1.0 1.0 0.3174857113565629 0.368396242019615 0.25637785295001075 0.4496948183539093 0.41083354380517084 0.3284756459955159 1.0 1.0
1.0 1.0 1.0 1.0 0.5746869885177825 1.0 1.0 1.0 1.0 1.0
1.0 1.0 1.0 1.0 1.0 1.0 1.0 1.0 1.0 1.0
deviation- 
0.0 0.0 0.0 0.0 0.0 0.0 0.0 0.0 0.0 0.0
0.0 0.0 0.0 0.0 0.0 0.0 0.0 0.0 0.0 0.0
0.0 0.0 0.0 0.0 0.0 0.0 0.0 0.0 0.0 0.0
0.0 0.0 0.0 0.0 0.0 0.0 0.0 0.0 0.0 0.0
0.0 0.0 0.0 0.0 0.0 0.0 0.0 0.0 0.0 0.0
0.0 0.0 0.0 0.0 0.0 0.0 0.0 0.0 0.0 0.0
0.0 0.0 0.0 0.0 0.0 0.0 0.0 0.0 0.0 0.0
0.0 0.0 0.0 0.0 0.0 0.0 0.0 0.0 0.0 0.0
0.0 0.0 0.0 0.0 0.0 0.0 0.0 0.0 0.0 0.0
0.0 0.0 0.0 0.0 0.0 0.0 0.0 0.0 0.0 0.0
pointenable- 
n n n n n n n n n n
n n n y y y y n n n
n n y y y y y y n n
n y y y y y y y y n
n y y y y y y y y n
n y y y y y y y y n
n y y y y y y y y n
n n y y y y y y n n
n n n y y y y n n n
n n n n n n n n n n
#righteye
timetest-213
fneg-2
fnegtests-7
fpos-3
fpostests-5
fixationlosses-1
fixationlossestests-10
firings-213
visualfield- 
0,0 0,0 0,0 0,0 0,0 0,0 0,0 0,0 0,0 0,0
0,0 0,0 0,0 1,4 2,3 3,3 1,3 0,0 0,0 0,0
0,0 0,0 3,3 2,3 2,3 2,3 2,3 2,3 0,0 0,0
0,0 2,4 2,3 2,3 2,3 1,3 1,3 2,3 3,4 0,0
0,0 0,0 0,0 2,3 3,3 3,3 2,3 3,4 3,4 0,0
0,0 0,0 0,0 2,3 3,3 3,3 3,4 3,4 3,4 0,0
0,0 2,4 3,3 3,3 2,3 4,5 4,5 3,4 1,5 0,0
0,0 0,0 1,3 3,5 2,3 3,5 2,5 1,4 0,0 0,0
0,0 0,0 0,0 0,4 0,5 1,5 0,4 0,0 0,0 0,0
0,0 0,0 0,0 0,0 0,0 0,0 0,0 0,0 0,0 0,0
minintensity- 
1.0 1.0 1.0 1.0 1.0 1.0 1.0 1.0 1.0 1.0
1.0 1.0 1.0 0.2614903376860352 0.2605800067994675 0.23052432322106509 0.31932587762642073 1.0 1.0 1.0
1.0 1.0 0.23027259212757323 0.2548394342246287 0.26508422154789074 0.2777012698009944 0.22260006278446962 0.2497244146625596 1.0 1.0
1.0 0.29420036695754515 0.2546576885428907 0.2507957632988024 0.24812649143891774 0.29608927424233805 0.3012858354163687 0.2887482372011851 0.23692352915367643 1.0
1.0 0.5783820847339927 1.0 0.245911662616973 0.22267796125434128 0.222259281789748 0.269620813541092 0.2550333432050607 0.2550333432050607 1.0
1.0 0.24686229213556746 0.289604426856542 0.24663193322131569 0.22202066997624037 0.22352596457669546 0.25153484700034684 0.2550333432050607 0.28253693811515457 1.0
1.0 0.3291211328713109 0.22969573018467374 0.22878726373967478 0.2712078466092822 0.3717059982010939 0.47812568764350266 0.25126531920736317 0.45938720205499906 1.0
1.0 1.0 0.3174857113565629 0.368396242019615 0.25637785295001075 0.4496948183539093 0.41083354380517084 0.3284756459955159 1.0 1.0
1.0 1.0 1.0 1.0 0.5746869885177825 1.0 1.0 1.0 1.0 1.0
1.0 1.0 1.0 1.0 1.0 1.0 1.0 1.0 1.0 1.0
deviation- 
0.0 0.0 0.0 0.0 0.0 0.0 0.0 0.0 0.0 0.0
0.0 0.0 0.0 0.0 0.0 0.0 0.0 0.0 0.0 0.0
0.0 0.0 0.0 0.0 0.0 0.0 0.0 0.0 0.0 0.0
0.0 0.0 0.0 0.0 0.0 0.0 0.0 0.0 0.0 0.0
0.0 0.0 0.0 0.0 0.0 0.0 0.0 0.0 0.0 0.0
0.0 0.0 0.0 0.0 0.0 0.0 0.0 0.0 0.0 0.0
0.0 0.0 0.0 0.0 0.0 0.0 0.0 0.0 0.0 0.0
0.0 0.0 0.0 0.0 0.0 0.0 0.0 0.0 0.0 0.0
0.0 0.0 0.0 0.0 0.0 0.0 0.0 0.0 0.0 0.0
0.0 0.0 0.0 0.0 0.0 0.0 0.0 0.0 0.0 0.0
pointenable- 
n n n n n n n n n n
n n n y y y y n n n
n n y y y y y y n n
n y y y y y y y y n
n y y y y y y y y n
n y y y y y y y y n
n y y y y y y y y n
n n y y y y y y n n
n n n y y y y n n n
n n n n n n n n n n
