#head
personName-Dennis
birthdate-01/01/1990
age-26
date-12/04/2016
stimulus-0
blindspot-1
blindspotsize-1
time-16:28:55
strategy-1
#lefteye
timetest-1460489335
fneg-0
fnegtests-0
fpos-0
fpostests-0
fixationlosses-0
fixationlossestests-0
firings-0
visualfield- 
0,0 0,0 0,0 0,0 0,0 0,0 0,0 0,0 0,0 0,0
0,0 0,0 0,0 0,0 0,0 0,0 0,0 0,0 0,0 0,0
0,0 0,0 0,0 0,0 0,0 0,0 0,0 0,0 0,0 0,0
0,0 0,0 0,0 0,0 0,0 0,0 0,0 0,0 0,0 0,0
0,0 0,0 0,0 0,0 0,0 0,0 0,0 0,0 0,0 0,0
0,0 0,0 0,0 0,0 0,0 0,0 0,0 0,0 0,0 0,0
0,0 0,0 0,0 0,0 0,0 0,0 0,0 0,0 0,0 0,0
0,0 0,0 0,0 0,0 0,0 0,0 0,0 0,0 0,0 0,0
0,0 0,0 0,0 0,0 0,0 0,0 0,0 0,0 0,0 0,0
0,0 0,0 0,0 0,0 0,0 0,0 0,0 0,0 0,0 0,0
minintensity- 
1.0 1.0 1.0 1.0 1.0 1.0 1.0 1.0 1.0 1.0
1.0 1.0 1.0 0.3225120357294076 0.32069137395627223 0.32069137395627223 0.31932587762642073 1.0 1.0 1.0
1.0 1.0 0.32034118101736053 0.30942913928494653 0.2866957190090841 0.3035184500132223 0.2896510636449462 0.2991991001608084 1.0 1.0
1.0 0.32556485073765945 0.3092084614685794 0.3014846109804027 0.29614606726063347 0.29608927424233805 0.3012858354163687 0.3182953443958461 0.34737336976309957 1.0
1.0 0.32023544226191336 0.3022712547260168 0.2917971718490729 0.2906333848627458 0.28895866700437267 0.29281903359316497 0.42005491266562367 0.42005491266562367 1.0
1.0 0.32492252338672467 0.289604426856542 0.29323771305775825 0.2880042197503422 0.2940253981521626 0.4060609278467683 0.42005491266562367 0.42005491266562367 1.0
1.0 0.34755173533618366 0.31846217388708886 0.31482830810709306 0.2949081569399756 0.34294063031559674 0.4493603197580055 0.4047405299778468 0.45938720205499906 1.0
1.0 1.0 0.3174857113565629 0.31082444735558906 0.3125059767357107 0.3057653316938444 0.29568995447711893 0.3284756459955159 1.0 1.0
1.0 1.0 1.0 0.35314541459572757 0.3441480628223778 0.3620293500530247 0.3562109741017164 1.0 1.0 1.0
1.0 1.0 1.0 1.0 1.0 1.0 1.0 1.0 1.0 1.0
deviation- 
0.0 0.0 0.0 0.0 0.0 0.0 0.0 0.0 0.0 0.0
0.0 0.0 0.0 0.0 0.0 0.0 0.0 0.0 0.0 0.0
0.0 0.0 0.0 0.0 0.0 0.0 0.0 0.0 0.0 0.0
0.0 0.0 0.0 0.0 0.0 0.0 0.0 0.0 0.0 0.0
0.0 0.0 0.0 0.0 0.0 0.0 0.0 0.0 0.0 0.0
0.0 0.0 0.0 0.0 0.0 0.0 0.0 0.0 0.0 0.0
0.0 0.0 0.0 0.0 0.0 0.0 0.0 0.0 0.0 0.0
0.0 0.0 0.0 0.0 0.0 0.0 0.0 0.0 0.0 0.0
0.0 0.0 0.0 0.0 0.0 0.0 0.0 0.0 0.0 0.0
0.0 0.0 0.0 0.0 0.0 0.0 0.0 0.0 0.0 0.0
pointenable- 
n n n n n n n n n n
n n n y y y y n n n
n n y y y y y y n n
n y y y y y y y y n
n y y y y y y y y n
n y y y y y y y y n
n y y y y y y y y n
n n y y y y y y n n
n n n y y y y n n n
n n n n n n n n n n
#righteye
timetest-212
fneg-0
fnegtests-7
fpos-5
fpostests-7
fixationlosses-8
fixationlossestests-10
firings-212
visualfield- 
0,0 0,0 0,0 0,0 0,0 0,0 0,0 0,0 0,0 0,0
0,0 0,0 0,0 3,5 0,3 1,3 1,3 0,0 0,0 0,0
0,0 0,0 2,3 2,3 2,3 3,3 3,3 3,3 0,0 0,0
0,0 3,4 3,3 3,3 3,3 3,5 3,3 3,3 3,4 0,0
0,0 2,4 3,3 3,3 3,3 3,3 3,3 0,0 0,0 0,0
0,0 4,4 3,3 3,3 3,3 3,3 4,4 0,0 0,0 0,0
0,0 4,5 3,3 2,3 3,3 4,4 4,5 3,4 5,5 0,0
0,0 0,0 4,5 2,3 3,3 2,3 3,3 4,4 0,0 0,0
0,0 0,0 0,0 3,4 3,4 3,5 4,5 0,0 0,0 0,0
0,0 0,0 0,0 0,0 0,0 0,0 0,0 0,0 0,0 0,0
minintensity- 
1.0 1.0 1.0 1.0 1.0 1.0 1.0 1.0 1.0 1.0
1.0 1.0 1.0 0.4089641328651844 0.32069137395627223 0.2605800067994675 0.2598972586345418 1.0 1.0 1.0
1.0 1.0 0.2602954550908357 0.2548394342246287 0.24347272408669743 0.22606690937653867 0.22260006278446962 0.22498707191343517 1.0 1.0
1.0 0.2314713993973164 0.22738230208004637 0.2254513394580022 0.22411670352805987 0.3536200100133323 0.22540164556699369 0.22965402281186303 0.23692352915367643 1.0
1.0 0.2300784756041332 0.22558742872015905 0.22296890800092306 0.22267796125434128 0.222259281789748 0.22322437343694607 1.0 0.22752974829496692 1.0
1.0 0.21563819963510458 0.22242072175279032 0.2233290433030944 0.22202066997624037 0.22352596457669546 0.22578050019260998 0.22752974829496692 0.42005491266562367 1.0
1.0 0.37631710322168077 0.22969573018467374 0.25746761186214756 0.22380722594789537 0.21796112995450137 0.24684192889360265 0.27684452100244383 0.21631193351956432 1.0
1.0 1.0 0.34627160868857587 0.25553708825995 0.22831379105716076 0.279386431061461 0.22410978549251281 0.21627796876821143 1.0 1.0
1.0 1.0 1.0 0.23863783338092892 0.25434842333505586 0.4484814471888015 0.385028339813642 1.0 1.0 1.0
1.0 1.0 1.0 1.0 1.0 1.0 1.0 1.0 1.0 1.0
deviation- 
0.0 0.0 0.0 0.0 0.0 0.0 0.0 0.0 0.0 0.0
0.0 0.0 0.0 0.0 0.0 0.0 0.0 0.0 0.0 0.0
0.0 0.0 0.0 0.0 0.0 0.0 0.0 0.0 0.0 0.0
0.0 0.0 0.0 0.0 0.0 0.0 0.0 0.0 0.0 0.0
0.0 0.0 0.0 0.0 0.0 0.0 0.0 0.0 0.0 0.0
0.0 0.0 0.0 0.0 0.0 0.0 0.0 0.0 0.0 0.0
0.0 0.0 0.0 0.0 0.0 0.0 0.0 0.0 0.0 0.0
0.0 0.0 0.0 0.0 0.0 0.0 0.0 0.0 0.0 0.0
0.0 0.0 0.0 0.0 0.0 0.0 0.0 0.0 0.0 0.0
0.0 0.0 0.0 0.0 0.0 0.0 0.0 0.0 0.0 0.0
pointenable- 
n n n n n n n n n n
n n n y y y y n n n
n n y y y y y y n n
n y y y y y y y y n
n y y y y y y y y n
n y y y y y y y y n
n y y y y y y y y n
n n y y y y y y n n
n n n y y y y n n n
n n n n n n n n n n
