#head
personName-Dennis
birthdate-01/01/1990
age-26
date-12/04/2016
stimulus-0
blindspot-1
blindspotsize-1
time-16:28:55
strategy-1
#lefteye
timetest-205
fneg-0
fnegtests-7
fpos-4
fpostests-5
fixationlosses-1
fixationlossestests-10
firings-205
visualfield- 
0,0 0,0 0,0 0,0 0,0 0,0 0,0 0,0 0,0 0,0
0,0 0,0 0,0 1,4 2,3 1,3 1,3 0,0 0,0 0,0
0,0 0,0 2,3 3,3 2,3 3,3 3,3 3,3 0,0 0,0
0,0 2,4 2,3 3,3 3,3 3,3 3,3 3,3 3,4 0,0
0,0 0,0 0,0 3,3 3,3 3,3 3,3 4,4 3,4 0,0
0,0 0,0 0,0 3,3 3,3 2,3 4,4 4,4 3,4 0,0
0,0 2,4 3,3 2,3 3,3 4,4 3,5 3,4 4,5 0,0
0,0 0,0 2,3 3,3 3,3 2,3 2,3 3,4 0,0 0,0
0,0 0,0 0,0 3,4 3,4 4,5 3,4 0,0 0,0 0,0
0,0 0,0 0,0 0,0 0,0 0,0 0,0 0,0 0,0 0,0
minintensity- 
1.0 1.0 1.0 1.0 1.0 1.0 1.0 1.0 1.0 1.0
1.0 1.0 1.0 0.2614903376860352 0.23052432322106509 0.2906356903778699 0.2896115681304812 1.0 1.0 1.0
1.0 1.0 0.2602954550908357 0.22754458169446973 0.2218612266255041 0.22606690937653867 0.22260006278446962 0.22498707191343517 1.0 1.0
1.0 0.24715364128737358 0.22738230208004637 0.2254513394580022 0.22411670352805987 0.22410250527348602 0.22540164556699369 0.22965402281186303 0.2553318359219136 1.0
1.0 0.21505231449450318 0.251148704055445 0.22296890800092306 0.22267796125434128 0.222259281789748 0.22322437343694607 0.22752974829496692 0.2550333432050607 1.0
1.0 0.23125024588533602 0.2672098584886248 0.2233290433030944 0.22202066997624037 0.24702577576851786 0.22578050019260998 0.22752974829496692 0.2550333432050607 1.0
1.0 0.23696812054694744 0.22969573018467374 0.25746761186214756 0.22380722594789537 0.21796112995450137 0.29357694217000335 0.25126531920736317 0.23251695142192666 1.0
1.0 1.0 0.25886772026043686 0.22789340871213035 0.22831379105716076 0.279386431061461 0.24796984182071485 0.2483344479760127 1.0 1.0
1.0 1.0 1.0 0.25772243025006203 0.2363884954375915 0.22066372844395793 0.2588720150648078 1.0 1.0 1.0
1.0 1.0 1.0 1.0 1.0 1.0 1.0 1.0 1.0 1.0
deviation- 
0.0 0.0 0.0 0.0 0.0 0.0 0.0 0.0 0.0 0.0
0.0 0.0 0.0 0.0 0.0 0.0 0.0 0.0 0.0 0.0
0.0 0.0 0.0 0.0 0.0 0.0 0.0 0.0 0.0 0.0
0.0 0.0 0.0 0.0 0.0 0.0 0.0 0.0 0.0 0.0
0.0 0.0 0.0 0.0 0.0 0.0 0.0 0.0 0.0 0.0
0.0 0.0 0.0 0.0 0.0 0.0 0.0 0.0 0.0 0.0
0.0 0.0 0.0 0.0 0.0 0.0 0.0 0.0 0.0 0.0
0.0 0.0 0.0 0.0 0.0 0.0 0.0 0.0 0.0 0.0
0.0 0.0 0.0 0.0 0.0 0.0 0.0 0.0 0.0 0.0
0.0 0.0 0.0 0.0 0.0 0.0 0.0 0.0 0.0 0.0
pointenable- 
n n n n n n n n n n
n n n y y y y n n n
n n y y y y y y n n
n y y y y y y y y n
n y y y y y y y y n
n y y y y y y y y n
n y y y y y y y y n
n n y y y y y y n n
n n n y y y y n n n
n n n n n n n n n n
#righteye
timetest-212
fneg-0
fnegtests-7
fpos-5
fpostests-7
fixationlosses-8
fixationlossestests-10
firings-212
visualfield- 
0,0 0,0 0,0 0,0 0,0 0,0 0,0 0,0 0,0 0,0
0,0 0,0 0,0 3,5 0,3 1,3 1,3 0,0 0,0 0,0
0,0 0,0 2,3 2,3 2,3 3,3 3,3 3,3 0,0 0,0
0,0 3,4 3,3 3,3 3,3 3,5 3,3 3,3 3,4 0,0
0,0 2,4 3,3 3,3 3,3 3,3 3,3 0,0 0,0 0,0
0,0 4,4 3,3 3,3 3,3 3,3 4,4 0,0 0,0 0,0
0,0 4,5 3,3 2,3 3,3 4,4 4,5 3,4 5,5 0,0
0,0 0,0 4,5 2,3 3,3 2,3 3,3 4,4 0,0 0,0
0,0 0,0 0,0 3,4 3,4 3,5 4,5 0,0 0,0 0,0
0,0 0,0 0,0 0,0 0,0 0,0 0,0 0,0 0,0 0,0
minintensity- 
1.0 1.0 1.0 1.0 1.0 1.0 1.0 1.0 1.0 1.0
1.0 1.0 1.0 0.4089641328651844 0.32069137395627223 0.2605800067994675 0.2598972586345418 1.0 1.0 1.0
1.0 1.0 0.2602954550908357 0.2548394342246287 0.24347272408669743 0.22606690937653867 0.22260006278446962 0.22498707191343517 1.0 1.0
1.0 0.2314713993973164 0.22738230208004637 0.2254513394580022 0.22411670352805987 0.3536200100133323 0.22540164556699369 0.22965402281186303 0.23692352915367643 1.0
1.0 0.2300784756041332 0.22558742872015905 0.22296890800092306 0.22267796125434128 0.222259281789748 0.22322437343694607 1.0 0.22752974829496692 1.0
1.0 0.21563819963510458 0.22242072175279032 0.2233290433030944 0.22202066997624037 0.22352596457669546 0.22578050019260998 0.22752974829496692 0.42005491266562367 1.0
1.0 0.37631710322168077 0.22969573018467374 0.25746761186214756 0.22380722594789537 0.21796112995450137 0.24684192889360265 0.27684452100244383 0.21631193351956432 1.0
1.0 1.0 0.34627160868857587 0.25553708825995 0.22831379105716076 0.279386431061461 0.22410978549251281 0.21627796876821143 1.0 1.0
1.0 1.0 1.0 0.23863783338092892 0.25434842333505586 0.4484814471888015 0.385028339813642 1.0 1.0 1.0
1.0 1.0 1.0 1.0 1.0 1.0 1.0 1.0 1.0 1.0
deviation- 
0.0 0.0 0.0 0.0 0.0 0.0 0.0 0.0 0.0 0.0
0.0 0.0 0.0 0.0 0.0 0.0 0.0 0.0 0.0 0.0
0.0 0.0 0.0 0.0 0.0 0.0 0.0 0.0 0.0 0.0
0.0 0.0 0.0 0.0 0.0 0.0 0.0 0.0 0.0 0.0
0.0 0.0 0.0 0.0 0.0 0.0 0.0 0.0 0.0 0.0
0.0 0.0 0.0 0.0 0.0 0.0 0.0 0.0 0.0 0.0
0.0 0.0 0.0 0.0 0.0 0.0 0.0 0.0 0.0 0.0
0.0 0.0 0.0 0.0 0.0 0.0 0.0 0.0 0.0 0.0
0.0 0.0 0.0 0.0 0.0 0.0 0.0 0.0 0.0 0.0
0.0 0.0 0.0 0.0 0.0 0.0 0.0 0.0 0.0 0.0
pointenable- 
n n n n n n n n n n
n n n y y y y n n n
n n y y y y y y n n
n y y y y y y y y n
n y y y y y y y y n
n y y y y y y y y n
n y y y y y y y y n
n n y y y y y y n n
n n n y y y y n n n
n n n n n n n n n n
