v1.0
#head
personName-Fernanda
birthdate-01/01/1990
age-26
date-07/04/2016
stimulus-0
blindspot-1
blindspotsize-1
time-00:00:00
strategy-1
#lefteye
timetest-209
fneg-1
fnegtests-7
fpos-1
fpostests-4
fixationlosses-2
fixationlossestests-10
firings-209
visualfield- 
0,0 0,0 0,0 0,0 0,0 0,0 0,0 0,0 0,0 0,0
0,0 0,0 0,0 1,4 2,3 1,3 4,5 0,0 0,0 0,0
0,0 0,0 3,3 2,3 2,3 2,3 2,3 2,3 0,0 0,0
0,0 2,4 2,3 2,3 2,3 2,3 2,3 2,3 4,5 0,0
0,0 0,0 0,0 3,3 3,3 2,3 2,3 3,4 4,4 0,0
0,0 0,0 0,0 2,3 3,3 2,3 3,4 3,4 3,4 0,0
0,0 2,4 2,3 2,3 2,3 2,4 3,5 3,4 4,5 0,0
0,0 0,0 2,3 2,3 2,3 1,3 1,3 2,4 0,0 0,0
0,0 0,0 0,0 3,4 2,4 2,4 3,4 0,0 0,0 0,0
0,0 0,0 0,0 0,0 0,0 0,0 0,0 0,0 0,0 0,0
minintensity- 
1.0 1.0 1.0 1.0 1.0 1.0 1.0 1.0 1.0 1.0
1.0 1.0 1.0 0.23919700027024995 0.3089504212100246 0.32239283070014874 0.2985054135097941 1.0 1.0 1.0
1.0 1.0 0.22984534885884686 0.25585615702857845 0.25669796011244755 0.3061471102557336 0.29605913975571746 0.26469277684534576 1.0 1.0
1.0 0.27397568252370896 0.2594231526204154 0.2576052232033908 0.2476398438524749 0.2716689126706665 0.26256053972279986 0.2513996273450632 0.23264123288764493 1.0
1.0 0.26250863997448065 0.3183997999632929 0.24666417595278173 0.22204969420252216 0.24705806512717468 0.277325430299675 0.2825738582431473 0.2550666830101153 1.0
1.0 0.37779232621809955 0.30231076101760745 0.22299805355221936 0.22270707034639178 0.2667604075915547 0.2696560518899356 0.2825738582431473 0.22755949287397417 1.0
1.0 0.2629763850760209 0.2547938092403589 0.27628778984399843 0.24825912423526356 0.2722391271185114 0.2508303670813071 0.28890258059061147 0.3763398061189872 1.0
1.0 1.0 0.23056011012819067 0.25515761354577476 0.24377672589213187 0.2780479972431026 0.24525624456945413 0.22526799423609567 1.0 1.0
1.0 1.0 1.0 0.2315207080860815 0.23106447068026487 0.2611905826505501 0.3489590034152333 1.0 1.0 1.0
1.0 1.0 1.0 1.0 1.0 1.0 1.0 1.0 1.0 1.0
deviation- 
0.0 0.0 0.0 0.0 0.0 0.0 0.0 0.0 0.0 0.0
0.0 0.0 0.0 0.0 0.0 0.0 0.0 0.0 0.0 0.0
0.0 0.0 0.0 0.0 0.0 0.0 0.0 0.0 0.0 0.0
0.0 0.0 0.0 0.0 0.0 0.0 0.0 0.0 0.0 0.0
0.0 0.0 0.0 0.0 0.0 0.0 0.0 0.0 0.0 0.0
0.0 0.0 0.0 0.0 0.0 0.0 0.0 0.0 0.0 0.0
0.0 0.0 0.0 0.0 0.0 0.0 0.0 0.0 0.0 0.0
0.0 0.0 0.0 0.0 0.0 0.0 0.0 0.0 0.0 0.0
0.0 0.0 0.0 0.0 0.0 0.0 0.0 0.0 0.0 0.0
0.0 0.0 0.0 0.0 0.0 0.0 0.0 0.0 0.0 0.0
pointenable- 
n n n n n n n n n n
n n n y y y y n n n
n n y y y y y y n n
n y y y y y y y y n
n y y y y y y y y n
n y y y y y y y y n
n y y y y y y y y n
n n y y y y y y n n
n n n y y y y n n n
n n n n n n n n n n
