v1.0
#head
personName-Fernanda
birthdate-01/01/1990
age-26
date-12/04/2016
stimulus-0
blindspot-1
blindspotsize-1
time-12:00:00
strategy-1
#righteye
timetest-202
fneg-3
fnegtests-7
fpos-1
fpostests-4
fixationlosses-8
fixationlossestests-10
firings-202
visualfield- 
0,0 0,0 0,0 0,0 0,0 0,0 0,0 0,0 0,0 0,0
0,0 0,0 0,0 2,4 2,3 2,3 1,3 0,0 0,0 0,0
0,0 0,0 2,3 3,3 2,3 2,3 2,3 2,3 0,0 0,0
0,0 2,4 1,3 2,3 2,3 2,3 2,3 1,3 2,4 0,0
0,0 2,4 2,3 2,3 2,3 3,3 3,3 0,0 0,0 0,0
0,0 2,4 2,3 2,3 2,3 2,3 3,4 0,0 0,0 0,0
0,0 2,4 2,3 2,3 2,3 3,4 4,5 3,4 2,5 0,0
0,0 0,0 2,3 2,3 2,3 2,4 1,3 1,4 0,0 0,0
0,0 0,0 0,0 3,4 2,4 2,4 2,5 0,0 0,0 0,0
0,0 0,0 0,0 0,0 0,0 0,0 0,0 0,0 0,0 0,0
minintensity- 
1.0 1.0 1.0 1.0 1.0 1.0 1.0 1.0 1.0 1.0
1.0 1.0 1.0 0.2583263210503851 0.2729464103340609 0.28190799674604106 0.2789919965754004 1.0 1.0 1.0
1.0 1.0 0.2591909337909746 0.25585615702857845 0.28479707312507857 0.3061471102557336 0.29605913975571746 0.32888578976397237 1.0 1.0
1.0 0.329297069444402 0.2594231526204154 0.22890955309829847 0.2476398438524749 0.25380515525130143 0.23138721135800303 0.3281782587819751 0.32992331238921396 1.0
1.0 0.26250863997448065 0.2448472932090144 0.24666417595278173 0.24404708566721128 0.24705806512717468 0.277325430299675 0.2550666830101153 0.2550666830101153 1.0
1.0 0.2601647981948692 0.25118153187772024 0.24594380436660568 0.24536183795495053 0.2222883376890736 0.22325355245520057 1.0 1.0 1.0
1.0 0.29435762120830183 0.3093737354875116 0.25092981095431677 0.24825912423526356 0.22422230267135007 0.2508303670813071 0.3184654698503289 0.3291409112546115 1.0
1.0 1.0 0.2606204563296622 0.22782868873624693 0.24377672589213187 0.25219860603066385 0.24525624456945413 0.25003622454547225 1.0 1.0
1.0 1.0 1.0 0.2621030574621834 0.2611905826505501 0.23106447068026487 0.3200740943736708 1.0 1.0 1.0
1.0 1.0 1.0 1.0 1.0 1.0 1.0 1.0 1.0 1.0
deviation- 
0.0 0.0 0.0 0.0 0.0 0.0 0.0 0.0 0.0 0.0
0.0 0.0 0.0 0.0 0.0 0.0 0.0 0.0 0.0 0.0
0.0 0.0 0.0 0.0 0.0 0.0 0.0 0.0 0.0 0.0
0.0 0.0 0.0 0.0 0.0 0.0 0.0 0.0 0.0 0.0
0.0 0.0 0.0 0.0 0.0 0.0 0.0 0.0 0.0 0.0
0.0 0.0 0.0 0.0 0.0 0.0 0.0 0.0 0.0 0.0
0.0 0.0 0.0 0.0 0.0 0.0 0.0 0.0 0.0 0.0
0.0 0.0 0.0 0.0 0.0 0.0 0.0 0.0 0.0 0.0
0.0 0.0 0.0 0.0 0.0 0.0 0.0 0.0 0.0 0.0
0.0 0.0 0.0 0.0 0.0 0.0 0.0 0.0 0.0 0.0
pointenable- 
n n n n n n n n n n
n n n y y y y n n n
n n y y y y y y n n
n y y y y y y y y n
n y y y y y y y y n
n y y y y y y y y n
n y y y y y y y y n
n n y y y y y y n n
n n n y y y y n n n
n n n n n n n n n n
