v1.0
#head
personName-Fernanda
birthdate-01/01/1990
age-26
date-12/04/2016
stimulus-0
blindspot-1
blindspotsize-1
time-12:00:00
strategy-1
#lefteye
timetest-210
fneg-0
fnegtests-7
fpos-7
fpostests-10
fixationlosses-1
fixationlossestests-10
firings-211
visualfield- 
0,1 0,0 0,0 0,0 0,0 0,0 0,0 0,0 0,0 0,0
0,0 0,0 0,0 2,4 2,3 3,5 2,5 0,0 0,0 0,0
0,0 0,0 2,3 2,3 2,3 1,3 1,3 2,3 0,0 0,0
0,0 2,4 1,3 3,3 1,3 1,3 1,3 2,3 2,4 0,0
0,0 0,0 0,0 2,3 3,3 2,3 1,3 3,4 3,4 0,0
0,0 0,0 0,0 1,3 2,3 2,3 3,4 3,4 3,4 0,0
0,0 3,4 2,3 2,3 2,3 3,4 3,5 3,4 3,5 0,0
0,0 0,0 2,3 2,3 1,3 1,3 4,5 2,4 0,0 0,0
0,0 0,0 0,0 2,4 2,4 3,4 4,5 0,0 0,0 0,0
0,0 0,0 0,0 0,0 0,0 0,0 0,0 0,0 0,0 0,0
minintensity- 
1.0 1.0 1.0 1.0 1.0 1.0 1.0 1.0 1.0 1.0
1.0 1.0 1.0 0.2774556418305203 0.3089504212100246 0.3021504137230949 0.38593051361022984 1.0 1.0 1.0
1.0 1.0 0.2591909337909746 0.2835343535795081 0.25669796011244755 0.3061471102557336 0.3248809961129443 0.3128375216145489 1.0 1.0
1.0 0.29241615477002425 0.2594231526204154 0.28630090821760945 0.2713528093729829 0.25380515525130143 0.26256053972279986 0.2513996273450632 0.2974959624947752 1.0
1.0 0.23128047135615684 0.3183997999632929 0.24666417595278173 0.2660444622287913 0.2705609388702909 0.25156773104780045 0.2550666830101153 0.2550666830101153 1.0
1.0 0.2902210608264964 1.0 0.24594380436660568 0.22270707034639178 0.24452437264031418 0.2928573016073031 0.2825738582431473 0.2550666830101153 1.0
1.0 0.2629763850760209 0.22750384611678254 0.22557184697376148 0.2963043654773209 0.2962475318875289 0.30144688098766087 0.28890258059061147 0.3107227728796258 1.0
1.0 1.0 0.2606204563296622 0.28248656819483625 0.24377672589213187 0.30389741829507494 0.2900127252121892 0.27480443993508197 1.0 1.0
1.0 1.0 1.0 0.2315207080860815 0.29131670955691236 0.37921259480209174 0.4933834291344302 1.0 1.0 1.0
1.0 1.0 1.0 1.0 1.0 1.0 1.0 1.0 1.0 1.0
deviation- 
0.0 0.0 0.0 0.0 0.0 0.0 0.0 0.0 0.0 0.0
0.0 0.0 0.0 0.0 0.0 0.0 0.0 0.0 0.0 0.0
0.0 0.0 0.0 0.0 0.0 0.0 0.0 0.0 0.0 0.0
0.0 0.0 0.0 0.0 0.0 0.0 0.0 0.0 0.0 0.0
0.0 0.0 0.0 0.0 0.0 0.0 0.0 0.0 0.0 0.0
0.0 0.0 0.0 0.0 0.0 0.0 0.0 0.0 0.0 0.0
0.0 0.0 0.0 0.0 0.0 0.0 0.0 0.0 0.0 0.0
0.0 0.0 0.0 0.0 0.0 0.0 0.0 0.0 0.0 0.0
0.0 0.0 0.0 0.0 0.0 0.0 0.0 0.0 0.0 0.0
0.0 0.0 0.0 0.0 0.0 0.0 0.0 0.0 0.0 0.0
pointenable- 
n n n n n n n n n n
n n n y y y y n n n
n n y y y y y y n n
n y y y y y y y y n
n y y y y y y y y n
n y y y y y y y y n
n y y y y y y y y n
n n y y y y y y n n
n n n y y y y n n n
n n n n n n n n n n
