v1.0
#head
personName-Fernanda
birthdate-01/01/1990
age-26
date-12/04/2016
stimulus-0
blindspot-1
blindspotsize-1
time-12:00:00
strategy-1
#righteye
timetest-206
fneg-0
fnegtests-7
fpos-6
fpostests-8
fixationlosses-1
fixationlossestests-10
firings-206
visualfield- 
0,0 0,0 0,0 0,0 0,0 0,0 0,0 0,0 0,0 0,0
0,0 0,0 0,0 2,4 1,3 2,3 2,3 0,0 0,0 0,0
0,0 0,0 2,3 2,3 2,3 3,3 1,3 2,3 0,0 0,0
0,0 3,4 2,3 2,3 2,3 2,3 2,3 1,3 3,4 0,0
0,0 3,4 2,3 2,4 2,3 3,3 3,3 0,0 0,0 0,0
0,0 3,4 1,3 2,3 2,3 2,3 3,4 0,0 0,0 0,0
0,0 3,4 1,3 2,3 2,3 3,4 4,5 3,4 3,5 0,0
0,0 0,0 2,3 2,3 2,3 2,3 2,3 2,4 0,0 0,0
0,0 0,0 0,0 2,4 3,4 2,5 1,4 0,0 0,0 0,0
0,0 0,0 0,0 0,0 0,0 0,0 0,0 0,0 0,0 0,0
minintensity- 
1.0 1.0 1.0 1.0 1.0 1.0 1.0 1.0 1.0 1.0
1.0 1.0 1.0 0.2774556418305203 0.25494440489607906 0.32239283070014874 0.3570456344408212 1.0 1.0 1.0
1.0 1.0 0.2591909337909746 0.2835343535795081 0.25669796011244755 0.27973527367348 0.24827945184121827 0.3128375216145489 1.0 1.0
1.0 0.2555352400956465 0.28902775761576716 0.2576052232033908 0.22392686342284054 0.25380515525130143 0.478381266400971 0.3281782587819751 0.2974959624947752 1.0
1.0 0.23128047135615684 0.28964228368019573 0.2233582318937528 0.22204969420252216 0.24705806512717468 0.25156773104780045 0.2550666830101153 0.2550666830101153 1.0
1.0 0.23010855046635112 0.25118153187772024 0.268889555180992 0.22270707034639178 0.2222883376890736 0.22325355245520057 0.2550666830101153 0.4201098238269621 1.0
1.0 0.278666988233035 0.2547938092403589 0.27628778984399843 0.24825912423526356 0.24823070744036754 0.2761386389436104 0.3184654698503289 0.255468327936416 1.0
1.0 1.0 0.2606204563296622 0.28248656819483625 0.2221382449094255 0.22634917005892466 0.2900127252121892 0.22526799423609567 1.0 1.0
1.0 1.0 1.0 0.2621030574621834 0.3214428065911207 0.29131670955691236 0.2902901828618634 1.0 1.0 1.0
1.0 1.0 1.0 1.0 1.0 1.0 1.0 1.0 1.0 1.0
deviation- 
0.0 0.0 0.0 0.0 0.0 0.0 0.0 0.0 0.0 0.0
0.0 0.0 0.0 0.0 0.0 0.0 0.0 0.0 0.0 0.0
0.0 0.0 0.0 0.0 0.0 0.0 0.0 0.0 0.0 0.0
0.0 0.0 0.0 0.0 0.0 0.0 0.0 0.0 0.0 0.0
0.0 0.0 0.0 0.0 0.0 0.0 0.0 0.0 0.0 0.0
0.0 0.0 0.0 0.0 0.0 0.0 0.0 0.0 0.0 0.0
0.0 0.0 0.0 0.0 0.0 0.0 0.0 0.0 0.0 0.0
0.0 0.0 0.0 0.0 0.0 0.0 0.0 0.0 0.0 0.0
0.0 0.0 0.0 0.0 0.0 0.0 0.0 0.0 0.0 0.0
0.0 0.0 0.0 0.0 0.0 0.0 0.0 0.0 0.0 0.0
pointenable- 
n n n n n n n n n n
n n n y y y y n n n
n n y y y y y y n n
n y y y y y y y y n
n y y y y y y y y n
n y y y y y y y y n
n y y y y y y y y n
n n y y y y y y n n
n n n y y y y n n n
n n n n n n n n n n
