v1.0
#head
personName-Fernanda
birthdate-01/01/1990
age-26
date-07/04/2016
stimulus-0
blindspot-1
blindspotsize-1
time-12:00:00
strategy-1
#righteye
timetest-213
fneg-2
fnegtests-7
fpos-3
fpostests-5
fixationlosses-1
fixationlossestests-10
firings-213
visualfield- 
0,0 0,0 0,0 0,0 0,0 0,0 0,0 0,0 0,0 0,0
0,0 0,0 0,0 1,4 2,3 3,3 1,3 0,0 0,0 0,0
0,0 0,0 3,3 2,3 2,3 2,3 2,3 2,3 0,0 0,0
0,0 2,4 2,3 2,3 2,3 1,3 1,3 2,3 3,4 0,0
0,0 0,0 0,0 2,3 3,3 3,3 2,3 3,4 3,4 0,0
0,0 0,0 0,0 2,3 3,3 3,3 3,4 3,4 3,4 0,0
0,0 2,4 3,3 3,3 2,3 4,5 4,5 3,4 1,5 0,0
0,0 0,0 1,3 3,5 2,3 3,5 2,5 1,4 0,0 0,0
0,0 0,0 0,0 0,4 0,5 1,5 0,4 0,0 0,0 0,0
0,0 0,0 0,0 0,0 0,0 0,0 0,0 0,0 0,0 0,0
minintensity- 
1.0 1.0 1.0 1.0 1.0 1.0 1.0 1.0 1.0 1.0
1.0 1.0 1.0 1.0 0.5760335849298726 1.0 1.0 1.0 1.0 1.0
1.0 1.0 0.3178821334947637 0.36885623300535786 0.25669796011244755 0.450256302523267 0.4113465055055576 0.32888578976397237 1.0 1.0
1.0 0.329297069444402 0.22981851780681078 0.22890955309829847 0.2713528093729829 0.3719046988375168 0.478381266400971 0.2513996273450632 0.45963277160347454 1.0
1.0 0.24689456311687333 0.28964228368019573 0.24666417595278173 0.22204969420252216 0.22355519138405844 0.25156773104780045 0.2550666830101153 0.2825738582431473 1.0
1.0 0.5784576832532398 1.0 0.24594380436660568 0.22270707034639178 0.2222883376890736 0.2696560518899356 0.2550666830101153 0.2550666830101153 1.0
1.0 0.29435762120830183 0.2547938092403589 0.25092981095431677 0.24825912423526356 0.2962475318875289 0.30144688098766087 0.28890258059061147 0.23705017465230394 1.0
1.0 1.0 0.23056011012819067 0.25515761354577476 0.2654151919550714 0.2780479972431026 0.22287799678820322 0.25003622454547225 1.0 1.0
1.0 1.0 1.0 0.2621030574621834 0.2611905826505501 0.23106447068026487 0.3200740943736708 1.0 1.0 1.0
1.0 1.0 1.0 1.0 1.0 1.0 1.0 1.0 1.0 1.0
deviation- 
0.0 0.0 0.0 0.0 0.0 0.0 0.0 0.0 0.0 0.0
0.0 0.0 0.0 0.0 0.0 0.0 0.0 0.0 0.0 0.0
0.0 0.0 0.0 0.0 0.0 0.0 0.0 0.0 0.0 0.0
0.0 0.0 0.0 0.0 0.0 0.0 0.0 0.0 0.0 0.0
0.0 0.0 0.0 0.0 0.0 0.0 0.0 0.0 0.0 0.0
0.0 0.0 0.0 0.0 0.0 0.0 0.0 0.0 0.0 0.0
0.0 0.0 0.0 0.0 0.0 0.0 0.0 0.0 0.0 0.0
0.0 0.0 0.0 0.0 0.0 0.0 0.0 0.0 0.0 0.0
0.0 0.0 0.0 0.0 0.0 0.0 0.0 0.0 0.0 0.0
0.0 0.0 0.0 0.0 0.0 0.0 0.0 0.0 0.0 0.0
pointenable- 
n n n n n n n n n n
n n n y y y y n n n
n n y y y y y y n n
n y y y y y y y y n
n y y y y y y y y n
n y y y y y y y y n
n y y y y y y y y n
n n y y y y y y n n
n n n y y y y n n n
n n n n n n n n n n
