v1.0
#head
personName-Fernanda
birthdate-01/01/1990
age-26
date-12/04/2016
stimulus-0
blindspot-1
blindspotsize-1
time-12:00:00
strategy-1
#lefteye
timetest-219
fneg-0
fnegtests-7
fpos-4
fpostests-7
fixationlosses-2
fixationlossestests-10
firings-219
visualfield- 
0,0 0,0 0,0 0,0 0,0 0,0 0,0 0,0 0,0 0,0
0,0 0,0 0,0 2,4 2,3 2,5 4,7 0,0 0,0 0,0
0,0 0,0 2,3 2,3 2,3 1,3 2,3 2,3 0,0 0,0
0,0 3,4 2,3 2,3 2,3 2,3 2,3 2,3 2,4 0,0
0,0 0,0 0,0 2,3 2,3 4,5 1,3 1,4 3,4 0,0
0,0 0,0 0,0 2,3 1,3 3,3 3,4 3,4 3,4 0,0
0,0 2,4 2,3 2,3 2,3 2,4 4,6 2,4 4,5 0,0
0,0 0,0 1,3 2,3 2,3 2,3 4,5 3,4 0,0 0,0
0,0 0,0 0,0 3,4 2,4 1,4 2,5 0,0 0,0 0,0
0,0 0,0 0,0 0,0 0,0 0,0 0,0 0,0 0,0 0,0
minintensity- 
1.0 1.0 1.0 1.0 1.0 1.0 1.0 1.0 1.0 1.0
1.0 1.0 1.0 0.29658493273850156 0.3089504212100246 0.36287763478210255 0.31801883044418777 1.0 1.0 1.0
1.0 1.0 0.3178821334947637 0.2281779604776488 0.28479707312507857 0.27973527367348 0.3248809961129443 0.2807410151552356 1.0 1.0
1.0 0.27397568252370896 0.2594231526204154 0.28630090821760945 0.2476398438524749 0.2716689126706665 0.30932053972455836 0.30258537169692024 0.2488549227439907 1.0
1.0 0.26250863997448065 0.37591483252948715 0.24666417595278173 0.24404708566721128 0.22355519138405844 0.25156773104780045 0.3375882385154296 0.2825738582431473 1.0
1.0 0.3202772936519053 1.0 0.22299805355221936 0.24536183795495053 0.31775395882589247 0.2928573016073031 0.2550666830101153 0.2825738582431473 1.0
1.0 0.278666988233035 0.2547938092403589 0.25092981095431677 0.272281737401729 0.24823070744036754 0.2761386389436104 0.25933969133089396 0.2738864663114017 1.0
1.0 1.0 0.2606204563296622 0.25515761354577476 0.2221382449094255 0.30389741829507494 0.26763447743093827 0.25003622454547225 1.0 1.0
1.0 1.0 1.0 0.3079765591222208 0.29131670955691236 0.5236370503934424 0.607845516966848 1.0 1.0 1.0
1.0 1.0 1.0 1.0 1.0 1.0 1.0 1.0 1.0 1.0
deviation- 
0.0 0.0 0.0 0.0 0.0 0.0 0.0 0.0 0.0 0.0
0.0 0.0 0.0 0.0 0.0 0.0 0.0 0.0 0.0 0.0
0.0 0.0 0.0 0.0 0.0 0.0 0.0 0.0 0.0 0.0
0.0 0.0 0.0 0.0 0.0 0.0 0.0 0.0 0.0 0.0
0.0 0.0 0.0 0.0 0.0 0.0 0.0 0.0 0.0 0.0
0.0 0.0 0.0 0.0 0.0 0.0 0.0 0.0 0.0 0.0
0.0 0.0 0.0 0.0 0.0 0.0 0.0 0.0 0.0 0.0
0.0 0.0 0.0 0.0 0.0 0.0 0.0 0.0 0.0 0.0
0.0 0.0 0.0 0.0 0.0 0.0 0.0 0.0 0.0 0.0
0.0 0.0 0.0 0.0 0.0 0.0 0.0 0.0 0.0 0.0
pointenable- 
n n n n n n n n n n
n n n y y y y n n n
n n y y y y y y n n
n y y y y y y y y n
n y y y y y y y y n
n y y y y y y y y n
n y y y y y y y y n
n n y y y y y y n n
n n n y y y y n n n
n n n n n n n n n n
