v1.0
#head
personName-Rodrigo
birthdate-01/01/1990
age-26
date-13/04/2016
stimulus-0
blindspot-1
blindspotsize-1
time-12:00:00
strategy-1
#lefteye
timetest-206
fneg-0
fnegtests-7
fpos-0
fpostests-3
fixationlosses-0
fixationlossestests-10
firings-206
visualfield- 
0,0 0,0 0,0 0,0 0,0 0,0 0,0 0,0 0,0 0,0
0,0 0,0 0,0 2,4 2,3 3,3 2,3 0,0 0,0 0,0
0,0 0,0 3,3 3,3 2,3 3,3 3,3 3,3 0,0 0,0
0,0 3,5 2,3 3,3 3,3 3,3 2,3 3,3 3,4 0,0
0,0 0,0 0,0 3,3 3,3 3,3 3,3 4,4 3,4 0,0
0,0 0,0 0,0 3,3 3,3 3,3 4,4 4,4 4,4 0,0
0,0 2,4 1,3 2,3 3,3 3,4 4,5 4,4 5,5 0,0
0,0 0,0 2,3 2,3 2,3 3,3 4,4 3,4 0,0 0,0
0,0 0,0 0,0 3,4 3,4 3,4 3,5 0,0 0,0 0,0
0,0 0,0 0,0 0,0 0,0 0,0 0,0 0,0 0,0 0,0
minintensity- 
1.0 1.0 1.0 1.0 1.0 1.0 1.0 1.0 1.0 1.0
1.0 1.0 1.0 0.2583263210503851 0.25494440489607906 0.3021504137230949 0.2789919965754004 1.0 1.0 1.0
1.0 1.0 0.2591909337909746 0.25585615702857845 0.28479707312507857 0.22691160050897274 0.2243896078839687 0.23259627038603245 1.0 1.0
1.0 0.27397568252370896 0.31863239242937175 0.2576052232033908 0.22392686342284054 0.23594139783193635 0.24697386808583827 0.2258067551691347 0.21642755794042556 1.0
1.0 0.2781227466383063 0.2448472932090144 0.2233582318937528 0.22204969420252216 0.22355519138405844 0.22581001689281674 0.22755949287397417 0.22755949287397417 1.0
1.0 0.2902210608264964 0.25118153187772024 0.22299805355221936 0.22270707034639178 0.2222883376890736 0.22325355245520057 0.22755949287397417 0.2550666830101153 1.0
1.0 0.4120810969905001 0.2547938092403589 0.22557184697376148 0.22423649615967167 0.22422230267135007 0.2508303670813071 0.22977678716205008 0.23705017465230394 1.0
1.0 1.0 0.23056011012819067 0.22782868873624693 0.2654151919550714 0.22634917005892466 0.22287799678820322 0.22526799423609567 1.0 1.0
1.0 1.0 1.0 0.2621030574621834 0.2611905826505501 0.23106447068026487 0.26050624147790213 1.0 1.0 1.0
1.0 1.0 1.0 1.0 1.0 1.0 1.0 1.0 1.0 1.0
deviation- 
0.0 0.0 0.0 0.0 0.0 0.0 0.0 0.0 0.0 0.0
0.0 0.0 0.0 0.0 0.0 0.0 0.0 0.0 0.0 0.0
0.0 0.0 0.0 0.0 0.0 0.0 0.0 0.0 0.0 0.0
0.0 0.0 0.0 0.0 0.0 0.0 0.0 0.0 0.0 0.0
0.0 0.0 0.0 0.0 0.0 0.0 0.0 0.0 0.0 0.0
0.0 0.0 0.0 0.0 0.0 0.0 0.0 0.0 0.0 0.0
0.0 0.0 0.0 0.0 0.0 0.0 0.0 0.0 0.0 0.0
0.0 0.0 0.0 0.0 0.0 0.0 0.0 0.0 0.0 0.0
0.0 0.0 0.0 0.0 0.0 0.0 0.0 0.0 0.0 0.0
0.0 0.0 0.0 0.0 0.0 0.0 0.0 0.0 0.0 0.0
pointenable- 
n n n n n n n n n n
n n n y y y y n n n
n n y y y y y y n n
n y y y y y y y y n
n y y y y y y y y n
n y y y y y y y y n
n y y y y y y y y n
n n y y y y y y n n
n n n y y y y n n n
n n n n n n n n n n
