v1.0
#head
personName-Rodrigo
birthdate-01/01/1990
age-26
date-13/04/2016
stimulus-0
blindspot-1
blindspotsize-1
time-12:00:00
strategy-1
#righteye
timetest-206
fneg-0
fnegtests-7
fpos-0
fpostests-3
fixationlosses-2
fixationlossestests-10
firings-206
visualfield- 
0,0 0,0 0,0 0,0 0,0 0,0 0,0 0,0 0,0 0,0
0,0 0,0 0,0 2,4 2,3 2,3 2,3 0,0 0,0 0,0
0,0 0,0 3,3 3,3 3,3 2,3 3,3 2,3 0,0 0,0
0,0 3,4 3,3 3,3 3,3 3,3 3,3 3,3 3,4 0,0
0,0 3,4 3,3 3,3 3,3 3,3 3,3 0,0 0,0 0,0
0,0 3,4 3,3 3,3 3,3 3,3 4,4 0,0 0,0 0,0
0,0 4,4 3,3 3,3 3,3 4,4 5,5 3,4 4,5 0,0
0,0 0,0 2,3 3,3 4,4 3,3 2,3 2,4 0,0 0,0
0,0 0,0 0,0 3,4 3,4 2,4 3,5 0,0 0,0 0,0
0,0 0,0 0,0 0,0 0,0 0,0 0,0 0,0 0,0 0,0
minintensity- 
1.0 1.0 1.0 1.0 1.0 1.0 1.0 1.0 1.0 1.0
1.0 1.0 1.0 0.23919700027024995 0.23694238452202027 0.28190799674604106 0.2789919965754004 1.0 1.0 1.0
1.0 1.0 0.2591909337909746 0.2281779604776488 0.22859886201958332 0.22691160050897274 0.2243896078839687 0.2967892833046591 1.0 1.0
1.0 0.21865434033039507 0.22981851780681078 0.22890955309829847 0.22392686342284054 0.21807764041257127 0.2158005397210414 0.2513996273450632 0.2488549227439907 1.0
1.0 0.23128047135615684 0.2224497979734237 0.2233582318937528 0.22204969420252216 0.22355519138405844 0.22581001689281674 0.22755949287397417 0.2550666830101153 1.0
1.0 0.23010855046635112 0.22561691730777664 0.22299805355221936 0.22270707034639178 0.2222883376890736 0.22325355245520057 0.22755949287397417 0.4201098238269621 1.0
1.0 0.23159513403461354 0.22750384611678254 0.22557184697376148 0.22423649615967167 0.22422230267135007 0.22552212503725666 0.22977678716205008 0.23705017465230394 1.0
1.0 1.0 0.23056011012819067 0.22782868873624693 0.2221382449094255 0.25219860603066385 0.22287799678820322 0.25003622454547225 1.0 1.0
1.0 1.0 1.0 0.2926853919022083 0.2611905826505501 0.2611905826505501 0.2902901828618634 1.0 1.0 1.0
1.0 1.0 1.0 1.0 1.0 1.0 1.0 1.0 1.0 1.0
deviation- 
0.0 0.0 0.0 0.0 0.0 0.0 0.0 0.0 0.0 0.0
0.0 0.0 0.0 0.0 0.0 0.0 0.0 0.0 0.0 0.0
0.0 0.0 0.0 0.0 0.0 0.0 0.0 0.0 0.0 0.0
0.0 0.0 0.0 0.0 0.0 0.0 0.0 0.0 0.0 0.0
0.0 0.0 0.0 0.0 0.0 0.0 0.0 0.0 0.0 0.0
0.0 0.0 0.0 0.0 0.0 0.0 0.0 0.0 0.0 0.0
0.0 0.0 0.0 0.0 0.0 0.0 0.0 0.0 0.0 0.0
0.0 0.0 0.0 0.0 0.0 0.0 0.0 0.0 0.0 0.0
0.0 0.0 0.0 0.0 0.0 0.0 0.0 0.0 0.0 0.0
0.0 0.0 0.0 0.0 0.0 0.0 0.0 0.0 0.0 0.0
pointenable- 
n n n n n n n n n n
n n n y y y y n n n
n n y y y y y y n n
n y y y y y y y y n
n y y y y y y y y n
n y y y y y y y y n
n y y y y y y y y n
n n y y y y y y n n
n n n y y y y n n n
n n n n n n n n n n
