v1.0
#head
personName-Rodrigo
birthdate-01/01/1990
age-26
date-12/04/2016
stimulus-0
blindspot-1
blindspotsize-1
time-12:00:00
strategy-1
#lefteye
timetest-209
fneg-0
fnegtests-7
fpos-0
fpostests-3
fixationlosses-3
fixationlossestests-10
firings-209
visualfield- 
0,0 0,0 0,0 0,0 0,0 0,0 0,0 0,0 0,0 0,0
0,0 0,0 0,0 2,4 1,3 2,3 1,3 0,0 0,0 0,0
0,0 0,0 2,3 3,3 3,3 3,3 2,3 2,3 0,0 0,0
0,0 2,4 2,3 3,3 3,3 3,3 3,3 3,3 3,4 0,0
0,0 0,0 0,0 3,3 3,3 3,3 3,3 4,4 4,4 0,0
0,0 0,0 0,0 3,3 3,3 3,3 4,4 3,4 3,4 0,0
0,0 2,4 2,3 3,3 3,3 4,4 4,5 4,4 5,5 0,0
0,0 0,0 2,3 2,3 2,3 2,3 1,3 3,4 0,0 0,0
0,0 0,0 0,0 3,4 2,4 4,5 2,4 0,0 0,0 0,0
0,0 0,0 0,0 0,0 0,0 0,0 0,0 0,0 0,0 0,0
minintensity- 
1.0 1.0 1.0 1.0 1.0 1.0 1.0 1.0 1.0 1.0
1.0 1.0 1.0 0.2583263210503851 0.2909484157720428 0.3021504137230949 0.2789919965754004 1.0 1.0 1.0
1.0 1.0 0.2591909337909746 0.25585615702857845 0.25669796011244755 0.25332343709122634 0.29605913975571746 0.2486445236156891 1.0 1.0
1.0 0.27397568252370896 0.2594231526204154 0.22890955309829847 0.22392686342284054 0.21807764041257127 0.23138721135800303 0.2258067551691347 0.21642755794042556 1.0
1.0 0.23128047135615684 0.2448472932090144 0.2233582318937528 0.22204969420252216 0.22355519138405844 0.22581001689281674 0.2550666830101153 0.2550666830101153 1.0
1.0 0.30524917723920086 0.41734082614999596 0.22299805355221936 0.22270707034639178 0.2222883376890736 0.22325355245520057 0.22755949287397417 0.22755949287397417 1.0
1.0 0.2629763850760209 0.2547938092403589 0.22557184697376148 0.22423649615967167 0.22422230267135007 0.22552212503725666 0.22977678716205008 0.23705017465230394 1.0
1.0 1.0 0.23056011012819067 0.22782868873624693 0.2221382449094255 0.22634917005892466 0.24525624456945413 0.22526799423609567 1.0 1.0
1.0 1.0 1.0 0.2621030574621834 0.3214428065911207 0.2611905826505501 0.3200740943736708 1.0 1.0 1.0
1.0 1.0 1.0 1.0 1.0 1.0 1.0 1.0 1.0 1.0
deviation- 
0.0 0.0 0.0 0.0 0.0 0.0 0.0 0.0 0.0 0.0
0.0 0.0 0.0 0.0 0.0 0.0 0.0 0.0 0.0 0.0
0.0 0.0 0.0 0.0 0.0 0.0 0.0 0.0 0.0 0.0
0.0 0.0 0.0 0.0 0.0 0.0 0.0 0.0 0.0 0.0
0.0 0.0 0.0 0.0 0.0 0.0 0.0 0.0 0.0 0.0
0.0 0.0 0.0 0.0 0.0 0.0 0.0 0.0 0.0 0.0
0.0 0.0 0.0 0.0 0.0 0.0 0.0 0.0 0.0 0.0
0.0 0.0 0.0 0.0 0.0 0.0 0.0 0.0 0.0 0.0
0.0 0.0 0.0 0.0 0.0 0.0 0.0 0.0 0.0 0.0
0.0 0.0 0.0 0.0 0.0 0.0 0.0 0.0 0.0 0.0
pointenable- 
n n n n n n n n n n
n n n y y y y n n n
n n y y y y y y n n
n y y y y y y y y n
n y y y y y y y y n
n y y y y y y y y n
n y y y y y y y y n
n n y y y y y y n n
n n n y y y y n n n
n n n n n n n n n n
