y
y
35
Direito
0.0 0.0 0.0 0.0 0.0 0.0 0.0 0.0 0.0 0.0 
0.0 0.0 0.0 11.0 18.0 8.0 14.0 0.0 0.0 0.0 
0.0 0.0 12.0 18.0 19.0 17.0 17.0 11.0 0.0 0.0 
0.0 18.0 19.0 15.0 19.0 10.0 15.0 14.0 10.0 0.0 
14.0 17.0 18.0 19.0 15.0 18.0 12.0 9.0 14.0 0.0 
17.0 16.0 17.0 16.0 30.0 30.0 12.0 0.0 14.0 0.0 
0.0 15.0 12.0 14.0 29.0 29.0 12.0 16.0 18.0 0.0 
0.0 0.0 17.0 19.0 29.0 29.0 19.0 17.0 0.0 0.0 
0.0 0.0 0.0 15.0 22.0 17.0 9.0 0.0 0.0 0.0 
0.0 0.0 0.0 0.0 0.0 0.0 0.0 0.0 0.0 0.0 
0.0 0.0 0.0 0.0 0.0 0.0 0.0 0.0 0.0 0.0 
0.0 0.0 0.0 -18.0 -11.0 -20.0 -15.0 0.0 0.0 0.0 
0.0 0.0 18.0 -13.0 -12.0 -14.0 -14.0 -19.0 0.0 0.0 
0.0 12.0 13.0 -18.0 -14.0 -22.0 -17.0 -17.0 -20.0 0.0 
15.0 14.0 15.0 -14.0 -19.0 -16.0 -21.0 0.0 -17.0 0.0 
13.0 15.0 15.0 -18.0 -5.0 -4.0 -21.0 0.0 -17.0 0.0 
0.0 16.0 21.0 -20.0 -4.0 -5.0 -21.0 -16.0 -14.0 0.0 
0.0 0.0 14.0 -13.0 -4.0 -4.0 -13.0 -15.0 0.0 0.0 
0.0 0.0 0.0 -15.0 -9.0 -14.0 -22.0 0.0 0.0 0.0 
0.0 0.0 0.0 0.0 0.0 0.0 0.0 0.0 0.0 0.0 
0.0 0.0 0.0 0.0 0.0 0.0 0.0 0.0 0.0 0.0 
0.0 0.0 0.0 0.5 0.5 0.5 0.5 0.0 0.0 0.0 
0.0 0.0 0.5 0.5 0.5 0.5 0.5 0.5 0.0 0.0 
0.0 0.5 0.5 0.5 0.5 0.5 0.5 0.5 0.5 0.0 
1.0 0.5 0.5 0.5 0.5 0.5 0.5 0.0 0.5 0.0 
1.0 0.5 0.5 0.5 1.0 2.0 0.5 0.0 0.5 0.0 
0.0 0.5 0.5 0.5 1.0 1.0 0.5 0.5 0.5 0.0 
0.0 0.0 0.5 0.5 5.0 2.0 0.5 0.5 0.0 0.0 
0.0 0.0 0.0 0.5 1.0 0.5 0.5 0.0 0.0 0.0 
0.0 0.0 0.0 0.0 0.0 0.0 0.0 0.0 0.0 0.0 
-1.0 -1.0 -1.0 -1.0 -1.0 -1.0 -1.0 -1.0 -1.0 -1.0 
-1.0 -1.0 -1.0 -1.0 -1.0 -1.0 -1.0 -1.0 -1.0 -1.0 
-1.0 -1.0 -1.0 -1.0 -1.0 -1.0 -1.0 -1.0 -1.0 -1.0 
-1.0 -1.0 -1.0 -1.0 -1.0 -1.0 -1.0 -1.0 -1.0 -1.0 
-1.0 -1.0 -1.0 -1.0 -1.0 -1.0 -1.0 -1.0 -1.0 -1.0 
-1.0 -1.0 -1.0 -1.0 -1.0 -1.0 -1.0 -1.0 -1.0 -1.0 
-1.0 -1.0 -1.0 -1.0 -1.0 -1.0 -1.0 -1.0 -1.0 -1.0 
-1.0 -1.0 -1.0 -1.0 -1.0 -1.0 -1.0 -1.0 -1.0 -1.0 
-1.0 -1.0 -1.0 -1.0 -1.0 -1.0 -1.0 -1.0 -1.0 -1.0 
-1.0 -1.0 -1.0 -1.0 -1.0 -1.0 -1.0 -1.0 -1.0 -1.0 
-1.0 -1.0 -1.0 -1.0 -1.0 -1.0 -1.0 -1.0 -1.0 -1.0 
-1.0 -1.0 -1.0 -1.0 -1.0 -1.0 -1.0 -1.0 -1.0 -1.0 
-1.0 -1.0 -1.0 -1.0 -1.0 -1.0 -1.0 -1.0 -1.0 -1.0 
-1.0 -1.0 -1.0 -1.0 -1.0 -1.0 -1.0 -1.0 -1.0 -1.0 
-1.0 -1.0 -1.0 -1.0 -1.0 -1.0 -1.0 -1.0 -1.0 -1.0 
-1.0 -1.0 -1.0 -1.0 -1.0 -1.0 -1.0 -1.0 -1.0 -1.0 
-1.0 -1.0 -1.0 -1.0 -1.0 -1.0 -1.0 -1.0 -1.0 -1.0 
-1.0 -1.0 -1.0 -1.0 -1.0 -1.0 -1.0 -1.0 -1.0 -1.0 
-1.0 -1.0 -1.0 -1.0 -1.0 -1.0 -1.0 -1.0 -1.0 -1.0 
-1.0 -1.0 -1.0 -1.0 -1.0 -1.0 -1.0 -1.0 -1.0 -1.0 
