y
y
60
Direito
0.0 0.0 0.0 0.0 0.0 0.0 0.0 0.0 0.0 0.0 
0.0 0.0 0.0 11.0 18.0 8.0 14.0 0.0 0.0 0.0 
0.0 0.0 12.0 18.0 19.0 17.0 17.0 11.0 0.0 0.0 
0.0 18.0 19.0 15.0 19.0 10.0 15.0 14.0 10.0 0.0 
14.0 17.0 18.0 19.0 15.0 18.0 12.0 9.0 14.0 0.0 
17.0 16.0 17.0 16.0 30.0 30.0 12.0 0.0 14.0 0.0 
0.0 15.0 12.0 14.0 29.0 29.0 12.0 16.0 18.0 0.0 
0.0 0.0 17.0 19.0 29.0 29.0 19.0 17.0 0.0 0.0 
0.0 0.0 0.0 15.0 22.0 17.0 9.0 0.0 0.0 0.0 
0.0 0.0 0.0 0.0 0.0 0.0 0.0 0.0 0.0 0.0 
0.0 0.0 0.0 0.0 0.0 0.0 0.0 0.0 0.0 0.0 
0.0 0.0 0.0 -16.0 -9.0 -19.0 -13.0 0.0 0.0 0.0 
0.0 0.0 17.0 -12.0 -10.0 -13.0 -12.0 -17.0 0.0 0.0 
0.0 10.0 11.0 -16.0 -13.0 -21.0 -15.0 -15.0 -19.0 0.0 
14.0 13.0 13.0 -13.0 -17.0 -14.0 -20.0 0.0 -16.0 0.0 
11.0 14.0 14.0 -16.0 -3.0 -3.0 -20.0 0.0 -16.0 0.0 
0.0 14.0 19.0 -18.0 -3.0 -3.0 -20.0 -15.0 -12.0 0.0 
0.0 0.0 13.0 -11.0 -2.0 -3.0 -12.0 -13.0 0.0 0.0 
0.0 0.0 0.0 -14.0 -8.0 -13.0 -21.0 0.0 0.0 0.0 
0.0 0.0 0.0 0.0 0.0 0.0 0.0 0.0 0.0 0.0 
0.0 0.0 0.0 0.0 0.0 0.0 0.0 0.0 0.0 0.0 
0.0 0.0 0.0 0.5 1.0 0.5 0.5 0.0 0.0 0.0 
0.0 0.0 0.5 0.5 0.5 0.5 0.5 0.5 0.0 0.0 
0.0 0.5 0.5 0.5 0.5 0.5 0.5 0.5 0.5 0.0 
1.0 0.5 0.5 0.5 0.5 0.5 0.5 0.0 0.5 0.0 
1.0 0.5 0.5 0.5 5.0 5.0 0.5 0.0 0.5 0.0 
0.0 0.5 0.5 0.5 5.0 5.0 0.5 0.5 0.5 0.0 
0.0 0.0 0.5 0.5 50.0 5.0 0.5 0.5 0.0 0.0 
0.0 0.0 0.0 0.5 1.0 0.5 0.5 0.0 0.0 0.0 
0.0 0.0 0.0 0.0 0.0 0.0 0.0 0.0 0.0 0.0 
0.0 0.0 0.0 0.0 0.0 0.0 0.0 0.0 0.0 0.0 
0.0 0.0 0.0 -9.0 -1.0 -11.0 -5.0 0.0 0.0 0.0 
0.0 0.0 -9.0 -4.0 -3.0 -5.0 -4.0 -9.0 0.0 0.0 
0.0 -3.0 -4.0 -9.0 -5.0 -13.0 8.0 -8.0 -11.0 0.0 
0.0 -5.0 -6.0 -5.0 -10.0 -7.0 -12.0 0.0 -8.0 0.0 
0.0 -6.0 -7.0 -9.0 4.0 5.0 -12.0 0.0 -8.0 0.0 
0.0 -7.0 -12.0 -11.0 4.0 4.0 -12.0 -7.0 -5.0 0.0 
0.0 0.0 -6.0 -4.0 5.0 5.0 -5.0 -6.0 0.0 0.0 
0.0 0.0 0.0 -7.0 0.0 -5.0 -13.0 0.0 0.0 0.0 
0.0 0.0 0.0 0.0 0.0 0.0 0.0 0.0 0.0 0.0 
0.0 0.0 0.0 0.0 0.0 0.0 0.0 0.0 0.0 0.0 
0.0 0.0 0.0 1.0 50.0 0.5 5.0 0.0 0.0 0.0 
0.0 0.0 0.5 5.0 50.0 2.0 5.0 0.5 0.0 0.0 
0.0 50.0 5.0 0.5 1.0 0.5 0.5 0.5 0.5 0.0 
5.0 2.0 0.5 0.5 0.5 0.5 0.5 0.0 1.0 0.0 
50.0 1.0 0.5 0.5 50.0 50.0 0.5 0.0 1.0 0.0 
0.0 1.0 0.5 0.5 50.0 50.0 0.5 1.0 5.0 0.0 
0.0 0.0 2.0 5.0 50.0 50.0 2.0 2.0 0.0 0.0 
0.0 0.0 0.0 1.0 50.0 2.0 0.5 0.0 0.0 0.0 
0.0 0.0 0.0 0.0 0.0 0.0 0.0 0.0 0.0 0.0 
