y
y
15
Direito
0.0 0.0 0.0 0.0 0.0 0.0 0.0 0.0 0.0 0.0 
0.0 0.0 0.0 5.0 6.0 10.0 9.0 0.0 0.0 0.0 
0.0 0.0 2.0 6.0 10.0 11.0 9.0 8.0 0.0 0.0 
0.0 5.0 12.0 5.0 7.0 3.0 8.0 7.0 8.0 0.0 
12.0 11.0 14.0 13.0 6.0 6.0 6.0 4.0 9.0 0.0 
9.0 13.0 14.0 6.0 5.0 5.0 4.0 4.0 9.0 0.0 
0.0 4.0 15.0 5.0 7.0 12.0 6.0 7.0 11.0 0.0 
0.0 0.0 6.0 12.0 11.0 5.0 12.0 4.0 0.0 0.0 
0.0 0.0 0.0 10.0 8.0 7.0 9.0 0.0 0.0 0.0 
0.0 0.0 0.0 0.0 0.0 0.0 0.0 0.0 0.0 0.0 
0.0 0.0 0.0 0.0 0.0 0.0 0.0 0.0 0.0 0.0 
0.0 0.0 0.0 -26.0 -24.0 -20.0 -21.0 0.0 0.0 0.0 
0.0 0.0 30.0 -26.0 -23.0 -21.0 -22.0 -24.0 0.0 0.0 
0.0 27.0 21.0 -28.0 -27.0 -31.0 -25.0 -26.0 -24.0 0.0 
19.0 21.0 20.0 -22.0 -29.0 -29.0 -28.0 0.0 -23.0 0.0 
22.0 19.0 20.0 -29.0 -30.0 -30.0 -30.0 0.0 -23.0 0.0 
0.0 28.0 19.0 -29.0 -28.0 -23.0 -28.0 -26.0 -22.0 0.0 
0.0 0.0 26.0 -21.0 -22.0 -29.0 -21.0 -29.0 0.0 0.0 
0.0 0.0 0.0 -21.0 -23.0 -25.0 -23.0 0.0 0.0 0.0 
0.0 0.0 0.0 0.0 0.0 0.0 0.0 0.0 0.0 0.0 
0.0 0.0 0.0 0.0 0.0 0.0 0.0 0.0 0.0 0.0 
0.0 0.0 0.0 0.5 0.5 0.5 0.5 0.0 0.0 0.0 
0.0 0.0 0.5 0.5 0.5 0.5 0.5 0.5 0.0 0.0 
0.0 0.5 0.5 0.5 0.5 0.5 0.5 0.5 0.5 0.0 
0.5 0.5 0.5 0.5 0.5 0.5 0.5 0.0 0.5 0.0 
0.5 0.5 0.5 0.5 0.5 0.5 0.5 0.0 0.5 0.0 
0.0 0.5 0.5 0.5 0.5 0.5 0.5 0.5 0.5 0.0 
0.0 0.0 0.5 0.5 0.5 0.5 0.5 0.5 0.0 0.0 
0.0 0.0 0.0 0.5 0.5 0.5 0.5 0.0 0.0 0.0 
0.0 0.0 0.0 0.0 0.0 0.0 0.0 0.0 0.0 0.0 
-1.0 -1.0 -1.0 -1.0 -1.0 -1.0 -1.0 -1.0 -1.0 -1.0 
-1.0 -1.0 -1.0 -1.0 -1.0 -1.0 -1.0 -1.0 -1.0 -1.0 
-1.0 -1.0 -1.0 -1.0 -1.0 -1.0 -1.0 -1.0 -1.0 -1.0 
-1.0 -1.0 -1.0 -1.0 -1.0 -1.0 -1.0 -1.0 -1.0 -1.0 
-1.0 -1.0 -1.0 -1.0 -1.0 -1.0 -1.0 -1.0 -1.0 -1.0 
-1.0 -1.0 -1.0 -1.0 -1.0 -1.0 -1.0 -1.0 -1.0 -1.0 
-1.0 -1.0 -1.0 -1.0 -1.0 -1.0 -1.0 -1.0 -1.0 -1.0 
-1.0 -1.0 -1.0 -1.0 -1.0 -1.0 -1.0 -1.0 -1.0 -1.0 
-1.0 -1.0 -1.0 -1.0 -1.0 -1.0 -1.0 -1.0 -1.0 -1.0 
-1.0 -1.0 -1.0 -1.0 -1.0 -1.0 -1.0 -1.0 -1.0 -1.0 
-1.0 -1.0 -1.0 -1.0 -1.0 -1.0 -1.0 -1.0 -1.0 -1.0 
-1.0 -1.0 -1.0 -1.0 -1.0 -1.0 -1.0 -1.0 -1.0 -1.0 
-1.0 -1.0 -1.0 -1.0 -1.0 -1.0 -1.0 -1.0 -1.0 -1.0 
-1.0 -1.0 -1.0 -1.0 -1.0 -1.0 -1.0 -1.0 -1.0 -1.0 
-1.0 -1.0 -1.0 -1.0 -1.0 -1.0 -1.0 -1.0 -1.0 -1.0 
-1.0 -1.0 -1.0 -1.0 -1.0 -1.0 -1.0 -1.0 -1.0 -1.0 
-1.0 -1.0 -1.0 -1.0 -1.0 -1.0 -1.0 -1.0 -1.0 -1.0 
-1.0 -1.0 -1.0 -1.0 -1.0 -1.0 -1.0 -1.0 -1.0 -1.0 
-1.0 -1.0 -1.0 -1.0 -1.0 -1.0 -1.0 -1.0 -1.0 -1.0 
-1.0 -1.0 -1.0 -1.0 -1.0 -1.0 -1.0 -1.0 -1.0 -1.0 
