y
y
35
Direito
0.0 0.0 0.0 0.0 0.0 0.0 0.0 0.0 0.0 0.0 
0.0 0.0 0.0 5.0 6.0 10.0 9.0 0.0 0.0 0.0 
0.0 0.0 2.0 6.0 10.0 11.0 9.0 8.0 0.0 0.0 
0.0 5.0 12.0 5.0 7.0 3.0 8.0 7.0 8.0 0.0 
12.0 11.0 14.0 13.0 6.0 6.0 6.0 4.0 9.0 0.0 
9.0 13.0 14.0 6.0 5.0 5.0 4.0 4.0 9.0 0.0 
0.0 4.0 15.0 5.0 7.0 12.0 6.0 7.0 11.0 0.0 
0.0 0.0 6.0 12.0 11.0 5.0 12.0 4.0 0.0 0.0 
0.0 0.0 0.0 10.0 8.0 7.0 9.0 0.0 0.0 0.0 
0.0 0.0 0.0 0.0 0.0 0.0 0.0 0.0 0.0 0.0 
0.0 0.0 0.0 0.0 0.0 0.0 0.0 0.0 0.0 0.0 
0.0 0.0 0.0 -24.0 -23.0 -19.0 -20.0 0.0 0.0 0.0 
0.0 0.0 29.0 -25.0 -21.0 -20.0 -21.0 -22.0 0.0 0.0 
0.0 25.0 19.0 -27.0 -26.0 -29.0 -24.0 -24.0 -23.0 0.0 
17.0 20.0 19.0 -21.0 -28.0 -28.0 -27.0 0.0 -22.0 0.0 
21.0 18.0 19.0 -28.0 -29.0 -29.0 -29.0 0.0 -22.0 0.0 
0.0 27.0 18.0 -28.0 -27.0 -22.0 -27.0 -25.0 -21.0 0.0 
0.0 0.0 25.0 -20.0 -21.0 -28.0 -20.0 -28.0 0.0 0.0 
0.0 0.0 0.0 -20.0 -22.0 -24.0 -22.0 0.0 0.0 0.0 
0.0 0.0 0.0 0.0 0.0 0.0 0.0 0.0 0.0 0.0 
0.0 0.0 0.0 0.0 0.0 0.0 0.0 0.0 0.0 0.0 
0.0 0.0 0.0 0.5 0.5 0.5 0.5 0.0 0.0 0.0 
0.0 0.0 0.5 0.5 0.5 0.5 0.5 0.5 0.0 0.0 
0.0 0.5 0.5 0.5 0.5 0.5 0.5 0.5 0.5 0.0 
0.5 0.5 0.5 0.5 0.5 0.5 0.5 0.0 0.5 0.0 
0.5 0.5 0.5 0.5 0.5 0.5 0.5 0.0 0.5 0.0 
0.0 0.5 0.5 0.5 0.5 0.5 0.5 0.5 0.5 0.0 
0.0 0.0 0.5 0.5 0.5 0.5 0.5 0.5 0.0 0.0 
0.0 0.0 0.0 0.5 0.5 0.5 0.5 0.0 0.0 0.0 
0.0 0.0 0.0 0.0 0.0 0.0 0.0 0.0 0.0 0.0 
-1.0 -1.0 -1.0 -1.0 -1.0 -1.0 -1.0 -1.0 -1.0 -1.0 
-1.0 -1.0 -1.0 -1.0 -1.0 -1.0 -1.0 -1.0 -1.0 -1.0 
-1.0 -1.0 -1.0 -1.0 -1.0 -1.0 -1.0 -1.0 -1.0 -1.0 
-1.0 -1.0 -1.0 -1.0 -1.0 -1.0 -1.0 -1.0 -1.0 -1.0 
-1.0 -1.0 -1.0 -1.0 -1.0 -1.0 -1.0 -1.0 -1.0 -1.0 
-1.0 -1.0 -1.0 -1.0 -1.0 -1.0 -1.0 -1.0 -1.0 -1.0 
-1.0 -1.0 -1.0 -1.0 -1.0 -1.0 -1.0 -1.0 -1.0 -1.0 
-1.0 -1.0 -1.0 -1.0 -1.0 -1.0 -1.0 -1.0 -1.0 -1.0 
-1.0 -1.0 -1.0 -1.0 -1.0 -1.0 -1.0 -1.0 -1.0 -1.0 
-1.0 -1.0 -1.0 -1.0 -1.0 -1.0 -1.0 -1.0 -1.0 -1.0 
-1.0 -1.0 -1.0 -1.0 -1.0 -1.0 -1.0 -1.0 -1.0 -1.0 
-1.0 -1.0 -1.0 -1.0 -1.0 -1.0 -1.0 -1.0 -1.0 -1.0 
-1.0 -1.0 -1.0 -1.0 -1.0 -1.0 -1.0 -1.0 -1.0 -1.0 
-1.0 -1.0 -1.0 -1.0 -1.0 -1.0 -1.0 -1.0 -1.0 -1.0 
-1.0 -1.0 -1.0 -1.0 -1.0 -1.0 -1.0 -1.0 -1.0 -1.0 
-1.0 -1.0 -1.0 -1.0 -1.0 -1.0 -1.0 -1.0 -1.0 -1.0 
-1.0 -1.0 -1.0 -1.0 -1.0 -1.0 -1.0 -1.0 -1.0 -1.0 
-1.0 -1.0 -1.0 -1.0 -1.0 -1.0 -1.0 -1.0 -1.0 -1.0 
-1.0 -1.0 -1.0 -1.0 -1.0 -1.0 -1.0 -1.0 -1.0 -1.0 
-1.0 -1.0 -1.0 -1.0 -1.0 -1.0 -1.0 -1.0 -1.0 -1.0 
