y
y
25
Esquerdo
0.0 0.0 0.0 0.0 0.0 0.0 0.0 0.0 0.0 0.0 
0.0 0.0 0.0 42.0 22.0 43.0 45.0 0.0 0.0 0.0 
0.0 0.0 44.0 42.0 33.0 48.0 48.0 40.0 0.0 0.0 
0.0 47.0 47.0 42.0 44.0 49.0 49.0 50.0 47.0 0.0 
0.0 35.0 50.0 42.0 45.0 50.0 49.0 50.0 48.0 0.0 
0.0 46.0 14.0 50.0 40.0 49.0 50.0 50.0 48.0 0.0 
0.0 47.0 50.0 50.0 49.0 49.0 50.0 49.0 47.0 0.0 
0.0 0.0 44.0 49.0 49.0 50.0 49.0 44.0 0.0 0.0 
0.0 0.0 0.0 45.0 48.0 32.0 43.0 0.0 0.0 0.0 
0.0 0.0 0.0 0.0 0.0 0.0 0.0 0.0 0.0 0.0 
0.0 0.0 0.0 0.0 0.0 0.0 0.0 0.0 0.0 0.0 
0.0 0.0 0.0 13.0 -7.0 13.0 15.0 0.0 0.0 0.0 
0.0 0.0 13.0 11.0 2.0 17.0 17.0 9.0 0.0 0.0 
0.0 5.0 15.0 9.0 11.0 15.0 16.0 17.0 16.0 0.0 
0.0 3.0 0.0 9.0 11.0 15.0 15.0 17.0 17.0 0.0 
0.0 4.0 0.0 16.0 6.0 14.0 16.0 17.0 17.0 0.0 
0.0 5.0 17.0 16.0 15.0 15.0 16.0 16.0 16.0 0.0 
0.0 0.0 12.0 16.0 16.0 17.0 16.0 12.0 0.0 0.0 
0.0 0.0 0.0 13.0 17.0 1.0 12.0 0.0 0.0 0.0 
0.0 0.0 0.0 0.0 0.0 0.0 0.0 0.0 0.0 0.0 
0.0 0.0 0.0 0.0 0.0 0.0 0.0 0.0 0.0 0.0 
0.0 0.0 0.0 50.0 2.0 50.0 50.0 0.0 0.0 0.0 
0.0 0.0 50.0 50.0 50.0 50.0 50.0 50.0 0.0 0.0 
0.0 50.0 50.0 50.0 50.0 50.0 50.0 50.0 50.0 0.0 
0.0 50.0 0.0 50.0 50.0 50.0 50.0 50.0 50.0 0.0 
0.0 50.0 0.0 50.0 50.0 50.0 50.0 50.0 50.0 0.0 
0.0 50.0 50.0 50.0 50.0 50.0 50.0 50.0 50.0 0.0 
0.0 0.0 50.0 50.0 50.0 50.0 50.0 50.0 0.0 0.0 
0.0 0.0 0.0 50.0 50.0 50.0 50.0 0.0 0.0 0.0 
0.0 0.0 0.0 0.0 0.0 0.0 0.0 0.0 0.0 0.0 
0.0 0.0 0.0 0.0 0.0 0.0 0.0 0.0 0.0 0.0 
0.0 0.0 0.0 -4.0 -24.0 -4.0 -2.0 0.0 0.0 0.0 
0.0 0.0 -3.0 -6.0 -15.0 0.0 0.0 -8.0 0.0 0.0 
0.0 -1.0 -2.0 -7.0 -6.0 -1.0 -1.0 0.0 -1.0 0.0 
0.0 -14.0 0.0 -8.0 -6.0 -1.0 -2.0 0.0 0.0 -6.0 
0.0 -3.0 0.0 -1.0 -11.0 -2.0 -1.0 0.0 0.0 -2.0 
0.0 -2.0 0.0 0.0 -2.0 -2.0 0.0 0.0 -1.0 0.0 
0.0 0.0 -5.0 0.0 -1.0 0.0 0.0 -4.0 0.0 0.0 
0.0 0.0 0.0 -4.0 0.0 -16.0 4.0 0.0 0.0 0.0 
0.0 0.0 0.0 0.0 0.0 0.0 0.0 0.0 0.0 0.0 
0.0 0.0 0.0 0.0 0.0 0.0 0.0 0.0 0.0 0.0 
0.0 0.0 0.0 50.0 0.5 50.0 50.0 0.0 0.0 0.0 
0.0 0.0 50.0 2.0 0.5 50.0 50.0 0.5 0.0 0.0 
0.0 50.0 50.0 0.5 1.0 50.0 50.0 50.0 50.0 0.0 
0.0 0.5 0.0 0.5 0.5 50.0 50.0 50.0 50.0 0.0 
0.0 50.0 0.0 50.0 0.5 50.0 50.0 50.0 50.0 0.0 
0.0 50.0 50.0 50.0 50.0 50.0 50.0 50.0 50.0 0.0 
0.0 0.0 2.0 50.0 50.0 50.0 50.0 5.0 0.0 0.0 
0.0 0.0 0.0 50.0 50.0 0.5 5.0 0.0 0.0 0.0 
0.0 0.0 0.0 0.0 0.0 0.0 0.0 0.0 0.0 0.0 
