y
y
25
Direito
0.0 0.0 0.0 0.0 0.0 0.0 0.0 0.0 0.0 0.0 
0.0 0.0 0.0 31.0 31.0 34.0 35.0 0.0 0.0 0.0 
0.0 0.0 50.0 34.0 34.0 35.0 35.0 36.0 0.0 0.0 
0.0 48.0 47.0 47.0 38.0 37.0 36.0 36.0 37.0 0.0 
42.0 44.0 46.0 50.0 50.0 39.0 37.0 32.0 38.0 0.0 
31.0 47.0 47.0 48.0 50.0 37.0 36.0 5.0 36.0 0.0 
0.0 47.0 50.0 50.0 38.0 37.0 36.0 37.0 39.0 0.0 
0.0 0.0 44.0 35.0 34.0 34.0 34.0 39.0 0.0 0.0 
0.0 0.0 0.0 32.0 31.0 32.0 32.0 0.0 0.0 0.0 
0.0 0.0 0.0 0.0 0.0 0.0 0.0 0.0 0.0 0.0 
0.0 0.0 0.0 0.0 0.0 0.0 0.0 0.0 0.0 0.0 
0.0 0.0 0.0 1.0 1.0 5.0 6.0 0.0 0.0 0.0 
0.0 0.0 18.0 2.0 2.0 4.0 3.0 5.0 0.0 0.0 
0.0 7.0 15.0 14.0 4.0 4.0 3.0 4.0 5.0 0.0 
2.0 2.0 13.0 16.0 15.0 4.0 3.0 0.0 6.0 0.0 
1.0 6.0 14.0 13.0 15.0 3.0 2.0 0.0 4.0 0.0 
0.0 6.0 17.0 16.0 4.0 3.0 2.0 5.0 7.0 0.0 
0.0 0.0 13.0 2.0 2.0 1.0 1.0 6.0 0.0 0.0 
0.0 0.0 0.0 1.0 0.0 1.0 0.0 0.0 0.0 0.0 
0.0 0.0 0.0 0.0 0.0 0.0 0.0 0.0 0.0 0.0 
0.0 0.0 0.0 0.0 0.0 0.0 0.0 0.0 0.0 0.0 
0.0 0.0 0.0 50.0 50.0 50.0 50.0 0.0 0.0 0.0 
0.0 0.0 50.0 50.0 50.0 50.0 50.0 50.0 0.0 0.0 
0.0 50.0 50.0 50.0 50.0 50.0 50.0 50.0 50.0 0.0 
50.0 50.0 50.0 50.0 50.0 50.0 50.0 0.0 50.0 0.0 
50.0 50.0 50.0 50.0 50.0 50.0 50.0 0.0 50.0 0.0 
0.0 50.0 50.0 50.0 50.0 50.0 50.0 50.0 50.0 0.0 
0.0 0.0 50.0 50.0 50.0 50.0 50.0 50.0 0.0 0.0 
0.0 0.0 0.0 50.0 50.0 50.0 50.0 0.0 0.0 0.0 
0.0 0.0 0.0 0.0 0.0 0.0 0.0 0.0 0.0 0.0 
0.0 0.0 0.0 0.0 0.0 0.0 0.0 0.0 0.0 0.0 
0.0 0.0 0.0 -15.0 -14.0 -11.0 -1.0 0.0 0.0 0.0 
0.0 0.0 3.0 -13.0 -13.0 -12.0 12.0 1.0 0.0 0.0 
0.0 1.0 -1.0 -1.0 -11.0 -12.0 12.0 12.0 1.0 0.0 
0.0 -4.0 -2.0 0.0 0.0 -11.0 -12.0 0.0 -1.0 0.0 
0.0 0.0 -2.0 -2.0 0.0 -13.0 13.0 0.0 -11.0 0.0 
0.0 0.0 1.0 0.0 -11.0 -12.0 12.0 11.0 -8.0 0.0 
0.0 0.0 -3.0 -13.0 -14.0 -14.0 -14.0 -9.0 0.0 0.0 
0.0 0.0 0.0 -15.0 -15.0 -15.0 1.0 0.0 0.0 0.0 
0.0 0.0 0.0 0.0 0.0 0.0 0.0 0.0 0.0 0.0 
0.0 0.0 0.0 0.0 0.0 0.0 0.0 0.0 0.0 0.0 
0.0 0.0 0.0 0.5 0.5 1.0 2.0 0.0 0.0 0.0 
0.0 0.0 50.0 0.5 0.5 0.5 0.5 0.5 0.0 0.0 
0.0 50.0 50.0 50.0 0.5 0.5 0.5 0.5 0.5 0.0 
50.0 5.0 50.0 50.0 50.0 0.5 0.5 0.0 0.5 0.0 
1.0 50.0 50.0 50.0 50.0 0.5 0.5 0.0 0.5 0.0 
0.0 50.0 50.0 50.0 0.5 0.5 0.5 0.5 1.0 0.0 
0.0 0.0 50.0 0.5 0.5 0.5 0.5 1.0 0.0 0.0 
0.0 0.0 0.0 0.5 0.5 0.5 0.5 0.0 0.0 0.0 
0.0 0.0 0.0 0.0 0.0 0.0 0.0 0.0 0.0 0.0 
