y
y
5
Esquerdo
0.0 0.0 0.0 0.0 0.0 0.0 0.0 0.0 0.0 0.0 
0.0 0.0 0.0 27.0 39.0 39.0 35.0 0.0 0.0 0.0 
0.0 0.0 48.0 42.0 47.0 42.0 43.0 44.0 0.0 0.0 
0.0 39.0 50.0 50.0 49.0 45.0 45.0 45.0 39.0 0.0 
0.0 46.0 50.0 49.0 46.0 47.0 46.0 46.0 43.0 0.0 
0.0 37.0 38.0 37.0 43.0 39.0 39.0 39.0 36.0 0.0 
0.0 44.0 42.0 46.0 38.0 36.0 37.0 36.0 33.0 0.0 
0.0 0.0 47.0 46.0 41.0 36.0 36.0 31.0 0.0 0.0 
0.0 0.0 0.0 44.0 40.0 33.0 34.0 0.0 0.0 0.0 
0.0 0.0 0.0 0.0 0.0 0.0 0.0 0.0 0.0 0.0 
0.0 0.0 0.0 0.0 0.0 0.0 0.0 0.0 0.0 0.0 
0.0 0.0 0.0 -4.0 8.0 8.0 4.0 0.0 0.0 0.0 
0.0 0.0 16.0 10.0 15.0 8.0 10.0 11.0 0.0 0.0 
0.0 6.0 16.0 16.0 14.0 11.0 10.0 11.0 6.0 0.0 
0.0 3.0 0.0 14.0 11.0 11.0 11.0 12.0 10.0 0.0 
0.0 4.0 0.0 2.0 8.0 3.0 4.0 4.0 3.0 0.0 
0.0 1.0 8.0 12.0 3.0 1.0 3.0 2.0 0.0 0.0 
0.0 0.0 14.0 12.0 7.0 2.0 3.0 -2.0 0.0 0.0 
0.0 0.0 0.0 11.0 8.0 1.0 3.0 0.0 0.0 0.0 
0.0 0.0 0.0 0.0 0.0 0.0 0.0 0.0 0.0 0.0 
0.0 0.0 0.0 0.0 0.0 0.0 0.0 0.0 0.0 0.0 
0.0 0.0 0.0 50.0 50.0 50.0 50.0 0.0 0.0 0.0 
0.0 0.0 50.0 50.0 50.0 50.0 50.0 50.0 0.0 0.0 
0.0 50.0 50.0 50.0 50.0 50.0 50.0 50.0 50.0 0.0 
0.0 50.0 0.0 50.0 50.0 50.0 50.0 50.0 50.0 0.0 
0.0 50.0 0.0 50.0 50.0 50.0 50.0 50.0 50.0 0.0 
0.0 50.0 50.0 50.0 50.0 50.0 50.0 50.0 50.0 0.0 
0.0 0.0 50.0 50.0 50.0 50.0 50.0 50.0 0.0 0.0 
0.0 0.0 0.0 50.0 50.0 50.0 50.0 0.0 0.0 0.0 
0.0 0.0 0.0 0.0 0.0 0.0 0.0 0.0 0.0 0.0 
0.0 0.0 0.0 0.0 0.0 0.0 0.0 0.0 0.0 0.0 
0.0 0.0 0.0 -17.0 -5.0 -6.0 -1.0 0.0 0.0 0.0 
0.0 0.0 2.0 -4.0 1.0 -5.0 -4.0 -2.0 0.0 0.0 
0.0 -8.0 3.0 2.0 1.0 -3.0 -4.0 -3.0 -8.0 0.0 
0.0 -1.0 0.0 0.0 -3.0 -3.0 -3.0 -2.0 -4.0 -8.0 
0.0 -10.0 0.0 -12.0 -6.0 -11.0 -1.0 -1.0 11.0 -11.0 
0.0 -3.0 -5.0 -2.0 -11.0 -13.0 11.0 -11.0 -12.0 0.0 
0.0 0.0 0.0 -2.0 -6.0 -12.0 11.0 -15.0 0.0 0.0 
0.0 0.0 0.0 -2.0 -6.0 -13.0 11.0 0.0 0.0 0.0 
0.0 0.0 0.0 0.0 0.0 0.0 0.0 0.0 0.0 0.0 
0.0 0.0 0.0 0.0 0.0 0.0 0.0 0.0 0.0 0.0 
0.0 0.0 0.0 0.5 5.0 5.0 1.0 0.0 0.0 0.0 
0.0 0.0 50.0 5.0 50.0 2.0 5.0 50.0 0.0 0.0 
0.0 1.0 50.0 50.0 50.0 5.0 5.0 50.0 1.0 0.0 
0.0 50.0 0.0 50.0 50.0 50.0 50.0 50.0 5.0 0.0 
0.0 0.5 0.0 0.5 0.5 0.5 0.5 0.5 0.5 0.0 
0.0 50.0 2.0 50.0 0.5 0.5 0.5 0.5 0.5 0.0 
0.0 0.0 50.0 50.0 1.0 0.5 0.5 0.5 0.0 0.0 
0.0 0.0 0.0 50.0 1.0 0.5 0.5 0.0 0.0 0.0 
0.0 0.0 0.0 0.0 0.0 0.0 0.0 0.0 0.0 0.0 
