y
y
50
Esquerdo
0.0 0.0 0.0 0.0 0.0 0.0 0.0 0.0 0.0 0.0 
0.0 0.0 0.0 2.0 6.0 1.0 3.0 0.0 0.0 0.0 
0.0 0.0 3.0 2.0 0.0 2.0 0.0 7.0 0.0 0.0 
0.0 9.0 3.0 4.0 2.0 4.0 0.0 0.0 5.0 0.0 
0.0 0.0 0.0 6.0 11.0 3.0 5.0 8.0 4.0 0.0 
0.0 0.0 0.0 4.0 3.0 1.0 3.0 3.0 11.0 0.0 
0.0 8.0 4.0 0.0 3.0 0.0 5.0 4.0 3.0 0.0 
0.0 0.0 1.0 12.0 4.0 1.0 0.0 3.0 0.0 0.0 
0.0 0.0 0.0 1.0 8.0 0.0 7.0 0.0 0.0 0.0 
0.0 0.0 0.0 0.0 0.0 0.0 0.0 0.0 0.0 0.0 
0.0 0.0 0.0 0.0 0.0 0.0 0.0 0.0 0.0 0.0 
0.0 0.0 0.0 -25.0 -21.0 -27.0 -25.0 0.0 0.0 0.0 
0.0 0.0 25.0 -27.0 -32.0 -28.0 -32.0 -23.0 0.0 0.0 
0.0 21.0 27.0 -28.0 -29.0 -28.0 -32.0 -33.0 -25.0 0.0 
0.0 -32.0 0.0 -26.0 -22.0 -30.0 -28.0 -24.0 -27.0 0.0 
0.0 -33.0 0.0 -29.0 -30.0 -32.0 -30.0 -29.0 -19.0 0.0 
0.0 23.0 28.0 -32.0 -29.0 -35.0 -28.0 -28.0 -27.0 0.0 
0.0 0.0 30.0 -19.0 -27.0 -31.0 -33.0 -27.0 0.0 0.0 
0.0 0.0 0.0 -29.0 -22.0 -32.0 -23.0 0.0 0.0 0.0 
0.0 0.0 0.0 0.0 0.0 0.0 0.0 0.0 0.0 0.0 
0.0 0.0 0.0 0.0 0.0 0.0 0.0 0.0 0.0 0.0 
0.0 0.0 0.0 0.5 0.5 0.5 0.5 0.0 0.0 0.0 
0.0 0.0 0.5 0.5 0.5 0.5 0.5 0.5 0.0 0.0 
0.0 0.5 0.5 0.5 0.5 0.5 0.5 0.5 0.5 0.0 
0.0 0.5 0.0 0.5 0.5 0.5 0.5 0.5 0.5 0.0 
0.0 0.5 0.0 0.5 0.5 0.5 0.5 0.5 0.5 0.0 
0.0 0.5 0.5 0.5 0.5 0.5 0.5 0.5 0.5 0.0 
0.0 0.0 0.5 0.5 0.5 0.5 0.5 0.5 0.0 0.0 
0.0 0.0 0.0 0.5 0.5 0.5 0.5 0.0 0.0 0.0 
0.0 0.0 0.0 0.0 0.0 0.0 0.0 0.0 0.0 0.0 
-1.0 -1.0 -1.0 -1.0 -1.0 -1.0 -1.0 -1.0 -1.0 -1.0 
-1.0 -1.0 -1.0 -1.0 -1.0 -1.0 -1.0 -1.0 -1.0 -1.0 
-1.0 -1.0 -1.0 -1.0 -1.0 -1.0 -1.0 -1.0 -1.0 -1.0 
-1.0 -1.0 -1.0 -1.0 -1.0 -1.0 -1.0 -1.0 -1.0 -1.0 
-1.0 -1.0 -1.0 -1.0 -1.0 -1.0 -1.0 -1.0 -1.0 -1.0 
-1.0 -1.0 -1.0 -1.0 -1.0 -1.0 -1.0 -1.0 -1.0 -1.0 
-1.0 -1.0 -1.0 -1.0 -1.0 -1.0 -1.0 -1.0 -1.0 -1.0 
-1.0 -1.0 -1.0 -1.0 -1.0 -1.0 -1.0 -1.0 -1.0 -1.0 
-1.0 -1.0 -1.0 -1.0 -1.0 -1.0 -1.0 -1.0 -1.0 -1.0 
-1.0 -1.0 -1.0 -1.0 -1.0 -1.0 -1.0 -1.0 -1.0 -1.0 
-1.0 -1.0 -1.0 -1.0 -1.0 -1.0 -1.0 -1.0 -1.0 -1.0 
-1.0 -1.0 -1.0 -1.0 -1.0 -1.0 -1.0 -1.0 -1.0 -1.0 
-1.0 -1.0 -1.0 -1.0 -1.0 -1.0 -1.0 -1.0 -1.0 -1.0 
-1.0 -1.0 -1.0 -1.0 -1.0 -1.0 -1.0 -1.0 -1.0 -1.0 
-1.0 -1.0 -1.0 -1.0 -1.0 -1.0 -1.0 -1.0 -1.0 -1.0 
-1.0 -1.0 -1.0 -1.0 -1.0 -1.0 -1.0 -1.0 -1.0 -1.0 
-1.0 -1.0 -1.0 -1.0 -1.0 -1.0 -1.0 -1.0 -1.0 -1.0 
-1.0 -1.0 -1.0 -1.0 -1.0 -1.0 -1.0 -1.0 -1.0 -1.0 
-1.0 -1.0 -1.0 -1.0 -1.0 -1.0 -1.0 -1.0 -1.0 -1.0 
-1.0 -1.0 -1.0 -1.0 -1.0 -1.0 -1.0 -1.0 -1.0 -1.0 
