y
y
5
Esquerdo
0.0 0.0 0.0 0.0 0.0 0.0 0.0 0.0 0.0 0.0 
0.0 0.0 0.0 2.0 6.0 1.0 3.0 0.0 0.0 0.0 
0.0 0.0 3.0 2.0 0.0 2.0 0.0 7.0 0.0 0.0 
0.0 9.0 3.0 4.0 2.0 4.0 0.0 0.0 5.0 0.0 
0.0 0.0 0.0 6.0 11.0 3.0 5.0 8.0 4.0 0.0 
0.0 0.0 0.0 4.0 3.0 1.0 3.0 3.0 11.0 0.0 
0.0 8.0 4.0 0.0 3.0 0.0 5.0 4.0 3.0 0.0 
0.0 0.0 1.0 12.0 4.0 1.0 0.0 3.0 0.0 0.0 
0.0 0.0 0.0 1.0 8.0 0.0 7.0 0.0 0.0 0.0 
0.0 0.0 0.0 0.0 0.0 0.0 0.0 0.0 0.0 0.0 
0.0 0.0 0.0 0.0 0.0 0.0 0.0 0.0 0.0 0.0 
0.0 0.0 0.0 -29.0 -24.0 -30.0 -29.0 0.0 0.0 0.0 
0.0 0.0 29.0 -30.0 -35.0 -31.0 -35.0 -26.0 0.0 0.0 
0.0 24.0 30.0 -30.0 -32.0 -31.0 -34.0 -36.0 -28.0 0.0 
0.0 -35.0 0.0 -29.0 -25.0 -32.0 -30.0 -27.0 -29.0 0.0 
0.0 -35.0 0.0 -31.0 -32.0 -34.0 -32.0 -32.0 -22.0 0.0 
0.0 25.0 30.0 -34.0 -32.0 -37.0 -30.0 -30.0 -29.0 0.0 
0.0 0.0 32.0 -22.0 -29.0 -33.0 -35.0 -30.0 0.0 0.0 
0.0 0.0 0.0 -32.0 -24.0 -34.0 -25.0 0.0 0.0 0.0 
0.0 0.0 0.0 0.0 0.0 0.0 0.0 0.0 0.0 0.0 
0.0 0.0 0.0 0.0 0.0 0.0 0.0 0.0 0.0 0.0 
0.0 0.0 0.0 0.5 0.5 0.5 0.5 0.0 0.0 0.0 
0.0 0.0 0.5 0.5 0.5 0.5 0.5 0.5 0.0 0.0 
0.0 0.5 0.5 0.5 0.5 0.5 0.5 0.5 0.5 0.0 
0.0 0.5 0.0 0.5 0.5 0.5 0.5 0.5 0.5 0.0 
0.0 0.5 0.0 0.5 0.5 0.5 0.5 0.5 0.5 0.0 
0.0 0.5 0.5 0.5 0.5 0.5 0.5 0.5 0.5 0.0 
0.0 0.0 0.5 0.5 0.5 0.5 0.5 0.5 0.0 0.0 
0.0 0.0 0.0 0.5 0.5 0.5 0.5 0.0 0.0 0.0 
0.0 0.0 0.0 0.0 0.0 0.0 0.0 0.0 0.0 0.0 
-1.0 -1.0 -1.0 -1.0 -1.0 -1.0 -1.0 -1.0 -1.0 -1.0 
-1.0 -1.0 -1.0 -1.0 -1.0 -1.0 -1.0 -1.0 -1.0 -1.0 
-1.0 -1.0 -1.0 -1.0 -1.0 -1.0 -1.0 -1.0 -1.0 -1.0 
-1.0 -1.0 -1.0 -1.0 -1.0 -1.0 -1.0 -1.0 -1.0 -1.0 
-1.0 -1.0 -1.0 -1.0 -1.0 -1.0 -1.0 -1.0 -1.0 -1.0 
-1.0 -1.0 -1.0 -1.0 -1.0 -1.0 -1.0 -1.0 -1.0 -1.0 
-1.0 -1.0 -1.0 -1.0 -1.0 -1.0 -1.0 -1.0 -1.0 -1.0 
-1.0 -1.0 -1.0 -1.0 -1.0 -1.0 -1.0 -1.0 -1.0 -1.0 
-1.0 -1.0 -1.0 -1.0 -1.0 -1.0 -1.0 -1.0 -1.0 -1.0 
-1.0 -1.0 -1.0 -1.0 -1.0 -1.0 -1.0 -1.0 -1.0 -1.0 
-1.0 -1.0 -1.0 -1.0 -1.0 -1.0 -1.0 -1.0 -1.0 -1.0 
-1.0 -1.0 -1.0 -1.0 -1.0 -1.0 -1.0 -1.0 -1.0 -1.0 
-1.0 -1.0 -1.0 -1.0 -1.0 -1.0 -1.0 -1.0 -1.0 -1.0 
-1.0 -1.0 -1.0 -1.0 -1.0 -1.0 -1.0 -1.0 -1.0 -1.0 
-1.0 -1.0 -1.0 -1.0 -1.0 -1.0 -1.0 -1.0 -1.0 -1.0 
-1.0 -1.0 -1.0 -1.0 -1.0 -1.0 -1.0 -1.0 -1.0 -1.0 
-1.0 -1.0 -1.0 -1.0 -1.0 -1.0 -1.0 -1.0 -1.0 -1.0 
-1.0 -1.0 -1.0 -1.0 -1.0 -1.0 -1.0 -1.0 -1.0 -1.0 
-1.0 -1.0 -1.0 -1.0 -1.0 -1.0 -1.0 -1.0 -1.0 -1.0 
-1.0 -1.0 -1.0 -1.0 -1.0 -1.0 -1.0 -1.0 -1.0 -1.0 
