1,3-1.5759163931769788 22.016577798521855 50.00485715593976
1,4-4.549751761115948 22.482931856576233 50.00012998485538
1,5-0.672344120782061 26.72062936888419 50.02943943666271
1,6-0.6925654310047018 17.30731768201416 50.024213540133736
2,2-0.40835032920553394 29.255932692933065 50.08422897208662
2,3-0.43734353737714254 25.104810963905308 50.05981437871271
2,4-0.7011120579601117 24.276411396655806 50.03083204939799
2,5-0.4667420718267463 28.1668942828499 50.09005763930799
2,6-0.706164233034712 29.497578753657095 50.00935925674293
2,7-2.3814456895845613 21.92955378564337 50.000062969852486
3,1-0.5367580169737107 28.14409413945414 50.05880576070817
3,2-0.41488678443950444 29.413144335825045 50.06803310935269
3,3-0.5084527933751049 29.836560607895827 50.029911792846065
3,4-0.5102928450426538 31.593809068940757 50.04718553437402
3,5-0.38038368852526927 30.16309516979359 50.16249755569952
3,6-0.47602136852356336 29.086073944481626 50.0604727128882
3,7-0.4358740630287986 26.772354618573182 50.060253625237166
3,8-0.5703978354140851 27.92624188349557 50.03403902142932
4,1-0.7607394330442827 27.049296036453192 50.03078762396065
4,3-0.6554465082088732 30.992661408703718 50.009993253713006
4,4-0.40831963006876393 31.680542412175598 50.13016478247455
4,5-0.43023557882817387 32.15963729243333 50.108915434804985
4,6-0.39314536241755016 29.752247582430687 50.11952324352737
4,7-0.48410147389110025 29.063699678359765 50.05143446657276
4,8-0.5455095140545196 30.101377304157054 50.05529265564924
5,1-0.5504407156164537 26.790207187238913 50.05416034729295
5,3-0.5340006886089403 26.029445299791718 50.03642561655953
5,4-0.7627424095384896 30.018358286061424 50.00692206185596
5,5-0.931067008820391 28.93451800766537 50.003767219531824
5,6-0.7517757206792322 28.102355776996003 50.01078075865952
5,7-0.6527457204833265 27.722237739557045 50.03711119484571
5,8-1.2011140108452345 25.825694006138004 50.00073761009115
6,1-0.5340216951169114 30.2632292551922 50.038185953246085
6,2-0.49925430878629773 28.868713258465796 50.0207714504113
6,3-0.33433698287146263 30.475908435501292 50.123985634905935
6,4-0.6877183806284719 28.550904636038403 50.03761973269205
6,5-0.5387497143482456 25.80005456182154 50.0808886913898
6,6-0.6260050118024572 26.1464884000388 50.040097147397134
6,7-0.48724838899557377 23.877819292413733 50.06783631822236
6,8-0.6127450658208473 23.238057144947348 50.036412662613955
7,2-0.500395540424418 32.648245080551874 50.057487313374324
7,3-0.342612578630465 30.690185202562176 50.129428765017146
7,4-0.6354152212750228 26.922414722081616 50.022398656416
7,5-1.0271786698466547 27.47295408439674 50.00393457140453
7,6-1.0953824098338147 27.194478283131424 50.00323140039167
7,7-0.702280863992226 22.2269448284746 50.02784479213001
8,3-0.38210338286659595 26.81680136056165 50.069008617281405
8,4-0.6016599854359328 25.11424929672642 50.0345495785389
8,5-2.7690052224283317 27.79350610584038 50.00011040850424
8,6-0.7162634132901362 24.015308409846615 50.05054878760902
