#head
personName-Luiza
birthdate-23/03/1992
age-23
date-26/02/2016
stimulus-0
blindspot-1
blindspotsize-1
time-17:41:53
strategy-1
timetest-221
#lefteye
fneg-10
fnegtests-10
fpos-0
fpostests-10
fixationlosses-5
fixationlossestests-10
firings-251
visualfield- 
0,0 0,0 0,0 0,0 0,0 0,0 0,0 0,0 0,0 0,0
0,0 0,0 0,0 0,4 0,4 0,4 0,4 0,0 0,0 0,0
0,0 0,0 0,4 0,4 0,4 0,4 0,4 0,4 0,0 0,0
0,0 0,4 0,4 0,6 0,4 0,4 0,6 0,4 0,4 0,0
0,0 0,0 0,4 0,4 0,4 0,4 0,4 0,4 0,4 0,0
0,0 0,4 0,4 0,4 0,4 0,4 0,4 0,4 0,4 0,0
0,0 0,4 0,4 0,6 0,4 0,4 0,6 0,4 0,4 0,0
0,0 0,0 0,4 0,4 0,4 0,4 0,4 0,4 0,0 0,0
0,0 0,0 0,0 0,4 0,5 0,4 0,4 0,0 0,0 0,0
0,0 0,0 0,0 0,0 0,0 0,0 0,0 0,0 0,0 0,0
minintensity- 
1.0 1.0 1.0 1.0 1.0 1.0 1.0 1.0 1.0 1.0
1.0 1.0 1.0 32 30 30 32 1.0 1.0 1.0
1.0 1.0 34 32 32 33 33 30 1.0 1.0
1.0 31 33 32 34 33 35 33 31 1.0
1.0 30 17 32 35 35 34 32 27 1.0
1.0 29 30 31 34 34 33 31 26 1.0
1.0 30 32 31 33 32 30 30 29 1.0
1.0 1.0 32 31 31 30 29 29 1.0 1.0
1.0 1.0 1.0 27 29 28 26 1.0 1.0 1.0
1.0 1.0 1.0 1.0 1.0 1.0 1.0 1.0 1.0 1.0
deviation- 
0.0 0.0 0.0 0.0 0.0 0.0 0.0 0.0 0.0 0.0
0.0 0.0 0.0 0.0 0.0 0.0 0.0 0.0 0.0 0.0
0.0 0.0 0.0 0.0 0.0 0.0 0.0 0.0 0.0 0.0
0.0 0.0 0.0 0.0 0.0 0.0 0.0 0.0 0.0 0.0
0.0 0.0 0.0 0.0 0.0 0.0 0.0 0.0 0.0 0.0
0.0 0.0 0.0 0.0 0.0 0.0 0.0 0.0 0.0 0.0
0.0 0.0 0.0 0.0 0.0 0.0 0.0 0.0 0.0 0.0
0.0 0.0 0.0 0.0 0.0 0.0 0.0 0.0 0.0 0.0
0.0 0.0 0.0 0.0 0.0 0.0 0.0 0.0 0.0 0.0
0.0 0.0 0.0 0.0 0.0 0.0 0.0 0.0 0.0 0.0
pointenable- 
n n n n n n n n n n
n n n y y y y n n n
n n y y y y y y n n
n y y y y y y y y n
n y y y y y y y y n
n y y y y y y y y n
n y y y y y y y y n
n n y y y y y y n n
n n n y y y y n n n
n n n n n n n n n n
#righteye
fneg-0
fnegtests-10
fpos-1013720
fpostests-1013729
fixationlosses-0
fixationlossestests-10
firings-220
visualfield- 
0,0 0,0 0,0 0,0 0,0 0,0 0,0 0,0 0,0 0,0
0,0 0,0 0,0 3,4 3,3 3,3 3,3 0,0 0,0 0,0
0,0 0,0 3,3 3,3 3,3 3,3 3,3 3,3 0,0 0,0
0,0 3,4 3,3 5,5 3,3 2,3 5,5 3,3 4,4 0,0
0,0 4,4 3,3 3,3 3,3 3,3 3,3 0,0 5,5 0,0
0,0 3,4 3,3 3,3 3,3 3,3 4,4 3,3 5,5 0,0
0,0 3,4 3,3 5,5 3,3 4,4 5,5 4,4 4,5 0,0
0,0 0,0 3,3 3,3 3,3 3,3 3,3 4,4 0,0 0,0
0,0 0,0 0,0 3,4 3,4 3,4 4,5 0,0 0,0 0,0
0,0 0,0 0,0 0,0 0,0 0,0 0,0 0,0 0,0 0,0
minintensity- 
1.0 1.0 1.0 1.0 1.0 1.0 1.0 1.0 1.0 1.0
1.0 1.0 1.0 30 31 32 32 1.0 1.0 1.0 
1.0 1.0 30 32 31 32 32 32 1.0 1.0 
1.0 31 33 35 33 33 33 31 32 1.0 
1.0 31 31 35 34 33 34 13 32 1.0                                                                                                                       
1.0 31 32 32 33 34 33 29 33 1.0 
1.0 31 32 33 33 32 30 31 32 1.0
1.0 1.0 31 31 31 31 30 30 1.0 1.0
1.0 1.0 1.0 30 29 27 29 1.0 1.0 1.0
1.0 1.0 1.0 1.0 1.0 1.0 1.0 1.0 1.0 1.0
deviation- 
0.0 0.0 0.0 0.0 0.0 0.0 0.0 0.0 0.0 0.0
0.0 0.0 0.0 0.0 0.0 0.0 0.0 0.0 0.0 0.0
0.0 0.0 0.0 0.0 0.0 0.0 0.0 0.0 0.0 0.0
0.0 0.0 0.0 0.0 0.0 0.0 0.0 0.0 0.0 0.0
0.0 0.0 0.0 0.0 0.0 0.0 0.0 0.0 0.0 0.0
0.0 0.0 0.0 0.0 0.0 0.0 0.0 0.0 0.0 0.0
0.0 0.0 0.0 0.0 0.0 0.0 0.0 0.0 0.0 0.0
0.0 0.0 0.0 0.0 0.0 0.0 0.0 0.0 0.0 0.0
0.0 0.0 0.0 0.0 0.0 0.0 0.0 0.0 0.0 0.0
0.0 0.0 0.0 0.0 0.0 0.0 0.0 0.0 0.0 0.0
pointenable- 
n n n n n n n n n n
n n n y y y y n n n
n n y y y y y y n n
n y y y y y y y y n
n y y y y y y y y n
n y y y y y y y y n
n y y y y y y y y n
n n y y y y y y n n
n n n y y y y n n n
n n n n n n n n n n