v1.0
#head
personName-Henrique
birthdate-01/01/1990
age-26
date-13/04/2016
stimulus-0
blindspot-1
blindspotsize-1
time-12:00:00
strategy-1
#righteye
timetest-209
fneg-0
fnegtests-7
fpos-0
fpostests-3
fixationlosses-2
fixationlossestests-10
firings-209
visualfield- 
0,0 0,0 0,0 0,0 0,0 0,0 0,0 0,0 0,0 0,0
0,0 0,0 0,0 2,4 2,3 2,3 3,3 0,0 0,0 0,0
0,0 0,0 3,3 3,3 3,3 3,3 3,3 2,3 0,0 0,0
0,0 3,4 3,3 3,3 3,3 2,3 3,3 3,3 3,4 0,0
0,0 3,4 3,3 3,3 3,3 3,3 3,3 0,0 0,0 0,0
0,0 3,4 3,3 3,3 3,3 3,3 4,4 0,0 0,0 0,0
0,0 3,4 3,3 3,3 3,3 4,4 5,5 4,4 4,5 0,0
0,0 0,0 2,3 3,3 2,3 3,3 2,3 4,4 0,0 0,0
0,0 0,0 0,0 3,4 3,4 2,4 4,5 0,0 0,0 0,0
0,0 0,0 0,0 0,0 0,0 0,0 0,0 0,0 0,0 0,0
minintensity- 
1.0 1.0 1.0 1.0 1.0 1.0 1.0 1.0 1.0 1.0
1.0 1.0 1.0 0.23919700027024995 0.25494440489607906 0.34263521780504874 0.25947857964100673 1.0 1.0 1.0
1.0 1.0 0.2591909337909746 0.2281779604776488 0.25669796011244755 0.22691160050897274 0.24827945184121827 0.21654801715637578 1.0 1.0
1.0 0.23709478275845758 0.22981851780681078 0.22890955309829847 0.22392686342284054 0.21807764041257127 0.2158005397210414 0.2258067551691347 0.23264123288764493 1.0
1.0 0.23128047135615684 0.2224497979734237 0.2233582318937528 0.22204969420252216 0.22355519138405844 0.22581001689281674 0.22755949287397417 0.2550666830101153 1.0
1.0 0.23010855046635112 0.22561691730777664 0.22299805355221936 0.22270707034639178 0.2222883376890736 0.22325355245520057 0.2550666830101153 0.3375882385154296 1.0
1.0 0.278666988233035 0.22750384611678254 0.22557184697376148 0.22423649615967167 0.24823070744036754 0.22552212503725666 0.22977678716205008 0.255468327936416 1.0
1.0 1.0 0.23056011012819067 0.22782868873624693 0.2221382449094255 0.22634917005892466 0.22287799678820322 0.25003622454547225 1.0 1.0
1.0 1.0 1.0 0.3079765591222208 0.2611905826505501 0.2611905826505501 0.23072230009394087 1.0 1.0 1.0
1.0 1.0 1.0 1.0 1.0 1.0 1.0 1.0 1.0 1.0
deviation- 
0.0 0.0 0.0 0.0 0.0 0.0 0.0 0.0 0.0 0.0
0.0 0.0 0.0 0.0 0.0 0.0 0.0 0.0 0.0 0.0
0.0 0.0 0.0 0.0 0.0 0.0 0.0 0.0 0.0 0.0
0.0 0.0 0.0 0.0 0.0 0.0 0.0 0.0 0.0 0.0
0.0 0.0 0.0 0.0 0.0 0.0 0.0 0.0 0.0 0.0
0.0 0.0 0.0 0.0 0.0 0.0 0.0 0.0 0.0 0.0
0.0 0.0 0.0 0.0 0.0 0.0 0.0 0.0 0.0 0.0
0.0 0.0 0.0 0.0 0.0 0.0 0.0 0.0 0.0 0.0
0.0 0.0 0.0 0.0 0.0 0.0 0.0 0.0 0.0 0.0
0.0 0.0 0.0 0.0 0.0 0.0 0.0 0.0 0.0 0.0
pointenable- 
n n n n n n n n n n
n n n y y y y n n n
n n y y y y y y n n
n y y y y y y y y n
n y y y y y y y y n
n y y y y y y y y n
n y y y y y y y y n
n n y y y y y y n n
n n n y y y y n n n
n n n n n n n n n n
