#head
personName-Guilherme
birthdate-01/01/1990
age-26
date-13/04/2016
stimulus-0
blindspot-1
blindspotsize-1
time-10:35:42
strategy-1
#lefteye
timetest-201
fneg-0
fnegtests-7
fpos-1
fpostests-3
fixationlosses-2
fixationlossestests-10
firings-201
visualfield- 
0,0 0,0 0,0 0,0 0,0 0,0 0,0 0,0 0,0 0,0
0,0 0,0 0,0 4,4 2,3 3,3 2,3 0,0 0,0 0,0
0,0 0,0 3,3 2,3 2,3 3,3 3,3 2,3 0,0 0,0
0,0 3,4 2,3 3,3 3,3 3,3 2,3 3,3 3,4 0,0
0,0 0,0 0,0 3,3 3,3 3,3 3,3 4,4 3,4 0,0
0,0 0,0 0,0 2,3 3,3 3,3 4,4 4,4 3,4 0,0
0,0 4,4 3,3 3,3 3,3 4,4 5,5 4,4 4,5 0,0
0,0 0,0 3,3 3,3 3,3 3,3 2,3 3,4 0,0 0,0
0,0 0,0 0,0 3,4 4,4 3,4 3,4 0,0 0,0 0,0
0,0 0,0 0,0 0,0 0,0 0,0 0,0 0,0 0,0 0,0
minintensity- 
1.0 1.0 1.0 1.0 1.0 1.0 1.0 1.0 1.0 1.0
1.0 1.0 1.0 0.2157240641535058 0.2605800067994675 0.23052432322106509 0.2301829491386022 1.0 1.0 1.0
1.0 1.0 0.23027259212757323 0.2548394342246287 0.24347272408669743 0.22606690937653867 0.22260006278446962 0.2497244146625596 1.0 1.0
1.0 0.21578915750725922 0.2546576885428907 0.2254513394580022 0.22411670352805987 0.22410250527348602 0.25069637551678536 0.22965402281186303 0.23692352915367643 1.0
1.0 0.2300784756041332 0.3022712547260168 0.22296890800092306 0.22267796125434128 0.222259281789748 0.22322437343694607 0.22752974829496692 0.2550333432050607 1.0
1.0 0.21563819963510458 0.22242072175279032 0.24663193322131569 0.22202066997624037 0.22352596457669546 0.22578050019260998 0.22752974829496692 0.2550333432050607 1.0
1.0 0.21853751808207472 0.22969573018467374 0.22878726373967478 0.22380722594789537 0.21796112995450137 0.21568525337600225 0.2256861174122826 0.23251695142192666 1.0
1.0 1.0 0.22955872471237382 0.22789340871213035 0.22831379105716076 0.22662862979669418 0.22410978549251281 0.2483344479760127 1.0 1.0
1.0 1.0 1.0 0.23863783338092892 0.2184285675401271 0.2408588172452532 0.2394042232574261 1.0 1.0 1.0
1.0 1.0 1.0 1.0 1.0 1.0 1.0 1.0 1.0 1.0
deviation- 
0.0 0.0 0.0 0.0 0.0 0.0 0.0 0.0 0.0 0.0
0.0 0.0 0.0 0.0 0.0 0.0 0.0 0.0 0.0 0.0
0.0 0.0 0.0 0.0 0.0 0.0 0.0 0.0 0.0 0.0
0.0 0.0 0.0 0.0 0.0 0.0 0.0 0.0 0.0 0.0
0.0 0.0 0.0 0.0 0.0 0.0 0.0 0.0 0.0 0.0
0.0 0.0 0.0 0.0 0.0 0.0 0.0 0.0 0.0 0.0
0.0 0.0 0.0 0.0 0.0 0.0 0.0 0.0 0.0 0.0
0.0 0.0 0.0 0.0 0.0 0.0 0.0 0.0 0.0 0.0
0.0 0.0 0.0 0.0 0.0 0.0 0.0 0.0 0.0 0.0
0.0 0.0 0.0 0.0 0.0 0.0 0.0 0.0 0.0 0.0
pointenable- 
n n n n n n n n n n
n n n y y y y n n n
n n y y y y y y n n
n y y y y y y y y n
n y y y y y y y y n
n y y y y y y y y n
n y y y y y y y y n
n n y y y y y y n n
n n n y y y y n n n
n n n n n n n n n n
#righteye
timetest-221
fneg-1
fnegtests-7
fpos-5
fpostests-7
fixationlosses-2
fixationlossestests-10
firings-221
visualfield- 
0,0 0,0 0,0 0,0 0,0 0,0 0,0 0,0 0,0 0,0
0,0 0,0 0,0 3,4 3,3 3,3 3,3 0,0 0,0 0,0
0,0 0,0 3,3 4,5 2,3 3,3 2,3 3,3 0,0 0,0
0,0 4,4 3,3 3,3 3,3 3,3 3,3 2,3 3,4 0,0
0,0 4,4 3,3 3,3 3,3 2,3 2,3 0,0 0,0 0,0
0,0 3,4 3,3 3,3 3,3 3,3 4,4 0,0 0,0 0,0
0,0 2,4 3,3 3,3 3,3 4,4 3,5 3,4 5,5 0,0
0,0 0,0 3,3 2,3 3,3 2,3 3,3 3,4 0,0 0,0
0,0 0,0 0,0 3,4 3,4 3,4 3,5 0,0 0,0 0,0
0,0 0,0 0,0 0,0 0,0 0,0 0,0 0,0 0,0 0,0
minintensity- 
1.0 1.0 1.0 1.0 1.0 1.0 1.0 1.0 1.0 1.0
1.0 1.0 1.0 0.23097948866434892 0.23052432322106509 0.23052432322106509 0.2301829491386022 1.0 1.0 1.0
1.0 1.0 0.23027259212757323 0.3382150366169595 0.24347272408669743 0.22606690937653867 0.24495039640462848 0.22498707191343517 1.0 1.0
1.0 0.21578915750725922 0.22738230208004637 0.2254513394580022 0.22411670352805987 0.22410250527348602 0.22540164556699369 0.25920113000652406 0.23692352915367643 1.0
1.0 0.21505231449450318 0.22558742872015905 0.22296890800092306 0.22267796125434128 0.222259281789748 0.24642259348901904 0.7100928183345175 0.3100405330252484 1.0
1.0 0.23125024588533602 0.22242072175279032 0.2233290433030944 0.22202066997624037 0.22352596457669546 0.22578050019260998 0.22752974829496692 0.22752974829496692 1.0
1.0 0.3291211328713109 0.22969573018467374 0.22878726373967478 0.22380722594789537 0.21796112995450137 0.26242026665240287 0.25126531920736317 0.21631193351956432 1.0
1.0 1.0 0.22955872471237382 0.22789340871213035 0.22831379105716076 0.279386431061461 0.22410978549251281 0.2483344479760127 1.0 1.0
1.0 1.0 1.0 0.23863783338092892 0.2363884954375915 0.2408588172452532 0.2394042232574261 1.0 1.0 1.0
1.0 1.0 1.0 1.0 1.0 1.0 1.0 1.0 1.0 1.0
deviation- 
0.0 0.0 0.0 0.0 0.0 0.0 0.0 0.0 0.0 0.0
0.0 0.0 0.0 0.0 0.0 0.0 0.0 0.0 0.0 0.0
0.0 0.0 0.0 0.0 0.0 0.0 0.0 0.0 0.0 0.0
0.0 0.0 0.0 0.0 0.0 0.0 0.0 0.0 0.0 0.0
0.0 0.0 0.0 0.0 0.0 0.0 0.0 0.0 0.0 0.0
0.0 0.0 0.0 0.0 0.0 0.0 0.0 0.0 0.0 0.0
0.0 0.0 0.0 0.0 0.0 0.0 0.0 0.0 0.0 0.0
0.0 0.0 0.0 0.0 0.0 0.0 0.0 0.0 0.0 0.0
0.0 0.0 0.0 0.0 0.0 0.0 0.0 0.0 0.0 0.0
0.0 0.0 0.0 0.0 0.0 0.0 0.0 0.0 0.0 0.0
pointenable- 
n n n n n n n n n n
n n n y y y y n n n
n n y y y y y y n n
n y y y y y y y y n
n y y y y y y y y n
n y y y y y y y y n
n y y y y y y y y n
n n y y y y y y n n
n n n y y y y n n n
n n n n n n n n n n
