v1.0
#head
personName-Jeronimo
birthdate-01/01/1990
age-26
date-08/04/2016
stimulus-0
blindspot-1
blindspotsize-1
time-00:00:00
strategy-1
#lefteye
timetest-210
fneg-0
fnegtests-7
fpos-3
fpostests-6
fixationlosses-0
fixationlossestests-10
firings-210
visualfield- 
0,0 0,0 0,0 0,0 0,0 0,0 0,0 0,0 0,0 0,0
0,0 0,0 0,0 3,4 3,3 3,3 2,3 0,0 0,0 0,0
0,0 0,0 3,3 2,3 3,3 3,3 4,5 3,3 0,0 0,0
0,0 3,4 2,3 3,3 3,3 3,3 3,3 3,3 3,4 0,0
0,0 0,0 0,0 3,3 3,3 3,3 3,3 4,4 4,4 0,0
0,0 0,0 0,0 3,3 3,3 3,3 4,4 4,4 4,4 0,0
0,0 3,4 3,3 3,3 3,3 4,4 5,5 3,4 5,5 0,0
0,0 0,0 3,3 2,3 3,3 3,3 3,3 4,4 0,0 0,0
0,0 0,0 0,0 4,4 3,4 4,5 3,4 0,0 0,0 0,0
0,0 0,0 0,0 0,0 0,0 0,0 0,0 0,0 0,0 0,0
minintensity- 
1.0 1.0 1.0 1.0 1.0 1.0 1.0 1.0 1.0 1.0
1.0 1.0 1.0 0.22006767949011477 0.23694238452202027 0.24142319266408727 0.23996517764269001 1.0 1.0 1.0
1.0 1.0 0.22984534885884686 0.2281779604776488 0.22859886201958332 0.22691160050897274 0.2243896078839687 0.21654801715637578 1.0 1.0
1.0 0.2555352400956465 0.22981851780681078 0.22890955309829847 0.22392686342284054 0.21807764041257127 0.2158005397210414 0.2513996273450632 0.21642755794042556 1.0
1.0 0.21566639449854952 0.2224497979734237 0.2233582318937528 0.22204969420252216 0.22355519138405844 0.22581001689281674 0.22755949287397417 0.22755949287397417 1.0
1.0 0.23010855046635112 0.8832887984750335 0.22299805355221936 0.22270707034639178 0.2222883376890736 0.22325355245520057 0.22755949287397417 0.22755949287397417 1.0
1.0 0.278666988233035 0.2820837723639353 0.22557184697376148 0.22423649615967167 0.22422230267135007 0.22552212503725666 0.22977678716205008 0.23705017465230394 1.0
1.0 1.0 0.23056011012819067 0.28248656819483625 0.2221382449094255 0.22634917005892466 0.3188345517298824 0.22526799423609567 1.0 1.0
1.0 1.0 1.0 0.2315207080860815 0.23106447068026487 0.23106447068026487 0.26050624147790213 1.0 1.0 1.0
1.0 1.0 1.0 1.0 1.0 1.0 1.0 1.0 1.0 1.0
deviation- 
0.0 0.0 0.0 0.0 0.0 0.0 0.0 0.0 0.0 0.0
0.0 0.0 0.0 0.0 0.0 0.0 0.0 0.0 0.0 0.0
0.0 0.0 0.0 0.0 0.0 0.0 0.0 0.0 0.0 0.0
0.0 0.0 0.0 0.0 0.0 0.0 0.0 0.0 0.0 0.0
0.0 0.0 0.0 0.0 0.0 0.0 0.0 0.0 0.0 0.0
0.0 0.0 0.0 0.0 0.0 0.0 0.0 0.0 0.0 0.0
0.0 0.0 0.0 0.0 0.0 0.0 0.0 0.0 0.0 0.0
0.0 0.0 0.0 0.0 0.0 0.0 0.0 0.0 0.0 0.0
0.0 0.0 0.0 0.0 0.0 0.0 0.0 0.0 0.0 0.0
0.0 0.0 0.0 0.0 0.0 0.0 0.0 0.0 0.0 0.0
pointenable- 
n n n n n n n n n n
n n n y y y y n n n
n n y y y y y y n n
n y y y y y y y y n
n y y y y y y y y n
n y y y y y y y y n
n y y y y y y y y n
n n y y y y y y n n
n n n y y y y n n n
n n n n n n n n n n
