v1.0
#head
personName-Lizeth
birthdate-01/01/1990
age-26
date-07/04/2016
stimulus-0
blindspot-1
blindspotsize-1
time-00:00:00
strategy-1
#righteye
timetest-211
fneg-2
fnegtests-7
fpos-3
fpostests-5
fixationlosses-6
fixationlossestests-10
firings-211
visualfield- 
0,0 0,0 0,0 0,0 0,0 0,0 0,0 0,0 0,0 0,0
0,0 0,0 0,0 4,5 2,3 2,3 4,5 0,0 0,0 0,0
0,0 0,0 2,3 2,3 2,3 2,3 2,3 2,3 0,0 0,0
0,0 3,4 2,3 2,3 3,3 3,3 2,3 3,3 4,6 0,0
0,0 0,0 0,0 3,3 2,3 3,3 3,3 4,4 3,8 0,0
0,0 0,0 0,0 2,3 3,3 3,3 3,4 3,4 2,4 0,0
0,0 3,4 3,3 3,3 3,3 3,4 4,5 3,4 3,5 0,0
0,0 0,0 1,3 2,3 2,3 3,3 2,3 3,4 0,0 0,0
0,0 0,0 0,0 1,4 3,4 3,4 3,4 0,0 0,0 0,0
0,0 0,0 0,0 0,0 0,0 0,0 0,0 0,0 0,0 0,0
minintensity- 
1.0 1.0 1.0 1.0 1.0 1.0 1.0 1.0 1.0 1.0
1.0 1.0 1.0 0.31571425351863674 0.25494440489607906 0.24142319266408727 0.23996517764269001 1.0 1.0 1.0
1.0 1.0 0.3178821334947637 0.2835343535795081 0.25669796011244755 0.22691160050897274 0.2243896078839687 0.2807410151552356 1.0 1.0
1.0 0.23709478275845758 0.22981851780681078 0.22890955309829847 0.22392686342284054 0.23594139783193635 0.23138721135800303 0.2513996273450632 0.2650686126003365 1.0
1.0 0.26250863997448065 0.28964228368019573 0.24666417595278173 0.22204969420252216 0.22355519138405844 0.277325430299675 0.2550666830101153 0.3926026187877118 1.0
1.0 0.37779232621809955 1.0 0.22299805355221936 0.24536183795495053 0.2222883376890736 0.22325355245520057 0.22755949287397417 0.8189640584463448 1.0
1.0 0.23159513403461354 0.2547938092403589 0.25092981095431677 0.22423649615967167 0.22422230267135007 0.2508303670813071 0.22977678716205008 0.40512053279012444 1.0
1.0 1.0 0.2606204563296622 0.22782868873624693 0.2654151919550714 0.25219860603066385 0.24525624456945413 0.25003622454547225 1.0 1.0
1.0 1.0 1.0 0.3521526353837957 0.23106447068026487 0.2611905826505501 0.3489590034152333 1.0 1.0 1.0
1.0 1.0 1.0 1.0 1.0 1.0 1.0 1.0 1.0 1.0
deviation- 
0.0 0.0 0.0 0.0 0.0 0.0 0.0 0.0 0.0 0.0
0.0 0.0 0.0 0.0 0.0 0.0 0.0 0.0 0.0 0.0
0.0 0.0 0.0 0.0 0.0 0.0 0.0 0.0 0.0 0.0
0.0 0.0 0.0 0.0 0.0 0.0 0.0 0.0 0.0 0.0
0.0 0.0 0.0 0.0 0.0 0.0 0.0 0.0 0.0 0.0
0.0 0.0 0.0 0.0 0.0 0.0 0.0 0.0 0.0 0.0
0.0 0.0 0.0 0.0 0.0 0.0 0.0 0.0 0.0 0.0
0.0 0.0 0.0 0.0 0.0 0.0 0.0 0.0 0.0 0.0
0.0 0.0 0.0 0.0 0.0 0.0 0.0 0.0 0.0 0.0
0.0 0.0 0.0 0.0 0.0 0.0 0.0 0.0 0.0 0.0
pointenable- 
n n n n n n n n n n
n n n y y y y n n n
n n y y y y y y n n
n y y y y y y y y n
n y y y y y y y y n
n y y y y y y y y n
n y y y y y y y y n
n n y y y y y y n n
n n n y y y y n n n
n n n n n n n n n n
