v1.0
#head
personName-Lizeth
birthdate-01/01/1990
age-26
date-07/04/2016
stimulus-0
blindspot-1
blindspotsize-1
time-00:00:00
strategy-1
#righteye
timetest-225
fneg-2
fnegtests-7
fpos-10
fpostests-11
fixationlosses-8
fixationlossestests-10
firings-226
visualfield- 
0,0 0,0 0,0 0,0 0,0 0,0 0,0 0,0 0,0 0,0
0,0 0,0 0,0 3,4 2,3 3,7 5,7 0,0 0,0 0,0
0,0 0,0 2,3 1,4 1,3 5,7 1,3 2,3 0,0 0,0
0,0 2,4 4,5 3,3 2,3 3,3 3,3 3,5 2,7 0,0
0,0 0,0 0,0 3,3 3,3 3,3 3,3 3,4 2,4 0,0
0,0 0,0 0,0 2,3 3,3 2,3 4,4 3,4 3,4 0,0
0,0 3,4 3,3 3,3 3,3 4,4 4,5 4,4 3,5 0,0
0,0 0,0 2,3 3,3 3,3 3,3 3,4 5,6 0,0 0,0
0,0 0,0 0,0 3,4 3,4 4,5 3,4 0,0 0,0 0,0
0,0 0,0 0,0 0,0 0,0 0,0 0,0 0,0 0,0 0,0
minintensity- 
1.0 1.0 1.0 1.0 1.0 1.0 1.0 1.0 1.0 1.0
1.0 1.0 1.0 0.23919700027024995 0.23694238452202027 0.24142319266408727 0.23996517764269001 1.0 1.0 1.0
1.0 1.0 0.28853653364286913 0.2281779604776488 0.22859886201958332 0.22691160050897274 0.24827945184121827 0.35770761628166564 1.0 1.0
1.0 0.2555352400956465 0.22981851780681078 0.22890955309829847 0.22392686342284054 0.21807764041257127 0.23138721135800303 0.2258067551691347 0.5459750112533918 1.0
1.0 0.23128047135615684 0.2448472932090144 0.26997012001181064 0.22204969420252216 0.24705806512717468 0.22581001689281674 0.2825738582431473 0.3375882385154296 1.0
1.0 0.5215799076335852 0.2767461464476639 0.22299805355221936 0.22270707034639178 0.2222883376890736 0.22325355245520057 0.3375882385154296 0.3375882385154296 1.0
1.0 0.31004825418356874 0.3381544919769016 0.22557184697376148 0.22423649615967167 0.22422230267135007 0.22552212503725666 0.4623691926607735 0.7894371688006158 1.0
1.0 1.0 0.2606204563296622 1.0 0.2870536878575446 0.563723814794712 0.2900127252121892 0.22526799423609567 1.0 1.0
1.0 1.0 1.0 0.2315207080860815 0.2611905826505501 0.693824984053659 0.5794994119643554 1.0 1.0 1.0
1.0 1.0 1.0 1.0 1.0 1.0 1.0 1.0 1.0 1.0
deviation- 
0.0 0.0 0.0 0.0 0.0 0.0 0.0 0.0 0.0 0.0
0.0 0.0 0.0 0.0 0.0 0.0 0.0 0.0 0.0 0.0
0.0 0.0 0.0 0.0 0.0 0.0 0.0 0.0 0.0 0.0
0.0 0.0 0.0 0.0 0.0 0.0 0.0 0.0 0.0 0.0
0.0 0.0 0.0 0.0 0.0 0.0 0.0 0.0 0.0 0.0
0.0 0.0 0.0 0.0 0.0 0.0 0.0 0.0 0.0 0.0
0.0 0.0 0.0 0.0 0.0 0.0 0.0 0.0 0.0 0.0
0.0 0.0 0.0 0.0 0.0 0.0 0.0 0.0 0.0 0.0
0.0 0.0 0.0 0.0 0.0 0.0 0.0 0.0 0.0 0.0
0.0 0.0 0.0 0.0 0.0 0.0 0.0 0.0 0.0 0.0
pointenable- 
n n n n n n n n n n
n n n y y y y n n n
n n y y y y y y n n
n y y y y y y y y n
n y y y y y y y y n
n y y y y y y y y n
n y y y y y y y y n
n n y y y y y y n n
n n n y y y y n n n
n n n n n n n n n n
