v1.0
#head
personName-Reimann
birthdate-01/01/1990
age-26
date-06/04/2016
stimulus-0
blindspot-1
blindspotsize-1
time-00:00:00
strategy-1
#righteye
timetest-218
fneg-1
fnegtests-7
fpos-1
fpostests-4
fixationlosses-3
fixationlossestests-10
firings-218
visualfield- 
0,0 0,0 0,0 0,0 0,0 0,0 0,0 0,0 0,0 0,0
0,0 0,0 0,0 1,4 2,3 2,3 1,3 0,0 0,0 0,0
0,0 0,0 2,3 2,3 4,5 1,3 2,3 2,3 0,0 0,0
0,0 1,4 1,3 1,3 1,3 1,3 1,3 2,3 2,4 0,0
0,0 3,4 2,3 4,5 3,3 2,3 2,3 0,0 0,0 0,0
0,0 2,4 2,3 2,3 2,3 2,3 2,4 0,0 0,0 0,0
0,0 2,4 2,3 2,3 2,3 2,4 3,5 2,4 4,5 0,0
0,0 0,0 2,3 4,5 1,3 4,5 1,3 3,5 0,0 0,0
0,0 0,0 0,0 2,4 2,4 2,4 2,4 0,0 0,0 0,0
0,0 0,0 0,0 0,0 0,0 0,0 0,0 0,0 0,0 0,0
minintensity- 
1.0 1.0 1.0 1.0 1.0 1.0 1.0 1.0 1.0 1.0
1.0 1.0 1.0 0.23919700027024995 0.3089504212100246 0.28190799674604106 0.31801883044418777 1.0 1.0 1.0
1.0 1.0 0.28853653364286913 0.340034376648131 0.22859886201958332 0.3349689367734268 0.29605913975571746 0.3128375216145489 1.0 1.0
1.0 0.27397568252370896 0.28902775761576716 0.28630090821760945 0.2713528093729829 0.2716689126706665 0.4028405099098225 0.30258537169692024 0.34613698733643333 1.0
1.0 0.23128047135615684 0.2448472932090144 0.24666417595278173 0.2660444622287913 0.24705806512717468 0.30308315935776786 0.2550666830101153 0.2550666830101153 1.0
1.0 0.27519291460757367 0.2767461464476639 0.3205928222784754 0.22270707034639178 0.24452437264031418 0.24645480217256807 0.2825738582431473 0.3926026187877118 1.0
1.0 0.3257388871588356 0.3093737354875116 0.25092981095431677 0.24825912423526356 0.2962475318875289 0.30144688098766087 0.28890258059061147 0.2738864663114017 1.0
1.0 1.0 0.2906808025311337 0.28248656819483625 0.3158755143752378 0.30389741829507494 0.24525624456945413 0.25003622454547225 1.0 1.0
1.0 1.0 1.0 0.21622954086606902 0.29131670955691236 0.2611905826505501 0.3200740943736708 1.0 1.0 1.0
1.0 1.0 1.0 1.0 1.0 1.0 1.0 1.0 1.0 1.0
deviation- 
0.0 0.0 0.0 0.0 0.0 0.0 0.0 0.0 0.0 0.0
0.0 0.0 0.0 0.0 0.0 0.0 0.0 0.0 0.0 0.0
0.0 0.0 0.0 0.0 0.0 0.0 0.0 0.0 0.0 0.0
0.0 0.0 0.0 0.0 0.0 0.0 0.0 0.0 0.0 0.0
0.0 0.0 0.0 0.0 0.0 0.0 0.0 0.0 0.0 0.0
0.0 0.0 0.0 0.0 0.0 0.0 0.0 0.0 0.0 0.0
0.0 0.0 0.0 0.0 0.0 0.0 0.0 0.0 0.0 0.0
0.0 0.0 0.0 0.0 0.0 0.0 0.0 0.0 0.0 0.0
0.0 0.0 0.0 0.0 0.0 0.0 0.0 0.0 0.0 0.0
0.0 0.0 0.0 0.0 0.0 0.0 0.0 0.0 0.0 0.0
pointenable- 
n n n n n n n n n n
n n n y y y y n n n
n n y y y y y y n n
n y y y y y y y y n
n y y y y y y y y n
n y y y y y y y y n
n y y y y y y y y n
n n y y y y y y n n
n n n y y y y n n n
n n n n n n n n n n
