v1.0
#head
personName-Vinicius Machado
birthdate-01/01/1990
age-26
date-13/04/2016
stimulus-0
blindspot-1
blindspotsize-1
time-12:00:00
strategy-1
#lefteye
timetest-205
fneg-0
fnegtests-7
fpos-2
fpostests-5
fixationlosses-2
fixationlossestests-10
firings-205
visualfield- 
0,0 0,0 0,0 0,0 0,0 0,0 0,0 0,0 0,0 0,0
0,0 0,0 0,0 3,4 2,3 2,3 1,3 0,0 0,0 0,0
0,0 0,0 2,3 2,3 3,3 2,3 3,3 3,3 0,0 0,0
0,0 3,4 3,3 3,3 3,3 3,3 3,3 2,3 3,4 0,0
0,0 0,0 0,0 3,3 3,3 3,3 3,3 3,4 3,4 0,0
0,0 0,0 0,0 3,3 2,3 3,3 4,4 3,4 3,4 0,0
0,0 2,4 1,3 3,3 3,3 3,4 4,5 4,4 3,5 0,0
0,0 0,0 3,3 2,3 3,3 3,3 3,3 4,4 0,0 0,0
0,0 0,0 0,0 3,4 3,4 3,4 3,4 0,0 0,0 0,0
0,0 0,0 0,0 0,0 0,0 0,0 0,0 0,0 0,0 0,0
minintensity- 
1.0 1.0 1.0 1.0 1.0 1.0 1.0 1.0 1.0 1.0
1.0 1.0 1.0 0.23919700027024995 0.25494440489607906 0.24142319266408727 0.23996517764269001 1.0 1.0 1.0
1.0 1.0 0.22984534885884686 0.25585615702857845 0.22859886201958332 0.22691160050897274 0.2243896078839687 0.21654801715637578 1.0 1.0
1.0 0.27397568252370896 0.31863239242937175 0.22890955309829847 0.22392686342284054 0.2895326700900316 0.24697386808583827 0.2258067551691347 0.2650686126003365 1.0
1.0 0.24689456311687333 0.2448472932090144 0.2233582318937528 0.2660444622287913 0.22355519138405844 0.22581001689281674 0.2550666830101153 0.2550666830101153 1.0
1.0 0.30524917723920086 0.41734082614999596 0.22299805355221936 0.22270707034639178 0.2222883376890736 0.22325355245520057 0.2550666830101153 0.2550666830101153 1.0
1.0 0.278666988233035 0.22750384611678254 0.22557184697376148 0.22423649615967167 0.22422230267135007 0.22552212503725666 0.25933969133089396 0.23705017465230394 1.0
1.0 1.0 0.2606204563296622 0.28248656819483625 0.2221382449094255 0.2780479972431026 0.22287799678820322 0.22526799423609567 1.0 1.0
1.0 1.0 1.0 0.2315207080860815 0.2611905826505501 0.23106447068026487 0.3200740943736708 1.0 1.0 1.0
1.0 1.0 1.0 1.0 1.0 1.0 1.0 1.0 1.0 1.0
deviation- 
0.0 0.0 0.0 0.0 0.0 0.0 0.0 0.0 0.0 0.0
0.0 0.0 0.0 0.0 0.0 0.0 0.0 0.0 0.0 0.0
0.0 0.0 0.0 0.0 0.0 0.0 0.0 0.0 0.0 0.0
0.0 0.0 0.0 0.0 0.0 0.0 0.0 0.0 0.0 0.0
0.0 0.0 0.0 0.0 0.0 0.0 0.0 0.0 0.0 0.0
0.0 0.0 0.0 0.0 0.0 0.0 0.0 0.0 0.0 0.0
0.0 0.0 0.0 0.0 0.0 0.0 0.0 0.0 0.0 0.0
0.0 0.0 0.0 0.0 0.0 0.0 0.0 0.0 0.0 0.0
0.0 0.0 0.0 0.0 0.0 0.0 0.0 0.0 0.0 0.0
0.0 0.0 0.0 0.0 0.0 0.0 0.0 0.0 0.0 0.0
pointenable- 
n n n n n n n n n n
n n n y y y y n n n
n n y y y y y y n n
n y y y y y y y y n
n y y y y y y y y n
n y y y y y y y y n
n y y y y y y y y n
n n y y y y y y n n
n n n y y y y n n n
n n n n n n n n n n
