#head
personName-Vinicius Azevedo
birthdate-01/01/1990
age-26
date-13/04/2016
stimulus-0
blindspot-1
blindspotsize-1
time-12:56:11
strategy-1
#lefteye
timetest-209
fneg-0
fnegtests-7
fpos-1
fpostests-3
fixationlosses-2
fixationlossestests-10
firings-209
visualfield- 
0,0 0,0 0,0 0,0 0,0 0,0 0,0 0,0 0,0 0,0
0,0 0,0 0,0 2,4 2,3 2,3 1,3 0,0 0,0 0,0
0,0 0,0 2,3 2,3 3,3 3,3 2,3 2,3 0,0 0,0
0,0 2,4 2,3 3,3 3,3 2,3 2,3 2,3 2,4 0,0
0,0 0,0 0,0 3,3 3,3 3,3 3,3 4,4 3,4 0,0
0,0 0,0 0,0 2,3 3,3 3,3 4,4 3,4 3,4 0,0
0,0 3,4 2,3 2,3 3,3 4,4 4,5 4,4 4,5 0,0
0,0 0,0 2,3 2,3 2,3 2,3 3,5 2,4 0,0 0,0
0,0 0,0 0,0 3,4 2,4 2,4 3,5 0,0 0,0 0,0
0,0 0,0 0,0 0,0 0,0 0,0 0,0 0,0 0,0 0,0
minintensity- 
1.0 1.0 1.0 1.0 1.0 1.0 1.0 1.0 1.0 1.0
1.0 1.0 1.0 0.23097948866434892 0.2605800067994675 0.2906356903778699 0.2598972586345418 1.0 1.0 1.0
1.0 1.0 0.2903183180540981 0.2548394342246287 0.2218612266255041 0.22606690937653867 0.2673007300247874 0.2497244146625596 1.0 1.0
1.0 0.2628358831774308 0.2546576885428907 0.2254513394580022 0.22411670352805987 0.24809809492977003 0.25069637551678536 0.25920113000652406 0.27374014269015084 1.0
1.0 0.26013079782339327 1.0 0.22296890800092306 0.22267796125434128 0.222259281789748 0.22322437343694607 0.22752974829496692 0.2550333432050607 1.0
1.0 0.23125024588533602 0.31835818517164005 0.24663193322131569 0.22202066997624037 0.22352596457669546 0.22578050019260998 0.2550333432050607 0.2550333432050607 1.0
1.0 0.23696812054694744 0.25928454475214546 0.28614795998462034 0.22380722594789537 0.21796112995450137 0.23126359113480244 0.2256861174122826 0.23251695142192666 1.0
1.0 1.0 0.25886772026043686 0.25553708825995 0.2844419148428607 0.2530075304290776 0.38204764647315786 0.3124474063916153 1.0 1.0
1.0 1.0 1.0 0.25772243025006203 0.2723083512325203 0.2812489948478437 0.2394042232574261 1.0 1.0 1.0
1.0 1.0 1.0 1.0 1.0 1.0 1.0 1.0 1.0 1.0
deviation- 
0.0 0.0 0.0 0.0 0.0 0.0 0.0 0.0 0.0 0.0
0.0 0.0 0.0 0.0 0.0 0.0 0.0 0.0 0.0 0.0
0.0 0.0 0.0 0.0 0.0 0.0 0.0 0.0 0.0 0.0
0.0 0.0 0.0 0.0 0.0 0.0 0.0 0.0 0.0 0.0
0.0 0.0 0.0 0.0 0.0 0.0 0.0 0.0 0.0 0.0
0.0 0.0 0.0 0.0 0.0 0.0 0.0 0.0 0.0 0.0
0.0 0.0 0.0 0.0 0.0 0.0 0.0 0.0 0.0 0.0
0.0 0.0 0.0 0.0 0.0 0.0 0.0 0.0 0.0 0.0
0.0 0.0 0.0 0.0 0.0 0.0 0.0 0.0 0.0 0.0
0.0 0.0 0.0 0.0 0.0 0.0 0.0 0.0 0.0 0.0
pointenable- 
n n n n n n n n n n
n n n y y y y n n n
n n y y y y y y n n
n y y y y y y y y n
n y y y y y y y y n
n y y y y y y y y n
n y y y y y y y y n
n n y y y y y y n n
n n n y y y y n n n
n n n n n n n n n n
#righteye
timetest-203
fneg-0
fnegtests-7
fpos-1
fpostests-4
fixationlosses-0
fixationlossestests-10
firings-203
visualfield- 
0,0 0,0 0,0 0,0 0,0 0,0 0,0 0,0 0,0 0,0
0,0 0,0 0,0 2,4 2,3 2,3 2,3 0,0 0,0 0,0
0,0 0,0 2,3 3,3 2,3 1,3 2,3 2,3 0,0 0,0
0,0 2,4 2,3 3,3 3,3 3,3 3,3 2,3 3,4 0,0
0,0 2,4 2,3 3,3 3,3 3,3 3,3 0,0 0,0 0,0
0,0 3,4 3,3 2,3 4,4 3,3 3,4 0,0 0,0 0,0
0,0 3,4 2,3 3,3 2,3 4,4 4,5 3,4 4,5 0,0
0,0 0,0 1,3 2,3 2,3 2,3 2,3 2,4 0,0 0,0
0,0 0,0 0,0 2,4 3,4 2,4 4,5 0,0 0,0 0,0
0,0 0,0 0,0 0,0 0,0 0,0 0,0 0,0 0,0 0,0
minintensity- 
1.0 1.0 1.0 1.0 1.0 1.0 1.0 1.0 1.0 1.0
1.0 1.0 1.0 0.30725661121856446 0.2605800067994675 0.2605800067994675 0.2896115681304812 1.0 1.0 1.0
1.0 1.0 0.2602954550908357 0.22754458169446973 0.2218612266255041 0.3035184500132223 0.2673007300247874 0.2497244146625596 1.0 1.0
1.0 0.2628358831774308 0.2546576885428907 0.2254513394580022 0.22411670352805987 0.22410250527348602 0.22540164556699369 0.2887482372011851 0.2553318359219136 1.0
1.0 0.26013079782339327 0.251148704055445 0.22296890800092306 0.22267796125434128 0.222259281789748 0.22322437343694607 1.0 0.2550333432050607 1.0
1.0 0.23125024588533602 0.22242072175279032 0.2233290433030944 0.22202066997624037 0.22352596457669546 0.25153484700034684 0.2550333432050607 0.2550333432050607 1.0
1.0 0.21853751808207472 0.25928454475214546 0.22878726373967478 0.2475075362785888 0.21796112995450137 0.23126359113480244 0.25126531920736317 0.24872196932428897 1.0
1.0 1.0 0.25886772026043686 0.22789340871213035 0.22831379105716076 0.2530075304290776 0.24796984182071485 0.2643626875799134 1.0 1.0
1.0 1.0 1.0 0.23863783338092892 0.25434842333505586 0.2812489948478437 0.2394042232574261 1.0 1.0 1.0
1.0 1.0 1.0 1.0 1.0 1.0 1.0 1.0 1.0 1.0
deviation- 
0.0 0.0 0.0 0.0 0.0 0.0 0.0 0.0 0.0 0.0
0.0 0.0 0.0 0.0 0.0 0.0 0.0 0.0 0.0 0.0
0.0 0.0 0.0 0.0 0.0 0.0 0.0 0.0 0.0 0.0
0.0 0.0 0.0 0.0 0.0 0.0 0.0 0.0 0.0 0.0
0.0 0.0 0.0 0.0 0.0 0.0 0.0 0.0 0.0 0.0
0.0 0.0 0.0 0.0 0.0 0.0 0.0 0.0 0.0 0.0
0.0 0.0 0.0 0.0 0.0 0.0 0.0 0.0 0.0 0.0
0.0 0.0 0.0 0.0 0.0 0.0 0.0 0.0 0.0 0.0
0.0 0.0 0.0 0.0 0.0 0.0 0.0 0.0 0.0 0.0
0.0 0.0 0.0 0.0 0.0 0.0 0.0 0.0 0.0 0.0
pointenable- 
n n n n n n n n n n
n n n y y y y n n n
n n y y y y y y n n
n y y y y y y y y n
n y y y y y y y y n
n y y y y y y y y n
n y y y y y y y y n
n n y y y y y y n n
n n n y y y y n n n
n n n n n n n n n n
