#head
personName-Henrique
birthdate-01/01/1990
age-26
date-13/04/2016
stimulus-0
blindspot-1
blindspotsize-1
time-15:29:58
strategy-1
#lefteye
timetest-204
fneg-0
fnegtests-7
fpos-0
fpostests-3
fixationlosses-3
fixationlossestests-10
firings-204
visualfield- 
0,0 0,0 0,0 0,0 0,0 0,0 0,0 0,0 0,0 0,0
0,0 0,0 0,0 1,4 2,3 2,3 2,3 0,0 0,0 0,0
0,0 0,0 3,3 3,3 3,3 2,3 2,3 2,3 0,0 0,0
0,0 2,4 3,3 3,3 2,3 3,3 3,3 3,3 3,4 0,0
0,0 0,0 0,0 3,3 3,3 3,3 3,3 3,4 4,4 0,0
0,0 0,0 0,0 3,3 3,3 3,3 4,4 4,4 4,4 0,0
0,0 3,4 3,3 2,3 3,3 3,4 4,5 3,4 4,5 0,0
0,0 0,0 2,3 3,3 2,3 3,3 2,3 3,4 0,0 0,0
0,0 0,0 0,0 3,4 3,4 3,4 4,5 0,0 0,0 0,0
0,0 0,0 0,0 0,0 0,0 0,0 0,0 0,0 0,0 0,0
minintensity- 
1.0 1.0 1.0 1.0 1.0 1.0 1.0 1.0 1.0 1.0
1.0 1.0 1.0 0.2920011867077214 0.2906356903778699 0.2906356903778699 0.2896115681304812 1.0 1.0 1.0
1.0 1.0 0.23027259212757323 0.22754458169446973 0.2218612266255041 0.22606690937653867 0.24495039640462848 0.27446175741168405 1.0 1.0
1.0 0.2628358831774308 0.22738230208004637 0.2254513394580022 0.24812649143891774 0.22410250527348602 0.22540164556699369 0.22965402281186303 0.2553318359219136 1.0
1.0 0.26013079782339327 1.0 0.22296890800092306 0.22267796125434128 0.222259281789748 0.22322437343694607 0.22752974829496692 0.22752974829496692 1.0
1.0 0.23125024588533602 0.24481529012070755 0.2233290433030944 0.22202066997624037 0.22352596457669546 0.22578050019260998 0.22752974829496692 0.22752974829496692 1.0
1.0 0.25539872301182015 0.22969573018467374 0.25746761186214756 0.22380722594789537 0.2358153442918007 0.24684192889360265 0.25126531920736317 0.24872196932428897 1.0
1.0 1.0 0.25886772026043686 0.22789340871213035 0.25637785295001075 0.22662862979669418 0.24796984182071485 0.280390927183814 1.0 1.0
1.0 1.0 1.0 0.23863783338092892 0.2363884954375915 0.2408588172452532 0.2588720150648078 1.0 1.0 1.0
1.0 1.0 1.0 1.0 1.0 1.0 1.0 1.0 1.0 1.0
deviation- 
0.0 0.0 0.0 0.0 0.0 0.0 0.0 0.0 0.0 0.0
0.0 0.0 0.0 0.0 0.0 0.0 0.0 0.0 0.0 0.0
0.0 0.0 0.0 0.0 0.0 0.0 0.0 0.0 0.0 0.0
0.0 0.0 0.0 0.0 0.0 0.0 0.0 0.0 0.0 0.0
0.0 0.0 0.0 0.0 0.0 0.0 0.0 0.0 0.0 0.0
0.0 0.0 0.0 0.0 0.0 0.0 0.0 0.0 0.0 0.0
0.0 0.0 0.0 0.0 0.0 0.0 0.0 0.0 0.0 0.0
0.0 0.0 0.0 0.0 0.0 0.0 0.0 0.0 0.0 0.0
0.0 0.0 0.0 0.0 0.0 0.0 0.0 0.0 0.0 0.0
0.0 0.0 0.0 0.0 0.0 0.0 0.0 0.0 0.0 0.0
pointenable- 
n n n n n n n n n n
n n n y y y y n n n
n n y y y y y y n n
n y y y y y y y y n
n y y y y y y y y n
n y y y y y y y y n
n y y y y y y y y n
n n y y y y y y n n
n n n y y y y n n n
n n n n n n n n n n
#righteye
timetest-202
fneg-0
fnegtests-7
fpos-1
fpostests-4
fixationlosses-1
fixationlossestests-10
firings-202
visualfield- 
0,0 0,0 0,0 0,0 0,0 0,0 0,0 0,0 0,0 0,0
0,0 0,0 0,0 2,4 3,3 2,3 3,3 0,0 0,0 0,0
0,0 0,0 2,3 2,3 3,3 2,3 2,3 3,3 0,0 0,0
0,0 3,4 2,3 2,3 3,3 2,3 3,3 3,3 3,4 0,0
0,0 3,4 2,3 3,3 3,3 3,3 3,3 0,0 0,0 0,0
0,0 2,4 3,3 3,3 3,3 3,3 4,4 0,0 0,0 0,0
0,0 3,4 3,3 3,3 3,3 4,4 5,5 4,4 4,5 0,0
0,0 0,0 2,3 3,3 3,3 3,3 3,3 4,4 0,0 0,0
0,0 0,0 0,0 3,4 3,4 2,4 4,5 0,0 0,0 0,0
0,0 0,0 0,0 0,0 0,0 0,0 0,0 0,0 0,0 0,0
minintensity- 
1.0 1.0 1.0 1.0 1.0 1.0 1.0 1.0 1.0 1.0
1.0 1.0 1.0 0.2614903376860352 0.23052432322106509 0.23052432322106509 0.2301829491386022 1.0 1.0 1.0
1.0 1.0 0.2602954550908357 0.2548394342246287 0.2218612266255041 0.25188408958876657 0.24495039640462848 0.22498707191343517 1.0 1.0
1.0 0.2314713993973164 0.2546576885428907 0.27614018713960253 0.22411670352805987 0.24809809492977003 0.22540164556699369 0.22965402281186303 0.23692352915367643 1.0
1.0 0.24510463671376323 0.251148704055445 0.22296890800092306 0.22267796125434128 0.222259281789748 0.22322437343694607 0.2550333432050607 0.365047722845436 1.0
1.0 0.23125024588533602 0.22242072175279032 0.2233290433030944 0.22202066997624037 0.22352596457669546 0.22578050019260998 0.2550333432050607 0.2550333432050607 1.0
1.0 0.23696812054694744 0.22969573018467374 0.22878726373967478 0.22380722594789537 0.21796112995450137 0.21568525337600225 0.2256861174122826 0.24872196932428897 1.0
1.0 1.0 0.25886772026043686 0.22789340871213035 0.22831379105716076 0.22662862979669418 0.22410978549251281 0.21627796876821143 1.0 1.0
1.0 1.0 1.0 0.23863783338092892 0.25434842333505586 0.2812489948478437 0.2394042232574261 1.0 1.0 1.0
1.0 1.0 1.0 1.0 1.0 1.0 1.0 1.0 1.0 1.0
deviation- 
0.0 0.0 0.0 0.0 0.0 0.0 0.0 0.0 0.0 0.0
0.0 0.0 0.0 0.0 0.0 0.0 0.0 0.0 0.0 0.0
0.0 0.0 0.0 0.0 0.0 0.0 0.0 0.0 0.0 0.0
0.0 0.0 0.0 0.0 0.0 0.0 0.0 0.0 0.0 0.0
0.0 0.0 0.0 0.0 0.0 0.0 0.0 0.0 0.0 0.0
0.0 0.0 0.0 0.0 0.0 0.0 0.0 0.0 0.0 0.0
0.0 0.0 0.0 0.0 0.0 0.0 0.0 0.0 0.0 0.0
0.0 0.0 0.0 0.0 0.0 0.0 0.0 0.0 0.0 0.0
0.0 0.0 0.0 0.0 0.0 0.0 0.0 0.0 0.0 0.0
0.0 0.0 0.0 0.0 0.0 0.0 0.0 0.0 0.0 0.0
pointenable- 
n n n n n n n n n n
n n n y y y y n n n
n n y y y y y y n n
n y y y y y y y y n
n y y y y y y y y n
n y y y y y y y y n
n y y y y y y y y n
n n y y y y y y n n
n n n y y y y n n n
n n n n n n n n n n
