v1.0
#head
personName-Caio
birthdate-01/01/1990
age-26
date-12/04/2016
stimulus-0
blindspot-1
blindspotsize-1
time-12:00:00
strategy-1
#lefteye
timetest-201
fneg-1
fnegtests-7
fpos-0
fpostests-3
fixationlosses-1
fixationlossestests-10
firings-201
visualfield- 
0,0 0,0 0,0 0,0 0,0 0,0 0,0 0,0 0,0 0,0
0,0 0,0 0,0 3,4 2,3 2,3 2,3 0,0 0,0 0,0
0,0 0,0 2,3 3,3 3,3 3,3 2,3 2,3 0,0 0,0
0,0 3,5 2,3 3,3 3,3 3,3 3,3 3,3 3,4 0,0
0,0 0,0 0,0 3,3 2,3 3,3 3,3 3,4 4,4 0,0
0,0 0,0 0,0 3,3 3,3 3,3 4,4 4,4 4,4 0,0
0,0 3,4 2,3 2,3 3,3 3,4 5,5 4,4 4,5 0,0
0,0 0,0 3,3 2,3 2,3 3,3 3,3 2,4 0,0 0,0
0,0 0,0 0,0 4,4 3,4 3,4 2,4 0,0 0,0 0,0
0,0 0,0 0,0 0,0 0,0 0,0 0,0 0,0 0,0 0,0
minintensity- 
1.0 1.0 1.0 1.0 1.0 1.0 1.0 1.0 1.0 1.0
1.0 1.0 1.0 0.22006767949011477 0.2909484157720428 0.24142319266408727 0.2789919965754004 1.0 1.0 1.0
1.0 1.0 0.22984534885884686 0.25585615702857845 0.25669796011244755 0.22691160050897274 0.2243896078839687 0.26469277684534576 1.0 1.0
1.0 0.23709478275845758 0.22981851780681078 0.2576052232033908 0.22392686342284054 0.23594139783193635 0.2158005397210414 0.2258067551691347 0.23264123288764493 1.0
1.0 0.23128047135615684 0.2224497979734237 0.2233582318937528 0.22204969420252216 0.22355519138405844 0.22581001689281674 0.22755949287397417 0.22755949287397417 1.0
1.0 0.3202772936519053 0.25118153187772024 0.22299805355221936 0.24536183795495053 0.2222883376890736 0.22325355245520057 0.2550666830101153 0.22755949287397417 1.0
1.0 0.4120810969905001 0.2547938092403589 0.22557184697376148 0.22423649615967167 0.22422230267135007 0.22552212503725666 0.22977678716205008 0.23705017465230394 1.0
1.0 1.0 0.2906808025311337 0.22782868873624693 0.2221382449094255 0.22634917005892466 0.24525624456945413 0.22526799423609567 1.0 1.0
1.0 1.0 1.0 0.2315207080860815 0.23106447068026487 0.2611905826505501 0.26050624147790213 1.0 1.0 1.0
1.0 1.0 1.0 1.0 1.0 1.0 1.0 1.0 1.0 1.0
deviation- 
0.0 0.0 0.0 0.0 0.0 0.0 0.0 0.0 0.0 0.0
0.0 0.0 0.0 0.0 0.0 0.0 0.0 0.0 0.0 0.0
0.0 0.0 0.0 0.0 0.0 0.0 0.0 0.0 0.0 0.0
0.0 0.0 0.0 0.0 0.0 0.0 0.0 0.0 0.0 0.0
0.0 0.0 0.0 0.0 0.0 0.0 0.0 0.0 0.0 0.0
0.0 0.0 0.0 0.0 0.0 0.0 0.0 0.0 0.0 0.0
0.0 0.0 0.0 0.0 0.0 0.0 0.0 0.0 0.0 0.0
0.0 0.0 0.0 0.0 0.0 0.0 0.0 0.0 0.0 0.0
0.0 0.0 0.0 0.0 0.0 0.0 0.0 0.0 0.0 0.0
0.0 0.0 0.0 0.0 0.0 0.0 0.0 0.0 0.0 0.0
pointenable- 
n n n n n n n n n n
n n n y y y y n n n
n n y y y y y y n n
n y y y y y y y y n
n y y y y y y y y n
n y y y y y y y y n
n y y y y y y y y n
n n y y y y y y n n
n n n y y y y n n n
n n n n n n n n n n
