v1.0
#head
personName-Mathias
birthdate-01/01/1990
age-26
date-07/04/2016
stimulus-0
blindspot-1
blindspotsize-1
time-00:00:00
strategy-1
#lefteye
timetest-205
fneg-0
fnegtests-7
fpos-0
fpostests-3
fixationlosses-5
fixationlossestests-10
firings-205
visualfield- 
0,0 0,0 0,0 0,0 0,0 0,0 0,0 0,0 0,0 0,0
0,0 0,0 0,0 1,4 2,3 2,3 1,3 0,0 0,0 0,0
0,0 0,0 3,3 3,3 3,3 3,3 3,3 2,3 0,0 0,0
0,0 3,4 3,3 3,3 2,3 3,3 3,3 4,5 3,4 0,0
0,0 0,0 0,0 3,3 3,3 2,3 2,3 4,4 3,4 0,0
0,0 0,0 0,0 3,3 3,3 2,3 4,4 4,4 4,4 0,0
0,0 2,4 3,3 3,3 3,3 4,4 5,5 4,4 4,5 0,0
0,0 0,0 3,3 3,3 2,3 3,3 3,3 3,4 0,0 0,0
0,0 0,0 0,0 3,4 3,4 5,5 4,4 0,0 0,0 0,0
0,0 0,0 0,0 0,0 0,0 0,0 0,0 0,0 0,0 0,0
minintensity- 
1.0 1.0 1.0 1.0 1.0 1.0 1.0 1.0 1.0 1.0
1.0 1.0 1.0 0.23919700027024995 0.23694238452202027 0.22118077568703345 0.2204517756443733 1.0 1.0 1.0
1.0 1.0 0.22984534885884686 0.2281779604776488 0.25669796011244755 0.22691160050897274 0.2243896078839687 0.23259627038603245 1.0 1.0
1.0 0.27397568252370896 0.22981851780681078 0.22890955309829847 0.22392686342284054 0.21807764041257127 0.2158005397210414 0.2258067551691347 0.23264123288764493 1.0
1.0 0.24689456311687333 1.0 0.2233582318937528 0.22204969420252216 0.24705806512717468 0.22581001689281674 0.22755949287397417 0.22755949287397417 1.0
1.0 0.23010855046635112 0.22561691730777664 0.22299805355221936 0.22270707034639178 0.2667604075915547 0.24645480217256807 0.22755949287397417 0.2825738582431473 1.0
1.0 0.23159513403461354 0.22750384611678254 0.22557184697376148 0.272281737401729 0.22422230267135007 0.22552212503725666 0.34724622633971897 0.255468327936416 1.0
1.0 1.0 0.23056011012819067 0.22782868873624693 0.2221382449094255 0.22634917005892466 0.22287799678820322 0.25003622454547225 1.0 1.0
1.0 1.0 1.0 0.2315207080860815 0.23106447068026487 0.29131670955691236 0.3200740943736708 1.0 1.0 1.0
1.0 1.0 1.0 1.0 1.0 1.0 1.0 1.0 1.0 1.0
deviation- 
0.0 0.0 0.0 0.0 0.0 0.0 0.0 0.0 0.0 0.0
0.0 0.0 0.0 0.0 0.0 0.0 0.0 0.0 0.0 0.0
0.0 0.0 0.0 0.0 0.0 0.0 0.0 0.0 0.0 0.0
0.0 0.0 0.0 0.0 0.0 0.0 0.0 0.0 0.0 0.0
0.0 0.0 0.0 0.0 0.0 0.0 0.0 0.0 0.0 0.0
0.0 0.0 0.0 0.0 0.0 0.0 0.0 0.0 0.0 0.0
0.0 0.0 0.0 0.0 0.0 0.0 0.0 0.0 0.0 0.0
0.0 0.0 0.0 0.0 0.0 0.0 0.0 0.0 0.0 0.0
0.0 0.0 0.0 0.0 0.0 0.0 0.0 0.0 0.0 0.0
0.0 0.0 0.0 0.0 0.0 0.0 0.0 0.0 0.0 0.0
pointenable- 
n n n n n n n n n n
n n n y y y y n n n
n n y y y y y y n n
n y y y y y y y y n
n y y y y y y y y n
n y y y y y y y y n
n y y y y y y y y n
n n y y y y y y n n
n n n y y y y n n n
n n n n n n n n n n
