#head
personName-Luiza
birthdate-23/03/1992
age-23
date-26/02/2016
stimulus-0
blindspot-1
blindspotsize-1
time-17:41:53
strategy-1
timetest-221
#lefteye
fneg-10
fnegtests-10
fpos-0
fpostests-10
fixationlosses-5
fixationlossestests-10
firings-251
visualfield- 
0,0 0,0 0,0 0,0 0,0 0,0 0,0 0,0 0,0 0,0
0,0 0,0 0,0 0,4 0,4 0,4 0,4 0,0 0,0 0,0
0,0 0,0 0,4 0,4 0,4 0,4 0,4 0,4 0,0 0,0
0,0 0,4 0,4 0,6 0,4 0,4 0,6 0,4 0,4 0,0
0,0 0,0 0,4 0,4 0,4 0,4 0,4 0,4 0,4 0,0
0,0 0,4 0,4 0,4 0,4 0,4 0,4 0,4 0,4 0,0
0,0 0,4 0,4 0,6 0,4 0,4 0,6 0,4 0,4 0,0
0,0 0,0 0,4 0,4 0,4 0,4 0,4 0,4 0,0 0,0
0,0 0,0 0,0 0,4 0,5 0,4 0,4 0,0 0,0 0,0
0,0 0,0 0,0 0,0 0,0 0,0 0,0 0,0 0,0 0,0
minintensity- 
1.0 1.0 1.0 1.0 1.0 1.0 1.0 1.0 1.0 1.0
1.0 1.0 1.0 31 31 30 27 1.0 1.0 1.0
1.0 1.0 30 31 31 31 30 31 1.0 1.0
1.0 32 32 32 30 31 34 31 31 1.0
1.0 30 0 29 32 31 33 33 31 1.0
1.0 32 32 31 32 33 34 33 30 1.0
1.0 30 32 31 32 29 32 32 31 1.0
1.0 1.0 32 31 31 28 31 28 1.0 1.0
1.0 1.0 1.0 28 24 26 31 1.0 1.0 1.0
1.0 1.0 1.0 1.0 1.0 1.0 1.0 1.0 1.0 1.0
deviation- 
0.0 0.0 0.0 0.0 0.0 0.0 0.0 0.0 0.0 0.0
0.0 0.0 0.0 0.0 0.0 0.0 0.0 0.0 0.0 0.0
0.0 0.0 0.0 0.0 0.0 0.0 0.0 0.0 0.0 0.0
0.0 0.0 0.0 0.0 0.0 0.0 0.0 0.0 0.0 0.0
0.0 0.0 0.0 0.0 0.0 0.0 0.0 0.0 0.0 0.0
0.0 0.0 0.0 0.0 0.0 0.0 0.0 0.0 0.0 0.0
0.0 0.0 0.0 0.0 0.0 0.0 0.0 0.0 0.0 0.0
0.0 0.0 0.0 0.0 0.0 0.0 0.0 0.0 0.0 0.0
0.0 0.0 0.0 0.0 0.0 0.0 0.0 0.0 0.0 0.0
0.0 0.0 0.0 0.0 0.0 0.0 0.0 0.0 0.0 0.0
pointenable- 
n n n n n n n n n n
n n n y y y y n n n
n n y y y y y y n n
n y y y y y y y y n
n y y y y y y y y n
n y y y y y y y y n
n y y y y y y y y n
n n y y y y y y n n
n n n y y y y n n n
n n n n n n n n n n
#righteye
fneg-0
fnegtests-10
fpos-1013720
fpostests-1013729
fixationlosses-0
fixationlossestests-10
firings-220
visualfield- 
0,0 0,0 0,0 0,0 0,0 0,0 0,0 0,0 0,0 0,0
0,0 0,0 0,0 3,4 3,3 3,3 3,3 0,0 0,0 0,0
0,0 0,0 3,3 3,3 3,3 3,3 3,3 3,3 0,0 0,0
0,0 3,4 3,3 5,5 3,3 2,3 5,5 3,3 4,4 0,0
0,0 4,4 3,3 3,3 3,3 3,3 3,3 0,0 5,5 0,0
0,0 3,4 3,3 3,3 3,3 3,3 4,4 3,3 5,5 0,0
0,0 3,4 3,3 5,5 3,3 4,4 5,5 4,4 4,5 0,0
0,0 0,0 3,3 3,3 3,3 3,3 3,3 4,4 0,0 0,0
0,0 0,0 0,0 3,4 3,4 3,4 4,5 0,0 0,0 0,0
0,0 0,0 0,0 0,0 0,0 0,0 0,0 0,0 0,0 0,0
minintensity- 
1.0 1.0 1.0 1.0 1.0 1.0 1.0 1.0 1.0 1.0
1.0 1.0 1.0 31 31 33 29 1.0 1.0 1.0
1.0 1.0 32 31 31 30 32 33 1.0 1.0
1.0 31 31 31 32 31 31 32 32 1.0
1.0 29 32 33 33 33 30 7 30 1.0
1.0 31 33 34 33 33 30 22 35 1.0
1.0 31 31 33 33 31 28 31 30 1.0
1.0 1.0 31 30 31 28 30 33 1.0 1.0
1.0 1.0 1.0 30 30 29 30 1.0 1.0 1.0
1.0 1.0 1.0 1.0 1.0 1.0 1.0 1.0 1.0 1.0
deviation- 
0.0 0.0 0.0 0.0 0.0 0.0 0.0 0.0 0.0 0.0
0.0 0.0 0.0 0.0 0.0 0.0 0.0 0.0 0.0 0.0
0.0 0.0 0.0 0.0 0.0 0.0 0.0 0.0 0.0 0.0
0.0 0.0 0.0 0.0 0.0 0.0 0.0 0.0 0.0 0.0
0.0 0.0 0.0 0.0 0.0 0.0 0.0 0.0 0.0 0.0
0.0 0.0 0.0 0.0 0.0 0.0 0.0 0.0 0.0 0.0
0.0 0.0 0.0 0.0 0.0 0.0 0.0 0.0 0.0 0.0
0.0 0.0 0.0 0.0 0.0 0.0 0.0 0.0 0.0 0.0
0.0 0.0 0.0 0.0 0.0 0.0 0.0 0.0 0.0 0.0
0.0 0.0 0.0 0.0 0.0 0.0 0.0 0.0 0.0 0.0
pointenable- 
n n n n n n n n n n
n n n y y y y n n n
n n y y y y y y n n
n y y y y y y y y n
n y y y y y y y y n
n y y y y y y y y n
n y y y y y y y y n
n n y y y y y y n n
n n n y y y y n n n
n n n n n n n n n n