v1.0
#head
personName-Marcelo da Mata
birthdate-01/01/1990
age-26
date-11/04/2016
stimulus-0
blindspot-1
blindspotsize-1
time-12:00:00
strategy-1
#lefteye
timetest-207
fneg-0
fnegtests-7
fpos-1
fpostests-3
fixationlosses-2
fixationlossestests-10
firings-207
visualfield- 
0,0 0,0 0,0 0,0 0,0 0,0 0,0 0,0 0,0 0,0
0,0 0,0 0,0 3,4 3,3 2,3 2,3 0,0 0,0 0,0
0,0 0,0 3,3 2,3 3,3 3,3 2,3 2,3 0,0 0,0
0,0 1,4 2,3 2,3 2,3 3,3 3,3 3,3 2,4 0,0
0,0 0,0 0,0 3,3 3,3 3,3 3,3 4,4 4,4 0,0
0,0 0,0 0,0 3,3 3,3 3,3 4,4 4,4 3,4 0,0
0,0 3,4 3,3 3,3 3,3 4,4 4,5 4,4 3,5 0,0
0,0 0,0 2,3 2,3 2,3 2,3 2,3 3,4 0,0 0,0
0,0 0,0 0,0 3,4 3,4 3,4 3,4 0,0 0,0 0,0
0,0 0,0 0,0 0,0 0,0 0,0 0,0 0,0 0,0 0,0
minintensity- 
1.0 1.0 1.0 1.0 1.0 1.0 1.0 1.0 1.0 1.0
1.0 1.0 1.0 0.2583263210503851 0.25494440489607906 0.2616656096411411 0.23996517764269001 1.0 1.0 1.0
1.0 1.0 0.2591909337909746 0.25585615702857845 0.25669796011244755 0.27973527367348 0.24827945184121827 0.23259627038603245 1.0 1.0
1.0 0.23709478275845758 0.22981851780681078 0.22890955309829847 0.22392686342284054 0.21807764041257127 0.24697386808583827 0.2258067551691347 0.2650686126003365 1.0
1.0 0.26250863997448065 0.3183997999632929 0.2233582318937528 0.22204969420252216 0.22355519138405844 0.22581001689281674 0.22755949287397417 0.2550666830101153 1.0
1.0 0.24513668178216472 1.0 0.22299805355221936 0.22270707034639178 0.2222883376890736 0.22325355245520057 0.22755949287397417 0.22755949287397417 1.0
1.0 0.3257388871588356 0.2547938092403589 0.25092981095431677 0.24825912423526356 0.22422230267135007 0.22552212503725666 0.22977678716205008 0.3291409112546115 1.0
1.0 1.0 0.23056011012819067 0.25515761354577476 0.2221382449094255 0.22634917005892466 0.24525624456945413 0.25003622454547225 1.0 1.0
1.0 1.0 1.0 0.24681187530609397 0.23106447068026487 0.2611905826505501 0.26050624147790213 1.0 1.0 1.0
1.0 1.0 1.0 1.0 1.0 1.0 1.0 1.0 1.0 1.0
deviation- 
0.0 0.0 0.0 0.0 0.0 0.0 0.0 0.0 0.0 0.0
0.0 0.0 0.0 0.0 0.0 0.0 0.0 0.0 0.0 0.0
0.0 0.0 0.0 0.0 0.0 0.0 0.0 0.0 0.0 0.0
0.0 0.0 0.0 0.0 0.0 0.0 0.0 0.0 0.0 0.0
0.0 0.0 0.0 0.0 0.0 0.0 0.0 0.0 0.0 0.0
0.0 0.0 0.0 0.0 0.0 0.0 0.0 0.0 0.0 0.0
0.0 0.0 0.0 0.0 0.0 0.0 0.0 0.0 0.0 0.0
0.0 0.0 0.0 0.0 0.0 0.0 0.0 0.0 0.0 0.0
0.0 0.0 0.0 0.0 0.0 0.0 0.0 0.0 0.0 0.0
0.0 0.0 0.0 0.0 0.0 0.0 0.0 0.0 0.0 0.0
pointenable- 
n n n n n n n n n n
n n n y y y y n n n
n n y y y y y y n n
n y y y y y y y y n
n y y y y y y y y n
n y y y y y y y y n
n y y y y y y y y n
n n y y y y y y n n
n n n y y y y n n n
n n n n n n n n n n
