#head
personName-Sergio
birthdate-01/01/1990
age-26
date-12/04/2016
stimulus-0
blindspot-1
blindspotsize-1
time-15:33:14
strategy-1
#lefteye
timetest-207
fneg-0
fnegtests-7
fpos-4
fpostests-7
fixationlosses-4
fixationlossestests-10
firings-207
visualfield- 
0,0 0,0 0,0 0,0 0,0 0,0 0,0 0,0 0,0 0,0
0,0 0,0 0,0 0,4 2,3 2,3 1,3 0,0 0,0 0,0
0,0 0,0 3,3 3,3 2,3 3,3 2,3 1,3 0,0 0,0
0,0 3,4 2,3 3,3 3,3 3,3 2,3 3,3 3,4 0,0
0,0 0,0 0,0 3,3 2,3 3,3 4,5 3,4 3,4 0,0
0,0 0,0 0,0 2,3 3,3 2,3 4,4 4,4 4,4 0,0
0,0 3,4 3,3 3,3 3,3 4,4 5,5 4,4 5,5 0,0
0,0 0,0 2,3 3,3 2,3 2,3 3,4 4,5 0,0 0,0
0,0 0,0 0,0 2,4 3,4 2,4 4,5 0,0 0,0 0,0
0,0 0,0 0,0 0,0 0,0 0,0 0,0 0,0 0,0 0,0
minintensity- 
1.0 1.0 1.0 1.0 1.0 1.0 1.0 1.0 1.0 1.0
1.0 1.0 1.0 0.3225120357294076 0.2906356903778699 0.2605800067994675 0.31932587762642073 1.0 1.0 1.0
1.0 1.0 0.23027259212757323 0.22754458169446973 0.24347272408669743 0.22606690937653867 0.2673007300247874 0.27446175741168405 1.0 1.0
1.0 0.27851812506748796 0.2546576885428907 0.2254513394580022 0.22411670352805987 0.22410250527348602 0.25069637551678536 0.22965402281186303 0.292148449458388 1.0
1.0 0.34898920057701144 0.22558742872015905 0.22296890800092306 0.24532976912380947 0.222259281789748 0.32157279190826304 0.2550333432050607 0.2550333432050607 1.0
1.0 0.23125024588533602 0.24481529012070755 0.24663193322131569 0.22202066997624037 0.22352596457669546 0.22578050019260998 0.22752974829496692 0.22752974829496692 1.0
1.0 0.25539872301182015 0.22969573018467374 0.22878726373967478 0.22380722594789537 0.21796112995450137 0.21568525337600225 0.2256861174122826 0.21631193351956432 1.0
1.0 1.0 0.25886772026043686 0.22789340871213035 0.25637785295001075 0.2530075304290776 0.2718298981489169 0.35726154332752885 1.0 1.0
1.0 1.0 1.0 0.31497622085746135 0.2363884954375915 0.2812489948478437 0.29780759867957124 1.0 1.0 1.0
1.0 1.0 1.0 1.0 1.0 1.0 1.0 1.0 1.0 1.0
deviation- 
0.0 0.0 0.0 0.0 0.0 0.0 0.0 0.0 0.0 0.0
0.0 0.0 0.0 0.0 0.0 0.0 0.0 0.0 0.0 0.0
0.0 0.0 0.0 0.0 0.0 0.0 0.0 0.0 0.0 0.0
0.0 0.0 0.0 0.0 0.0 0.0 0.0 0.0 0.0 0.0
0.0 0.0 0.0 0.0 0.0 0.0 0.0 0.0 0.0 0.0
0.0 0.0 0.0 0.0 0.0 0.0 0.0 0.0 0.0 0.0
0.0 0.0 0.0 0.0 0.0 0.0 0.0 0.0 0.0 0.0
0.0 0.0 0.0 0.0 0.0 0.0 0.0 0.0 0.0 0.0
0.0 0.0 0.0 0.0 0.0 0.0 0.0 0.0 0.0 0.0
0.0 0.0 0.0 0.0 0.0 0.0 0.0 0.0 0.0 0.0
pointenable- 
n n n n n n n n n n
n n n y y y y n n n
n n y y y y y y n n
n y y y y y y y y n
n y y y y y y y y n
n y y y y y y y y n
n y y y y y y y y n
n n y y y y y y n n
n n n y y y y n n n
n n n n n n n n n n
#righteye
timetest-205
fneg-0
fnegtests-7
fpos-3
fpostests-6
fixationlosses-3
fixationlossestests-10
firings-205
visualfield- 
0,0 0,0 0,0 0,0 0,0 0,0 0,0 0,0 0,0 0,0
0,0 0,0 0,0 1,4 2,3 2,3 2,3 0,0 0,0 0,0
0,0 0,0 2,3 3,3 3,3 3,3 3,3 2,3 0,0 0,0
0,0 2,4 3,3 3,3 3,3 3,3 3,3 3,5 3,4 0,0
0,0 2,4 2,3 3,3 4,5 3,3 2,3 0,0 0,0 0,0
0,0 2,4 3,3 3,3 3,3 3,3 4,4 0,0 0,0 0,0
0,0 2,4 2,3 3,3 2,3 4,4 5,5 3,4 3,5 0,0
0,0 0,0 3,3 2,3 3,3 2,3 3,3 3,4 0,0 0,0
0,0 0,0 0,0 3,4 3,4 4,4 3,4 0,0 0,0 0,0
0,0 0,0 0,0 0,0 0,0 0,0 0,0 0,0 0,0 0,0
minintensity- 
1.0 1.0 1.0 1.0 1.0 1.0 1.0 1.0 1.0 1.0
1.0 1.0 1.0 0.23097948866434892 0.2906356903778699 0.2906356903778699 0.2896115681304812 1.0 1.0 1.0
1.0 1.0 0.2602954550908357 0.22754458169446973 0.2218612266255041 0.22606690937653867 0.22260006278446962 0.22498707191343517 1.0 1.0
1.0 0.2628358831774308 0.22738230208004637 0.2254513394580022 0.22411670352805987 0.22410250527348602 0.22540164556699369 0.4621221838233317 0.23692352915367643 1.0
1.0 0.26013079782339327 0.22558742872015905 0.22296890800092306 0.3193871431778439 0.222259281789748 0.22322437343694607 0.2550333432050607 0.3375441279353422 1.0
1.0 0.2624743383857989 0.22242072175279032 0.2233290433030944 0.22202066997624037 0.22352596457669546 0.22578050019260998 0.22752974829496692 0.28253693811515457 1.0
1.0 0.23696812054694744 0.25928454475214546 0.22878726373967478 0.2475075362785888 0.21796112995450137 0.21568525337600225 0.25126531920736317 0.2649269872266513 1.0
1.0 1.0 0.22955872471237382 0.25553708825995 0.22831379105716076 0.2530075304290776 0.22410978549251281 0.2483344479760127 1.0 1.0
1.0 1.0 1.0 0.23863783338092892 0.2363884954375915 0.22066372844395793 0.2588720150648078 1.0 1.0 1.0
1.0 1.0 1.0 1.0 1.0 1.0 1.0 1.0 1.0 1.0
deviation- 
0.0 0.0 0.0 0.0 0.0 0.0 0.0 0.0 0.0 0.0
0.0 0.0 0.0 0.0 0.0 0.0 0.0 0.0 0.0 0.0
0.0 0.0 0.0 0.0 0.0 0.0 0.0 0.0 0.0 0.0
0.0 0.0 0.0 0.0 0.0 0.0 0.0 0.0 0.0 0.0
0.0 0.0 0.0 0.0 0.0 0.0 0.0 0.0 0.0 0.0
0.0 0.0 0.0 0.0 0.0 0.0 0.0 0.0 0.0 0.0
0.0 0.0 0.0 0.0 0.0 0.0 0.0 0.0 0.0 0.0
0.0 0.0 0.0 0.0 0.0 0.0 0.0 0.0 0.0 0.0
0.0 0.0 0.0 0.0 0.0 0.0 0.0 0.0 0.0 0.0
0.0 0.0 0.0 0.0 0.0 0.0 0.0 0.0 0.0 0.0
pointenable- 
n n n n n n n n n n
n n n y y y y n n n
n n y y y y y y n n
n y y y y y y y y n
n y y y y y y y y n
n y y y y y y y y n
n y y y y y y y y n
n n y y y y y y n n
n n n y y y y n n n
n n n n n n n n n n
