#head
personName-Sergio
birthdate-01/01/1990
age-26
date-12/04/2016
stimulus-0
blindspot-1
blindspotsize-1
time-15:13:01
strategy-1
#lefteye
timetest-215
fneg-1
fnegtests-7
fpos-1
fpostests-4
fixationlosses-1
fixationlossestests-10
firings-215
visualfield- 
0,0 0,0 0,0 0,0 0,0 0,0 0,0 0,0 0,0 0,0
0,0 0,0 0,0 0,4 0,3 1,3 3,5 0,0 0,0 0,0
0,0 0,0 3,3 2,3 3,3 2,3 3,3 3,3 0,0 0,0
0,0 1,4 3,3 3,3 3,3 3,3 3,3 2,3 3,4 0,0
0,0 0,0 0,0 3,3 3,3 3,3 3,3 3,4 3,4 0,0
0,0 0,0 0,0 2,3 2,3 2,3 4,4 4,4 4,4 0,0
0,0 2,4 3,3 2,3 2,3 3,4 4,5 4,4 5,5 0,0
0,0 0,0 2,3 2,3 2,3 2,3 2,3 3,4 0,0 0,0
0,0 0,0 0,0 2,4 4,5 4,4 3,4 0,0 0,0 0,0
0,0 0,0 0,0 0,0 0,0 0,0 0,0 0,0 0,0 0,0
minintensity- 
1.0 1.0 1.0 1.0 1.0 1.0 1.0 1.0 1.0 1.0
1.0 1.0 1.0 0.3225120357294076 0.2605800067994675 0.2605800067994675 0.4057779747621975 1.0 1.0 1.0
1.0 1.0 0.23027259212757323 0.28213428675478763 0.2218612266255041 0.2777012698009944 0.22260006278446962 0.22498707191343517 1.0 1.0
1.0 0.32556485073765945 0.22738230208004637 0.2254513394580022 0.22411670352805987 0.22410250527348602 0.22540164556699369 0.25920113000652406 0.292148449458388 1.0
1.0 0.29018312004265334 0.22558742872015905 0.22296890800092306 0.22267796125434128 0.222259281789748 0.22322437343694607 0.2550333432050607 0.2550333432050607 1.0
1.0 0.2624743383857989 0.24481529012070755 0.2233290433030944 0.24401518656760765 0.24702577576851786 0.22578050019260998 0.22752974829496692 0.22752974829496692 1.0
1.0 0.31069053040643824 0.22969573018467374 0.28614795998462034 0.2475075362785888 0.2358153442918007 0.24684192889360265 0.2256861174122826 0.21631193351956432 1.0
1.0 1.0 0.28817671580849985 0.25553708825995 0.2844419148428607 0.279386431061461 0.2718298981489169 0.2483344479760127 1.0 1.0
1.0 1.0 1.0 0.23863783338092892 0.3729654285343034 0.22066372844395793 0.2588720150648078 1.0 1.0 1.0
1.0 1.0 1.0 1.0 1.0 1.0 1.0 1.0 1.0 1.0
deviation- 
0.0 0.0 0.0 0.0 0.0 0.0 0.0 0.0 0.0 0.0
0.0 0.0 0.0 0.0 0.0 0.0 0.0 0.0 0.0 0.0
0.0 0.0 0.0 0.0 0.0 0.0 0.0 0.0 0.0 0.0
0.0 0.0 0.0 0.0 0.0 0.0 0.0 0.0 0.0 0.0
0.0 0.0 0.0 0.0 0.0 0.0 0.0 0.0 0.0 0.0
0.0 0.0 0.0 0.0 0.0 0.0 0.0 0.0 0.0 0.0
0.0 0.0 0.0 0.0 0.0 0.0 0.0 0.0 0.0 0.0
0.0 0.0 0.0 0.0 0.0 0.0 0.0 0.0 0.0 0.0
0.0 0.0 0.0 0.0 0.0 0.0 0.0 0.0 0.0 0.0
0.0 0.0 0.0 0.0 0.0 0.0 0.0 0.0 0.0 0.0
pointenable- 
n n n n n n n n n n
n n n y y y y n n n
n n y y y y y y n n
n y y y y y y y y n
n y y y y y y y y n
n y y y y y y y y n
n y y y y y y y y n
n n y y y y y y n n
n n n y y y y n n n
n n n n n n n n n n
#righteye
timetest-205
fneg-0
fnegtests-7
fpos-3
fpostests-5
fixationlosses-6
fixationlossestests-10
firings-205
visualfield- 
0,0 0,0 0,0 0,0 0,0 0,0 0,0 0,0 0,0 0,0
0,0 0,0 0,0 2,4 2,3 2,3 2,3 0,0 0,0 0,0
0,0 0,0 3,3 2,3 3,3 3,3 2,3 2,3 0,0 0,0
0,0 2,4 3,3 3,3 3,3 3,3 3,3 2,3 2,4 0,0
0,0 3,4 3,3 3,3 3,3 3,3 2,3 0,0 0,0 0,0
0,0 3,4 2,3 3,3 3,3 3,3 4,4 0,0 0,0 0,0
0,0 3,4 2,3 3,3 3,3 4,4 4,5 3,4 3,5 0,0
0,0 0,0 2,3 3,3 2,3 2,3 2,3 2,4 0,0 0,0
0,0 0,0 0,0 3,4 3,4 3,5 3,4 0,0 0,0 0,0
0,0 0,0 0,0 0,0 0,0 0,0 0,0 0,0 0,0 0,0
minintensity- 
1.0 1.0 1.0 1.0 1.0 1.0 1.0 1.0 1.0 1.0
1.0 1.0 1.0 0.2614903376860352 0.2906356903778699 0.2906356903778699 0.2896115681304812 1.0 1.0 1.0
1.0 1.0 0.23027259212757323 0.2548394342246287 0.2218612266255041 0.22606690937653867 0.24495039640462848 0.2497244146625596 1.0 1.0
1.0 0.2628358831774308 0.22738230208004637 0.2254513394580022 0.22411670352805987 0.22410250527348602 0.22540164556699369 0.2887482372011851 0.27374014269015084 1.0
1.0 0.2300784756041332 0.22558742872015905 0.22296890800092306 0.22267796125434128 0.222259281789748 0.24642259348901904 0.28253693811515457 0.365047722845436 1.0
1.0 0.24686229213556746 0.24481529012070755 0.2233290433030944 0.22202066997624037 0.22352596457669546 0.22578050019260998 0.22752974829496692 0.2550333432050607 1.0
1.0 0.25539872301182015 0.25928454475214546 0.22878726373967478 0.22380722594789537 0.21796112995450137 0.23126359113480244 0.25126531920736317 0.2649269872266513 1.0
1.0 1.0 0.25886772026043686 0.22789340871213035 0.25637785295001075 0.2530075304290776 0.24796984182071485 0.2643626875799134 1.0 1.0
1.0 1.0 1.0 0.23863783338092892 0.2363884954375915 0.4484814471888015 0.29780759867957124 1.0 1.0 1.0
1.0 1.0 1.0 1.0 1.0 1.0 1.0 1.0 1.0 1.0
deviation- 
0.0 0.0 0.0 0.0 0.0 0.0 0.0 0.0 0.0 0.0
0.0 0.0 0.0 0.0 0.0 0.0 0.0 0.0 0.0 0.0
0.0 0.0 0.0 0.0 0.0 0.0 0.0 0.0 0.0 0.0
0.0 0.0 0.0 0.0 0.0 0.0 0.0 0.0 0.0 0.0
0.0 0.0 0.0 0.0 0.0 0.0 0.0 0.0 0.0 0.0
0.0 0.0 0.0 0.0 0.0 0.0 0.0 0.0 0.0 0.0
0.0 0.0 0.0 0.0 0.0 0.0 0.0 0.0 0.0 0.0
0.0 0.0 0.0 0.0 0.0 0.0 0.0 0.0 0.0 0.0
0.0 0.0 0.0 0.0 0.0 0.0 0.0 0.0 0.0 0.0
0.0 0.0 0.0 0.0 0.0 0.0 0.0 0.0 0.0 0.0
pointenable- 
n n n n n n n n n n
n n n y y y y n n n
n n y y y y y y n n
n y y y y y y y y n
n y y y y y y y y n
n y y y y y y y y n
n y y y y y y y y n
n n y y y y y y n n
n n n y y y y n n n
n n n n n n n n n n
