v1.0
#head
personName-Vinicius Machado
birthdate-01/01/1990
age-26
date-13/04/2016
stimulus-0
blindspot-1
blindspotsize-1
time-12:00:00
strategy-1
#righteye
timetest-204
fneg-1
fnegtests-7
fpos-5
fpostests-7
fixationlosses-1
fixationlossestests-10
firings-204
visualfield- 
0,0 0,0 0,0 0,0 0,0 0,0 0,0 0,0 0,0 0,0
0,0 0,0 0,0 2,4 3,3 2,3 2,3 0,0 0,0 0,0
0,0 0,0 3,3 3,3 3,3 3,3 2,3 3,3 0,0 0,0
0,0 2,4 2,3 3,3 3,3 3,3 3,3 2,3 3,4 0,0
0,0 3,4 2,3 3,3 3,3 3,3 3,3 0,0 0,0 0,0
0,0 2,4 2,3 3,3 4,5 3,3 4,4 0,0 0,0 0,0
0,0 3,4 3,3 3,3 3,3 3,4 4,5 3,4 5,5 0,0
0,0 0,0 2,3 3,3 2,3 3,3 2,3 3,4 0,0 0,0
0,0 0,0 0,0 4,5 3,4 2,4 3,5 0,0 0,0 0,0
0,0 0,0 0,0 0,0 0,0 0,0 0,0 0,0 0,0 0,0
minintensity- 
1.0 1.0 1.0 1.0 1.0 1.0 1.0 1.0 1.0 1.0
1.0 1.0 1.0 0.3828577742483157 0.23694238452202027 0.28190799674604106 0.2985054135097941 1.0 1.0 1.0
1.0 1.0 0.2591909337909746 0.2281779604776488 0.28479707312507857 0.22691160050897274 0.2721693107182347 0.2486445236156891 1.0 1.0
1.0 0.2555352400956465 0.22981851780681078 0.22890955309829847 0.22392686342284054 0.2895326700900316 0.24697386808583827 0.3281782587819751 0.21642755794042556 1.0
1.0 0.23128047135615684 0.2672447884446051 0.2233582318937528 0.3167993848796867 0.22355519138405844 0.22581001689281674 0.22755949287397417 0.2550666830101153 1.0
1.0 0.23010855046635112 0.25118153187772024 0.22299805355221936 0.22270707034639178 0.2222883376890736 0.22325355245520057 0.22755949287397417 0.2550666830101153 1.0
1.0 0.2629763850760209 0.2547938092403589 0.22557184697376148 0.22423649615967167 0.22422230267135007 0.22552212503725666 0.25933969133089396 0.23705017465230394 1.0
1.0 1.0 0.23056011012819067 0.22782868873624693 0.2221382449094255 0.22634917005892466 0.24525624456945413 0.22526799423609567 1.0 1.0
1.0 1.0 1.0 0.2315207080860815 0.23106447068026487 0.29131670955691236 0.26050624147790213 1.0 1.0 1.0
1.0 1.0 1.0 1.0 1.0 1.0 1.0 1.0 1.0 1.0
deviation- 
0.0 0.0 0.0 0.0 0.0 0.0 0.0 0.0 0.0 0.0
0.0 0.0 0.0 0.0 0.0 0.0 0.0 0.0 0.0 0.0
0.0 0.0 0.0 0.0 0.0 0.0 0.0 0.0 0.0 0.0
0.0 0.0 0.0 0.0 0.0 0.0 0.0 0.0 0.0 0.0
0.0 0.0 0.0 0.0 0.0 0.0 0.0 0.0 0.0 0.0
0.0 0.0 0.0 0.0 0.0 0.0 0.0 0.0 0.0 0.0
0.0 0.0 0.0 0.0 0.0 0.0 0.0 0.0 0.0 0.0
0.0 0.0 0.0 0.0 0.0 0.0 0.0 0.0 0.0 0.0
0.0 0.0 0.0 0.0 0.0 0.0 0.0 0.0 0.0 0.0
0.0 0.0 0.0 0.0 0.0 0.0 0.0 0.0 0.0 0.0
pointenable- 
n n n n n n n n n n
n n n y y y y n n n
n n y y y y y y n n
n y y y y y y y y n
n y y y y y y y y n
n y y y y y y y y n
n y y y y y y y y n
n n y y y y y y n n
n n n y y y y n n n
n n n n n n n n n n
