v1.0
#head
personName-Vinicius Machado
birthdate-01/01/1990
age-26
date-13/04/2016
stimulus-0
blindspot-1
blindspotsize-1
time-12:00:00
strategy-1
#righteye
timetest-207
fneg-0
fnegtests-7
fpos-3
fpostests-5
fixationlosses-6
fixationlossestests-10
firings-207
visualfield- 
0,0 0,0 0,0 0,0 0,0 0,0 0,0 0,0 0,0 0,0
0,0 0,0 0,0 2,4 2,3 2,3 2,3 0,0 0,0 0,0
0,0 0,0 2,3 3,3 1,3 3,3 3,3 4,5 0,0 0,0
0,0 3,4 3,5 3,3 3,3 2,3 2,3 2,3 3,4 0,0
0,0 3,4 3,3 3,3 3,3 4,5 3,3 0,0 0,0 0,0
0,0 2,4 2,3 3,3 3,3 3,3 4,4 0,0 0,0 0,0
0,0 3,4 2,3 3,3 3,3 4,4 4,5 3,4 3,5 0,0
0,0 0,0 2,3 3,3 2,3 2,3 2,3 3,4 0,0 0,0
0,0 0,0 0,0 3,4 3,4 3,5 3,4 0,0 0,0 0,0
0,0 0,0 0,0 0,0 0,0 0,0 0,0 0,0 0,0 0,0
minintensity- 
1.0 1.0 1.0 1.0 1.0 1.0 1.0 1.0 1.0 1.0
1.0 1.0 1.0 0.2583263210503851 0.23694238452202027 0.24142319266408727 0.25947857964100673 1.0 1.0 1.0
1.0 1.0 0.2591909337909746 0.2281779604776488 0.28479707312507857 0.27973527367348 0.24827945184121827 0.23259627038603245 1.0 1.0
1.0 0.2555352400956465 0.28902775761576716 0.22890955309829847 0.22392686342284054 0.21807764041257127 0.24697386808583827 0.2513996273450632 0.2650686126003365 1.0
1.0 0.26250863997448065 0.2448472932090144 0.2233582318937528 0.22204969420252216 0.22355519138405844 0.22581001689281674 0.22755949287397417 0.3375882385154296 1.0
1.0 0.24513668178216472 0.22561691730777664 0.22299805355221936 0.22270707034639178 0.31775395882589247 0.22325355245520057 0.2550666830101153 0.4201098238269621 1.0
1.0 0.247285752100754 0.3957159751374289 0.22557184697376148 0.22423649615967167 0.24823070744036754 0.2761386389436104 0.28890258059061147 0.29230460468638736 1.0
1.0 1.0 0.2606204563296622 0.22782868873624693 0.24377672589213187 0.22634917005892466 0.22287799678820322 0.3283945116819186 1.0 1.0
1.0 1.0 1.0 0.2621030574621834 0.2611905826505501 0.29131670955691236 0.2902901828618634 1.0 1.0 1.0
1.0 1.0 1.0 1.0 1.0 1.0 1.0 1.0 1.0 1.0
deviation- 
0.0 0.0 0.0 0.0 0.0 0.0 0.0 0.0 0.0 0.0
0.0 0.0 0.0 0.0 0.0 0.0 0.0 0.0 0.0 0.0
0.0 0.0 0.0 0.0 0.0 0.0 0.0 0.0 0.0 0.0
0.0 0.0 0.0 0.0 0.0 0.0 0.0 0.0 0.0 0.0
0.0 0.0 0.0 0.0 0.0 0.0 0.0 0.0 0.0 0.0
0.0 0.0 0.0 0.0 0.0 0.0 0.0 0.0 0.0 0.0
0.0 0.0 0.0 0.0 0.0 0.0 0.0 0.0 0.0 0.0
0.0 0.0 0.0 0.0 0.0 0.0 0.0 0.0 0.0 0.0
0.0 0.0 0.0 0.0 0.0 0.0 0.0 0.0 0.0 0.0
0.0 0.0 0.0 0.0 0.0 0.0 0.0 0.0 0.0 0.0
pointenable- 
n n n n n n n n n n
n n n y y y y n n n
n n y y y y y y n n
n y y y y y y y y n
n y y y y y y y y n
n y y y y y y y y n
n y y y y y y y y n
n n y y y y y y n n
n n n y y y y n n n
n n n n n n n n n n
