#head
personName-Vinicius Machado
birthdate-01/01/1990
age-26
date-13/04/2016
stimulus-0
blindspot-1
blindspotsize-1
time-15:55:45
strategy-1
#lefteye
timetest-209
fneg-0
fnegtests-7
fpos-10
fpostests-12
fixationlosses-4
fixationlossestests-10
firings-209
visualfield- 
0,0 0,0 0,0 0,0 0,0 0,0 0,0 0,0 0,0 0,0
0,0 0,0 0,0 3,4 2,3 2,3 3,3 0,0 0,0 0,0
0,0 0,0 4,5 4,5 3,3 3,3 3,3 2,3 0,0 0,0
0,0 3,4 2,3 3,3 3,3 4,5 3,3 3,3 3,4 0,0
0,0 0,0 0,0 3,3 3,3 3,3 3,3 3,4 3,4 0,0
0,0 0,0 0,0 3,3 3,3 3,3 4,4 4,4 3,4 0,0
0,0 3,4 2,3 3,3 3,3 4,4 4,5 4,4 3,5 0,0
0,0 0,0 2,3 2,3 3,3 2,3 3,3 3,4 0,0 0,0
0,0 0,0 0,0 3,4 3,4 3,4 2,5 0,0 0,0 0,0
0,0 0,0 0,0 0,0 0,0 0,0 0,0 0,0 0,0 0,0
minintensity- 
1.0 1.0 1.0 1.0 1.0 1.0 1.0 1.0 1.0 1.0
1.0 1.0 1.0 0.23097948866434892 0.2605800067994675 0.2605800067994675 0.2301829491386022 1.0 1.0 1.0
1.0 1.0 0.3491270783493735 0.3382150366169595 0.2218612266255041 0.22606690937653867 0.22260006278446962 0.2497244146625596 1.0 1.0
1.0 0.24715364128737358 0.2546576885428907 0.2254513394580022 0.22411670352805987 0.3248546421278352 0.22540164556699369 0.22965402281186303 0.292148449458388 1.0
1.0 0.24510463671376323 1.0 0.22296890800092306 0.22267796125434128 0.222259281789748 0.22322437343694607 0.2550333432050607 0.2550333432050607 1.0
1.0 0.23125024588533602 0.24481529012070755 0.2233290433030944 0.22202066997624037 0.22352596457669546 0.22578050019260998 0.22752974829496692 0.2550333432050607 1.0
1.0 0.23696812054694744 0.25928454475214546 0.22878726373967478 0.22380722594789537 0.21796112995450137 0.24684192889360265 0.2256861174122826 0.2649269872266513 1.0
1.0 1.0 0.25886772026043686 0.25553708825995 0.22831379105716076 0.2530075304290776 0.22410978549251281 0.23230620837211208 1.0 1.0
1.0 1.0 1.0 0.23863783338092892 0.2363884954375915 0.2408588172452532 0.2394042232574261 1.0 1.0 1.0
1.0 1.0 1.0 1.0 1.0 1.0 1.0 1.0 1.0 1.0
deviation- 
0.0 0.0 0.0 0.0 0.0 0.0 0.0 0.0 0.0 0.0
0.0 0.0 0.0 0.0 0.0 0.0 0.0 0.0 0.0 0.0
0.0 0.0 0.0 0.0 0.0 0.0 0.0 0.0 0.0 0.0
0.0 0.0 0.0 0.0 0.0 0.0 0.0 0.0 0.0 0.0
0.0 0.0 0.0 0.0 0.0 0.0 0.0 0.0 0.0 0.0
0.0 0.0 0.0 0.0 0.0 0.0 0.0 0.0 0.0 0.0
0.0 0.0 0.0 0.0 0.0 0.0 0.0 0.0 0.0 0.0
0.0 0.0 0.0 0.0 0.0 0.0 0.0 0.0 0.0 0.0
0.0 0.0 0.0 0.0 0.0 0.0 0.0 0.0 0.0 0.0
0.0 0.0 0.0 0.0 0.0 0.0 0.0 0.0 0.0 0.0
pointenable- 
n n n n n n n n n n
n n n y y y y n n n
n n y y y y y y n n
n y y y y y y y y n
n y y y y y y y y n
n y y y y y y y y n
n y y y y y y y y n
n n y y y y y y n n
n n n y y y y n n n
n n n n n n n n n n
#righteye
timetest-204
fneg-1
fnegtests-7
fpos-5
fpostests-7
fixationlosses-1
fixationlossestests-10
firings-204
visualfield- 
0,0 0,0 0,0 0,0 0,0 0,0 0,0 0,0 0,0 0,0
0,0 0,0 0,0 2,4 3,3 2,3 2,3 0,0 0,0 0,0
0,0 0,0 3,3 3,3 3,3 3,3 2,3 3,3 0,0 0,0
0,0 2,4 2,3 3,3 3,3 3,3 3,3 2,3 3,4 0,0
0,0 3,4 2,3 3,3 3,3 3,3 3,3 0,0 0,0 0,0
0,0 2,4 2,3 3,3 4,5 3,3 4,4 0,0 0,0 0,0
0,0 3,4 3,3 3,3 3,3 3,4 4,5 3,4 5,5 0,0
0,0 0,0 2,3 3,3 2,3 3,3 2,3 3,4 0,0 0,0
0,0 0,0 0,0 4,5 3,4 2,4 3,5 0,0 0,0 0,0
0,0 0,0 0,0 0,0 0,0 0,0 0,0 0,0 0,0 0,0
minintensity- 
1.0 1.0 1.0 1.0 1.0 1.0 1.0 1.0 1.0 1.0
1.0 1.0 1.0 0.23097948866434892 0.23052432322106509 0.2906356903778699 0.2598972586345418 1.0 1.0 1.0
1.0 1.0 0.23027259212757323 0.22754458169446973 0.2218612266255041 0.22606690937653867 0.24495039640462848 0.22498707191343517 1.0 1.0
1.0 0.2628358831774308 0.2546576885428907 0.2254513394580022 0.22411670352805987 0.22410250527348602 0.22540164556699369 0.25920113000652406 0.23692352915367643 1.0
1.0 0.2300784756041332 0.251148704055445 0.22296890800092306 0.22267796125434128 0.222259281789748 0.22322437343694607 0.22752974829496692 0.2550333432050607 1.0
1.0 0.23125024588533602 0.2672098584886248 0.2233290433030944 0.31675797806544026 0.22352596457669546 0.22578050019260998 0.22752974829496692 0.2550333432050607 1.0
1.0 0.25539872301182015 0.22969573018467374 0.22878726373967478 0.22380722594789537 0.2893779873036988 0.24684192889360265 0.32800292459260505 0.21631193351956432 1.0
1.0 1.0 0.25886772026043686 0.22789340871213035 0.2844419148428607 0.22662862979669418 0.2718298981489169 0.2483344479760127 1.0 1.0
1.0 1.0 1.0 0.3819627803076532 0.2363884954375915 0.2812489948478437 0.29780759867957124 1.0 1.0 1.0
1.0 1.0 1.0 1.0 1.0 1.0 1.0 1.0 1.0 1.0
deviation- 
0.0 0.0 0.0 0.0 0.0 0.0 0.0 0.0 0.0 0.0
0.0 0.0 0.0 0.0 0.0 0.0 0.0 0.0 0.0 0.0
0.0 0.0 0.0 0.0 0.0 0.0 0.0 0.0 0.0 0.0
0.0 0.0 0.0 0.0 0.0 0.0 0.0 0.0 0.0 0.0
0.0 0.0 0.0 0.0 0.0 0.0 0.0 0.0 0.0 0.0
0.0 0.0 0.0 0.0 0.0 0.0 0.0 0.0 0.0 0.0
0.0 0.0 0.0 0.0 0.0 0.0 0.0 0.0 0.0 0.0
0.0 0.0 0.0 0.0 0.0 0.0 0.0 0.0 0.0 0.0
0.0 0.0 0.0 0.0 0.0 0.0 0.0 0.0 0.0 0.0
0.0 0.0 0.0 0.0 0.0 0.0 0.0 0.0 0.0 0.0
pointenable- 
n n n n n n n n n n
n n n y y y y n n n
n n y y y y y y n n
n y y y y y y y y n
n y y y y y y y y n
n y y y y y y y y n
n y y y y y y y y n
n n y y y y y y n n
n n n y y y y n n n
n n n n n n n n n n
