#head
personName-Vinicius Machado
birthdate-01/01/1990
age-26
date-13/04/2016
stimulus-0
blindspot-1
blindspotsize-1
time-16:18:24
strategy-1
#lefteye
timetest-205
fneg-0
fnegtests-7
fpos-2
fpostests-5
fixationlosses-2
fixationlossestests-10
firings-205
visualfield- 
0,0 0,0 0,0 0,0 0,0 0,0 0,0 0,0 0,0 0,0
0,0 0,0 0,0 3,4 2,3 2,3 1,3 0,0 0,0 0,0
0,0 0,0 2,3 2,3 3,3 2,3 3,3 3,3 0,0 0,0
0,0 3,4 3,3 3,3 3,3 3,3 3,3 2,3 3,4 0,0
0,0 0,0 0,0 3,3 3,3 3,3 3,3 3,4 3,4 0,0
0,0 0,0 0,0 3,3 2,3 3,3 4,4 3,4 3,4 0,0
0,0 2,4 1,3 3,3 3,3 3,4 4,5 4,4 3,5 0,0
0,0 0,0 3,3 2,3 3,3 3,3 3,3 4,4 0,0 0,0
0,0 0,0 0,0 3,4 3,4 3,4 3,4 0,0 0,0 0,0
0,0 0,0 0,0 0,0 0,0 0,0 0,0 0,0 0,0 0,0
minintensity- 
1.0 1.0 1.0 1.0 1.0 1.0 1.0 1.0 1.0 1.0
1.0 1.0 1.0 0.23097948866434892 0.2605800067994675 0.23052432322106509 0.31932587762642073 1.0 1.0 1.0
1.0 1.0 0.2602954550908357 0.28213428675478763 0.2218612266255041 0.2777012698009944 0.22260006278446962 0.22498707191343517 1.0 1.0
1.0 0.27851812506748796 0.22738230208004637 0.2254513394580022 0.22411670352805987 0.22410250527348602 0.22540164556699369 0.25920113000652406 0.23692352915367643 1.0
1.0 0.30520928115228335 0.4172862879864091 0.22296890800092306 0.22267796125434128 0.222259281789748 0.22322437343694607 0.2550333432050607 0.2550333432050607 1.0
1.0 0.24686229213556746 0.24481529012070755 0.2233290433030944 0.26600970315897493 0.22352596457669546 0.22578050019260998 0.2550333432050607 0.2550333432050607 1.0
1.0 0.27382932547669286 0.31846217388708886 0.22878726373967478 0.22380722594789537 0.2893779873036988 0.24684192889360265 0.2256861174122826 0.2649269872266513 1.0
1.0 1.0 0.22955872471237382 0.25553708825995 0.22831379105716076 0.22662862979669418 0.22410978549251281 0.21627796876821143 1.0 1.0
1.0 1.0 1.0 0.23863783338092892 0.25434842333505586 0.2408588172452532 0.2394042232574261 1.0 1.0 1.0
1.0 1.0 1.0 1.0 1.0 1.0 1.0 1.0 1.0 1.0
deviation- 
0.0 0.0 0.0 0.0 0.0 0.0 0.0 0.0 0.0 0.0
0.0 0.0 0.0 0.0 0.0 0.0 0.0 0.0 0.0 0.0
0.0 0.0 0.0 0.0 0.0 0.0 0.0 0.0 0.0 0.0
0.0 0.0 0.0 0.0 0.0 0.0 0.0 0.0 0.0 0.0
0.0 0.0 0.0 0.0 0.0 0.0 0.0 0.0 0.0 0.0
0.0 0.0 0.0 0.0 0.0 0.0 0.0 0.0 0.0 0.0
0.0 0.0 0.0 0.0 0.0 0.0 0.0 0.0 0.0 0.0
0.0 0.0 0.0 0.0 0.0 0.0 0.0 0.0 0.0 0.0
0.0 0.0 0.0 0.0 0.0 0.0 0.0 0.0 0.0 0.0
0.0 0.0 0.0 0.0 0.0 0.0 0.0 0.0 0.0 0.0
pointenable- 
n n n n n n n n n n
n n n y y y y n n n
n n y y y y y y n n
n y y y y y y y y n
n y y y y y y y y n
n y y y y y y y y n
n y y y y y y y y n
n n y y y y y y n n
n n n y y y y n n n
n n n n n n n n n n
#righteye
timetest-207
fneg-0
fnegtests-7
fpos-3
fpostests-5
fixationlosses-6
fixationlossestests-10
firings-207
visualfield- 
0,0 0,0 0,0 0,0 0,0 0,0 0,0 0,0 0,0 0,0
0,0 0,0 0,0 2,4 2,3 2,3 2,3 0,0 0,0 0,0
0,0 0,0 2,3 3,3 1,3 3,3 3,3 4,5 0,0 0,0
0,0 3,4 3,5 3,3 3,3 2,3 2,3 2,3 3,4 0,0
0,0 3,4 3,3 3,3 3,3 4,5 3,3 0,0 0,0 0,0
0,0 2,4 2,3 3,3 3,3 3,3 4,4 0,0 0,0 0,0
0,0 3,4 2,3 3,3 3,3 4,4 4,5 3,4 3,5 0,0
0,0 0,0 2,3 3,3 2,3 2,3 2,3 3,4 0,0 0,0
0,0 0,0 0,0 3,4 3,4 3,5 3,4 0,0 0,0 0,0
0,0 0,0 0,0 0,0 0,0 0,0 0,0 0,0 0,0 0,0
minintensity- 
1.0 1.0 1.0 1.0 1.0 1.0 1.0 1.0 1.0 1.0
1.0 1.0 1.0 0.2614903376860352 0.2605800067994675 0.2906356903778699 0.2896115681304812 1.0 1.0 1.0
1.0 1.0 0.2602954550908357 0.22754458169446973 0.24347272408669743 0.22606690937653867 0.22260006278446962 0.3279849974928214 1.0 1.0
1.0 0.24715364128737358 0.39550456512507076 0.2254513394580022 0.22411670352805987 0.24809809492977003 0.27599110546657707 0.2887482372011851 0.292148449458388 1.0
1.0 0.24510463671376323 0.22558742872015905 0.22296890800092306 0.22267796125434128 0.31771242531947075 0.22322437343694607 0.2550333432050607 0.42005491266562367 1.0
1.0 0.2624743383857989 0.24481529012070755 0.2233290433030944 0.22202066997624037 0.22352596457669546 0.22578050019260998 0.22752974829496692 0.3375441279353422 1.0
1.0 0.25539872301182015 0.28887335931961716 0.22878726373967478 0.22380722594789537 0.21796112995450137 0.24684192889360265 0.25126531920736317 0.2649269872266513 1.0
1.0 1.0 0.25886772026043686 0.22789340871213035 0.2844419148428607 0.279386431061461 0.24796984182071485 0.23230620837211208 1.0 1.0
1.0 1.0 1.0 0.25772243025006203 0.2363884954375915 0.2408588172452532 0.2588720150648078 1.0 1.0 1.0
1.0 1.0 1.0 1.0 1.0 1.0 1.0 1.0 1.0 1.0
deviation- 
0.0 0.0 0.0 0.0 0.0 0.0 0.0 0.0 0.0 0.0
0.0 0.0 0.0 0.0 0.0 0.0 0.0 0.0 0.0 0.0
0.0 0.0 0.0 0.0 0.0 0.0 0.0 0.0 0.0 0.0
0.0 0.0 0.0 0.0 0.0 0.0 0.0 0.0 0.0 0.0
0.0 0.0 0.0 0.0 0.0 0.0 0.0 0.0 0.0 0.0
0.0 0.0 0.0 0.0 0.0 0.0 0.0 0.0 0.0 0.0
0.0 0.0 0.0 0.0 0.0 0.0 0.0 0.0 0.0 0.0
0.0 0.0 0.0 0.0 0.0 0.0 0.0 0.0 0.0 0.0
0.0 0.0 0.0 0.0 0.0 0.0 0.0 0.0 0.0 0.0
0.0 0.0 0.0 0.0 0.0 0.0 0.0 0.0 0.0 0.0
pointenable- 
n n n n n n n n n n
n n n y y y y n n n
n n y y y y y y n n
n y y y y y y y y n
n y y y y y y y y n
n y y y y y y y y n
n y y y y y y y y n
n n y y y y y y n n
n n n y y y y n n n
n n n n n n n n n n
