#head
personName-Vinicius Machado
birthdate-01/01/1990
age-26
date-13/04/2016
stimulus-0
blindspot-1
blindspotsize-1
time-16:18:24
strategy-1
#lefteye
timetest-1460575104
fneg-0
fnegtests-0
fpos-0
fpostests-0
fixationlosses-0
fixationlossestests-0
firings-0
visualfield- 
0,0 0,0 0,0 0,0 0,0 0,0 0,0 0,0 0,0 0,0
0,0 0,0 0,0 0,0 0,0 0,0 0,0 0,0 0,0 0,0
0,0 0,0 0,0 0,0 0,0 0,0 0,0 0,0 0,0 0,0
0,0 0,0 0,0 0,0 0,0 0,0 0,0 0,0 0,0 0,0
0,0 0,0 0,0 0,0 0,0 0,0 0,0 0,0 0,0 0,0
0,0 0,0 0,0 0,0 0,0 0,0 0,0 0,0 0,0 0,0
0,0 0,0 0,0 0,0 0,0 0,0 0,0 0,0 0,0 0,0
0,0 0,0 0,0 0,0 0,0 0,0 0,0 0,0 0,0 0,0
0,0 0,0 0,0 0,0 0,0 0,0 0,0 0,0 0,0 0,0
0,0 0,0 0,0 0,0 0,0 0,0 0,0 0,0 0,0 0,0
minintensity- 
1.0 1.0 1.0 1.0 1.0 1.0 1.0 1.0 1.0 1.0
1.0 1.0 1.0 0.3225120357294076 0.32069137395627223 0.32069137395627223 0.31932587762642073 1.0 1.0 1.0
1.0 1.0 0.32034118101736053 0.30942913928494653 0.2866957190090841 0.3035184500132223 0.2896510636449462 0.2991991001608084 1.0 1.0
1.0 0.32556485073765945 0.3092084614685794 0.3014846109804027 0.29614606726063347 0.29608927424233805 0.3012858354163687 0.3182953443958461 0.34737336976309957 1.0
1.0 0.32023544226191336 0.3022712547260168 0.2917971718490729 0.2906333848627458 0.28895866700437267 0.29281903359316497 0.42005491266562367 0.42005491266562367 1.0
1.0 0.32492252338672467 0.289604426856542 0.29323771305775825 0.2880042197503422 0.2940253981521626 0.4060609278467683 0.42005491266562367 0.42005491266562367 1.0
1.0 0.34755173533618366 0.31846217388708886 0.31482830810709306 0.2949081569399756 0.34294063031559674 0.4493603197580055 0.4047405299778468 0.45938720205499906 1.0
1.0 1.0 0.3174857113565629 0.31082444735558906 0.3125059767357107 0.3057653316938444 0.29568995447711893 0.3284756459955159 1.0 1.0
1.0 1.0 1.0 0.35314541459572757 0.3441480628223778 0.3620293500530247 0.3562109741017164 1.0 1.0 1.0
1.0 1.0 1.0 1.0 1.0 1.0 1.0 1.0 1.0 1.0
deviation- 
0.0 0.0 0.0 0.0 0.0 0.0 0.0 0.0 0.0 0.0
0.0 0.0 0.0 0.0 0.0 0.0 0.0 0.0 0.0 0.0
0.0 0.0 0.0 0.0 0.0 0.0 0.0 0.0 0.0 0.0
0.0 0.0 0.0 0.0 0.0 0.0 0.0 0.0 0.0 0.0
0.0 0.0 0.0 0.0 0.0 0.0 0.0 0.0 0.0 0.0
0.0 0.0 0.0 0.0 0.0 0.0 0.0 0.0 0.0 0.0
0.0 0.0 0.0 0.0 0.0 0.0 0.0 0.0 0.0 0.0
0.0 0.0 0.0 0.0 0.0 0.0 0.0 0.0 0.0 0.0
0.0 0.0 0.0 0.0 0.0 0.0 0.0 0.0 0.0 0.0
0.0 0.0 0.0 0.0 0.0 0.0 0.0 0.0 0.0 0.0
pointenable- 
n n n n n n n n n n
n n n y y y y n n n
n n y y y y y y n n
n y y y y y y y y n
n y y y y y y y y n
n y y y y y y y y n
n y y y y y y y y n
n n y y y y y y n n
n n n y y y y n n n
n n n n n n n n n n
#righteye
timetest-207
fneg-0
fnegtests-7
fpos-3
fpostests-5
fixationlosses-6
fixationlossestests-10
firings-207
visualfield- 
0,0 0,0 0,0 0,0 0,0 0,0 0,0 0,0 0,0 0,0
0,0 0,0 0,0 2,4 2,3 2,3 2,3 0,0 0,0 0,0
0,0 0,0 2,3 3,3 1,3 3,3 3,3 4,5 0,0 0,0
0,0 3,4 3,5 3,3 3,3 2,3 2,3 2,3 3,4 0,0
0,0 3,4 3,3 3,3 3,3 4,5 3,3 0,0 0,0 0,0
0,0 2,4 2,3 3,3 3,3 3,3 4,4 0,0 0,0 0,0
0,0 3,4 2,3 3,3 3,3 4,4 4,5 3,4 3,5 0,0
0,0 0,0 2,3 3,3 2,3 2,3 2,3 3,4 0,0 0,0
0,0 0,0 0,0 3,4 3,4 3,5 3,4 0,0 0,0 0,0
0,0 0,0 0,0 0,0 0,0 0,0 0,0 0,0 0,0 0,0
minintensity- 
1.0 1.0 1.0 1.0 1.0 1.0 1.0 1.0 1.0 1.0
1.0 1.0 1.0 0.2614903376860352 0.2605800067994675 0.2906356903778699 0.2896115681304812 1.0 1.0 1.0
1.0 1.0 0.2602954550908357 0.22754458169446973 0.24347272408669743 0.22606690937653867 0.22260006278446962 0.3279849974928214 1.0 1.0
1.0 0.24715364128737358 0.39550456512507076 0.2254513394580022 0.22411670352805987 0.24809809492977003 0.27599110546657707 0.2887482372011851 0.292148449458388 1.0
1.0 0.24510463671376323 0.22558742872015905 0.22296890800092306 0.22267796125434128 0.31771242531947075 0.22322437343694607 0.2550333432050607 0.42005491266562367 1.0
1.0 0.2624743383857989 0.24481529012070755 0.2233290433030944 0.22202066997624037 0.22352596457669546 0.22578050019260998 0.22752974829496692 0.3375441279353422 1.0
1.0 0.25539872301182015 0.28887335931961716 0.22878726373967478 0.22380722594789537 0.21796112995450137 0.24684192889360265 0.25126531920736317 0.2649269872266513 1.0
1.0 1.0 0.25886772026043686 0.22789340871213035 0.2844419148428607 0.279386431061461 0.24796984182071485 0.23230620837211208 1.0 1.0
1.0 1.0 1.0 0.25772243025006203 0.2363884954375915 0.2408588172452532 0.2588720150648078 1.0 1.0 1.0
1.0 1.0 1.0 1.0 1.0 1.0 1.0 1.0 1.0 1.0
deviation- 
0.0 0.0 0.0 0.0 0.0 0.0 0.0 0.0 0.0 0.0
0.0 0.0 0.0 0.0 0.0 0.0 0.0 0.0 0.0 0.0
0.0 0.0 0.0 0.0 0.0 0.0 0.0 0.0 0.0 0.0
0.0 0.0 0.0 0.0 0.0 0.0 0.0 0.0 0.0 0.0
0.0 0.0 0.0 0.0 0.0 0.0 0.0 0.0 0.0 0.0
0.0 0.0 0.0 0.0 0.0 0.0 0.0 0.0 0.0 0.0
0.0 0.0 0.0 0.0 0.0 0.0 0.0 0.0 0.0 0.0
0.0 0.0 0.0 0.0 0.0 0.0 0.0 0.0 0.0 0.0
0.0 0.0 0.0 0.0 0.0 0.0 0.0 0.0 0.0 0.0
0.0 0.0 0.0 0.0 0.0 0.0 0.0 0.0 0.0 0.0
pointenable- 
n n n n n n n n n n
n n n y y y y n n n
n n y y y y y y n n
n y y y y y y y y n
n y y y y y y y y n
n y y y y y y y y n
n y y y y y y y y n
n n y y y y y y n n
n n n y y y y n n n
n n n n n n n n n n
