v1.0
#head
personName-Vinicius Machado
birthdate-01/01/1990
age-26
date-07/04/2016
stimulus-0
blindspot-1
blindspotsize-1
time-00:00:00
strategy-1
#lefteye
timetest-211
fneg-1
fnegtests-7
fpos-7
fpostests-9
fixationlosses-2
fixationlossestests-10
firings-211
visualfield- 
0,0 0,0 0,0 0,0 0,0 0,0 0,0 0,0 0,0 0,0
0,0 0,0 0,0 3,4 3,3 2,3 3,5 0,0 0,0 0,0
0,0 0,0 3,3 2,3 3,3 2,3 3,3 3,3 0,0 0,0
0,0 5,7 3,3 2,3 3,3 3,3 3,3 3,3 3,4 0,0
0,0 0,0 0,0 3,3 4,5 2,3 2,3 3,4 3,4 0,0
0,0 0,0 0,0 3,3 3,3 2,3 3,4 3,4 3,4 0,0
0,0 3,4 2,3 3,3 2,3 2,4 5,5 4,4 3,5 0,0
0,0 0,0 2,3 2,3 2,3 3,3 2,3 3,4 0,0 0,0
0,0 0,0 0,0 2,4 4,5 5,6 3,5 0,0 0,0 0,0
0,0 0,0 0,0 0,0 0,0 0,0 0,0 0,0 0,0 0,0
minintensity- 
1.0 1.0 1.0 1.0 1.0 1.0 1.0 1.0 1.0 1.0
1.0 1.0 1.0 0.23919700027024995 0.3738393411275508 0.391762543823665 0.23996517764269001 1.0 1.0 1.0
1.0 1.0 0.2591909337909746 0.25585615702857845 0.25669796011244755 0.22691160050897274 0.24827945184121827 0.23259627038603245 1.0 1.0
1.0 0.23709478275845758 0.28902775761576716 0.22890955309829847 0.2476398438524749 0.23594139783193635 0.2158005397210414 0.2258067551691347 0.2974959624947752 1.0
1.0 0.2781227466383063 0.2224497979734237 0.2233582318937528 0.22204969420252216 0.2705609388702909 0.25156773104780045 0.2550666830101153 0.2825738582431473 1.0
1.0 0.30524917723920086 0.22561691730777664 0.22299805355221936 0.3194288894551651 0.24452437264031418 0.24645480217256807 0.3375882385154296 0.2550666830101153 1.0
1.0 0.5838026256351705 0.22750384611678254 0.25092981095431677 0.22423649615967167 0.22422230267135007 0.22552212503725666 0.22977678716205008 0.255468327936416 1.0
1.0 1.0 0.23056011012819067 0.28248656819483625 0.2221382449094255 0.25219860603066385 0.22287799678820322 0.22526799423609567 1.0 1.0
1.0 1.0 1.0 0.2315207080860815 0.23106447068026487 0.2611905826505501 0.46449854996502155 1.0 1.0 1.0
1.0 1.0 1.0 1.0 1.0 1.0 1.0 1.0 1.0 1.0
deviation- 
0.0 0.0 0.0 0.0 0.0 0.0 0.0 0.0 0.0 0.0
0.0 0.0 0.0 0.0 0.0 0.0 0.0 0.0 0.0 0.0
0.0 0.0 0.0 0.0 0.0 0.0 0.0 0.0 0.0 0.0
0.0 0.0 0.0 0.0 0.0 0.0 0.0 0.0 0.0 0.0
0.0 0.0 0.0 0.0 0.0 0.0 0.0 0.0 0.0 0.0
0.0 0.0 0.0 0.0 0.0 0.0 0.0 0.0 0.0 0.0
0.0 0.0 0.0 0.0 0.0 0.0 0.0 0.0 0.0 0.0
0.0 0.0 0.0 0.0 0.0 0.0 0.0 0.0 0.0 0.0
0.0 0.0 0.0 0.0 0.0 0.0 0.0 0.0 0.0 0.0
0.0 0.0 0.0 0.0 0.0 0.0 0.0 0.0 0.0 0.0
pointenable- 
n n n n n n n n n n
n n n y y y y n n n
n n y y y y y y n n
n y y y y y y y y n
n y y y y y y y y n
n y y y y y y y y n
n y y y y y y y y n
n n y y y y y y n n
n n n y y y y n n n
n n n n n n n n n n
