#head
personName-Vinicius Azevedo
birthdate-01/01/1990
age-26
date-13/04/2016
stimulus-0
blindspot-1
blindspotsize-1
time-10:48:59
strategy-1
#lefteye
timetest-206
fneg-2
fnegtests-7
fpos-2
fpostests-5
fixationlosses-0
fixationlossestests-10
firings-206
visualfield- 
0,0 0,0 0,0 0,0 0,0 0,0 0,0 0,0 0,0 0,0
0,0 0,0 0,0 2,4 1,3 1,3 1,3 0,0 0,0 0,0
0,0 0,0 2,3 2,3 2,3 2,3 2,3 2,3 0,0 0,0
0,0 3,4 2,3 2,3 3,3 3,3 2,3 2,3 2,4 0,0
0,0 0,0 0,0 3,3 3,3 3,3 3,3 3,4 3,4 0,0
0,0 0,0 0,0 3,3 3,3 3,3 3,4 4,4 4,4 0,0
0,0 3,4 2,3 2,3 4,5 4,4 4,5 4,4 3,5 0,0
0,0 0,0 2,3 2,3 2,3 2,3 2,3 1,4 0,0 0,0
0,0 0,0 0,0 3,4 2,4 3,4 3,5 0,0 0,0 0,0
0,0 0,0 0,0 0,0 0,0 0,0 0,0 0,0 0,0 0,0
minintensity- 
1.0 1.0 1.0 1.0 1.0 1.0 1.0 1.0 1.0 1.0
1.0 1.0 1.0 0.2614903376860352 0.2605800067994675 0.2906356903778699 0.2896115681304812 1.0 1.0 1.0
1.0 1.0 0.2602954550908357 0.2548394342246287 0.24347272408669743 0.25188408958876657 0.24495039640462848 0.27446175741168405 1.0 1.0
1.0 0.27851812506748796 0.28193307500573506 0.2507957632988024 0.22411670352805987 0.22410250527348602 0.25069637551678536 0.25920113000652406 0.27374014269015084 1.0
1.0 0.26013079782339327 1.0 0.22296890800092306 0.22267796125434128 0.222259281789748 0.22322437343694607 0.2550333432050607 0.2550333432050607 1.0
1.0 0.23125024588533602 0.289604426856542 0.2233290433030944 0.22202066997624037 0.22352596457669546 0.25153484700034684 0.22752974829496692 0.22752974829496692 1.0
1.0 0.23696812054694744 0.25928454475214546 0.25746761186214756 0.3236735248254727 0.21796112995450137 0.23126359113480244 0.2256861174122826 0.3135420409337382 1.0
1.0 1.0 0.25886772026043686 0.25553708825995 0.25637785295001075 0.2530075304290776 0.2718298981489169 0.3284756459955159 1.0 1.0
1.0 1.0 1.0 0.23863783338092892 0.2723083512325203 0.2610539060465485 0.2783398068721895 1.0 1.0 1.0
1.0 1.0 1.0 1.0 1.0 1.0 1.0 1.0 1.0 1.0
deviation- 
0.0 0.0 0.0 0.0 0.0 0.0 0.0 0.0 0.0 0.0
0.0 0.0 0.0 0.0 0.0 0.0 0.0 0.0 0.0 0.0
0.0 0.0 0.0 0.0 0.0 0.0 0.0 0.0 0.0 0.0
0.0 0.0 0.0 0.0 0.0 0.0 0.0 0.0 0.0 0.0
0.0 0.0 0.0 0.0 0.0 0.0 0.0 0.0 0.0 0.0
0.0 0.0 0.0 0.0 0.0 0.0 0.0 0.0 0.0 0.0
0.0 0.0 0.0 0.0 0.0 0.0 0.0 0.0 0.0 0.0
0.0 0.0 0.0 0.0 0.0 0.0 0.0 0.0 0.0 0.0
0.0 0.0 0.0 0.0 0.0 0.0 0.0 0.0 0.0 0.0
0.0 0.0 0.0 0.0 0.0 0.0 0.0 0.0 0.0 0.0
pointenable- 
n n n n n n n n n n
n n n y y y y n n n
n n y y y y y y n n
n y y y y y y y y n
n y y y y y y y y n
n y y y y y y y y n
n y y y y y y y y n
n n y y y y y y n n
n n n y y y y n n n
n n n n n n n n n n
#righteye
timetest-204
fneg-0
fnegtests-7
fpos-4
fpostests-7
fixationlosses-4
fixationlossestests-10
firings-204
visualfield- 
0,0 0,0 0,0 0,0 0,0 0,0 0,0 0,0 0,0 0,0
0,0 0,0 0,0 3,4 2,3 2,3 2,3 0,0 0,0 0,0
0,0 0,0 2,3 2,3 3,3 2,3 2,3 2,3 0,0 0,0
0,0 3,4 2,3 2,3 3,3 3,3 2,3 1,3 2,4 0,0
0,0 3,4 2,3 3,3 3,3 3,3 2,3 0,0 0,0 0,0
0,0 3,4 3,3 3,3 3,3 2,3 4,4 0,0 0,0 0,0
0,0 2,4 2,3 3,3 3,3 3,4 2,5 3,4 5,5 0,0
0,0 0,0 2,3 2,3 3,3 4,5 2,3 2,4 0,0 0,0
0,0 0,0 0,0 2,4 3,4 3,4 4,5 0,0 0,0 0,0
0,0 0,0 0,0 0,0 0,0 0,0 0,0 0,0 0,0 0,0
minintensity- 
1.0 1.0 1.0 1.0 1.0 1.0 1.0 1.0 1.0 1.0
1.0 1.0 1.0 0.2157240641535058 0.2605800067994675 0.2906356903778699 0.2598972586345418 1.0 1.0 1.0
1.0 1.0 0.2602954550908357 0.22754458169446973 0.2218612266255041 0.25188408958876657 0.24495039640462848 0.22498707191343517 1.0 1.0
1.0 0.24715364128737358 0.2546576885428907 0.2507957632988024 0.22411670352805987 0.22410250527348602 0.22540164556699369 0.3182953443958461 0.27374014269015084 1.0
1.0 0.2300784756041332 0.251148704055445 0.22296890800092306 0.22267796125434128 0.222259281789748 0.24642259348901904 1.0 0.2550333432050607 1.0
1.0 0.24686229213556746 0.22242072175279032 0.2233290433030944 0.22202066997624037 0.24702577576851786 0.22578050019260998 0.28253693811515457 0.2550333432050607 1.0
1.0 0.27382932547669286 0.25928454475214546 0.22878726373967478 0.22380722594789537 0.2358153442918007 0.41820364424040507 0.27684452100244383 0.21631193351956432 1.0
1.0 1.0 0.25886772026043686 0.22789340871213035 0.22831379105716076 0.3345512290258574 0.24796984182071485 0.2643626875799134 1.0 1.0
1.0 1.0 1.0 0.27680702711919514 0.25434842333505586 0.301444083649139 0.2394042232574261 1.0 1.0 1.0
1.0 1.0 1.0 1.0 1.0 1.0 1.0 1.0 1.0 1.0
deviation- 
0.0 0.0 0.0 0.0 0.0 0.0 0.0 0.0 0.0 0.0
0.0 0.0 0.0 0.0 0.0 0.0 0.0 0.0 0.0 0.0
0.0 0.0 0.0 0.0 0.0 0.0 0.0 0.0 0.0 0.0
0.0 0.0 0.0 0.0 0.0 0.0 0.0 0.0 0.0 0.0
0.0 0.0 0.0 0.0 0.0 0.0 0.0 0.0 0.0 0.0
0.0 0.0 0.0 0.0 0.0 0.0 0.0 0.0 0.0 0.0
0.0 0.0 0.0 0.0 0.0 0.0 0.0 0.0 0.0 0.0
0.0 0.0 0.0 0.0 0.0 0.0 0.0 0.0 0.0 0.0
0.0 0.0 0.0 0.0 0.0 0.0 0.0 0.0 0.0 0.0
0.0 0.0 0.0 0.0 0.0 0.0 0.0 0.0 0.0 0.0
pointenable- 
n n n n n n n n n n
n n n y y y y n n n
n n y y y y y y n n
n y y y y y y y y n
n y y y y y y y y n
n y y y y y y y y n
n y y y y y y y y n
n n y y y y y y n n
n n n y y y y n n n
n n n n n n n n n n
