v1.0
#head
personName-Dennis
birthdate-01/01/1990
age-26
date-12/04/2016
stimulus-0
blindspot-1
blindspotsize-1
time-12:00:00
strategy-1
#righteye
timetest-212
fneg-0
fnegtests-7
fpos-5
fpostests-7
fixationlosses-8
fixationlossestests-10
firings-212
visualfield- 
0,0 0,0 0,0 0,0 0,0 0,0 0,0 0,0 0,0 0,0
0,0 0,0 0,0 3,5 0,3 1,3 1,3 0,0 0,0 0,0
0,0 0,0 2,3 2,3 2,3 3,3 3,3 3,3 0,0 0,0
0,0 3,4 3,3 3,3 3,3 3,5 3,3 3,3 3,4 0,0
0,0 2,4 3,3 3,3 3,3 3,3 3,3 0,0 0,0 0,0
0,0 4,4 3,3 3,3 3,3 3,3 4,4 0,0 0,0 0,0
0,0 4,5 3,3 2,3 3,3 4,4 4,5 3,4 5,5 0,0
0,0 0,0 4,5 2,3 3,3 2,3 3,3 4,4 0,0 0,0
0,0 0,0 0,0 3,4 3,4 3,5 4,5 0,0 0,0 0,0
0,0 0,0 0,0 0,0 0,0 0,0 0,0 0,0 0,0 0,0
minintensity- 
1.0 1.0 1.0 1.0 1.0 1.0 1.0 1.0 1.0 1.0
1.0 1.0 1.0 0.23919700027024995 0.25494440489607906 0.44953230216248224 0.38593051361022984 1.0 1.0 1.0
1.0 1.0 0.3467039600124569 0.25585615702857845 0.22859886201958332 0.27973527367348 0.2243896078839687 0.21654801715637578 1.0 1.0
1.0 0.37651826836185454 0.22981851780681078 0.2576052232033908 0.22392686342284054 0.21807764041257127 0.24697386808583827 0.27699251443011813 0.21642755794042556 1.0
1.0 0.21566639449854952 0.2224497979734237 0.2233582318937528 0.22204969420252216 0.22355519138405844 0.22581001689281674 0.22755949287397417 0.4201098238269621 1.0
1.0 0.23010855046635112 0.22561691730777664 0.22299805355221936 0.22270707034639178 0.2222883376890736 0.22325355245520057 1.0 0.22755949287397417 1.0
1.0 0.23159513403461354 0.22750384611678254 0.22557184697376148 0.22423649615967167 0.35380904486630893 0.22552212503725666 0.22977678716205008 0.23705017465230394 1.0
1.0 1.0 0.2606204563296622 0.25515761354577476 0.24377672589213187 0.22634917005892466 0.22287799678820322 0.22526799423609567 1.0 1.0
1.0 1.0 1.0 0.40992239372261297 0.3214428065911207 0.2611905826505501 0.26050624147790213 1.0 1.0 1.0
1.0 1.0 1.0 1.0 1.0 1.0 1.0 1.0 1.0 1.0
deviation- 
0.0 0.0 0.0 0.0 0.0 0.0 0.0 0.0 0.0 0.0
0.0 0.0 0.0 0.0 0.0 0.0 0.0 0.0 0.0 0.0
0.0 0.0 0.0 0.0 0.0 0.0 0.0 0.0 0.0 0.0
0.0 0.0 0.0 0.0 0.0 0.0 0.0 0.0 0.0 0.0
0.0 0.0 0.0 0.0 0.0 0.0 0.0 0.0 0.0 0.0
0.0 0.0 0.0 0.0 0.0 0.0 0.0 0.0 0.0 0.0
0.0 0.0 0.0 0.0 0.0 0.0 0.0 0.0 0.0 0.0
0.0 0.0 0.0 0.0 0.0 0.0 0.0 0.0 0.0 0.0
0.0 0.0 0.0 0.0 0.0 0.0 0.0 0.0 0.0 0.0
0.0 0.0 0.0 0.0 0.0 0.0 0.0 0.0 0.0 0.0
pointenable- 
n n n n n n n n n n
n n n y y y y n n n
n n y y y y y y n n
n y y y y y y y y n
n y y y y y y y y n
n y y y y y y y y n
n y y y y y y y y n
n n y y y y y y n n
n n n y y y y n n n
n n n n n n n n n n
