v1.0
#head
personName-Dennis
birthdate-01/01/1990
age-26
date-12/04/2016
stimulus-0
blindspot-1
blindspotsize-1
time-12:00:00
strategy-1
#lefteye
timetest-205
fneg-0
fnegtests-7
fpos-4
fpostests-5
fixationlosses-1
fixationlossestests-10
firings-205
visualfield- 
0,0 0,0 0,0 0,0 0,0 0,0 0,0 0,0 0,0 0,0
0,0 0,0 0,0 1,4 2,3 1,3 1,3 0,0 0,0 0,0
0,0 0,0 2,3 3,3 2,3 3,3 3,3 3,3 0,0 0,0
0,0 2,4 2,3 3,3 3,3 3,3 3,3 3,3 3,4 0,0
0,0 0,0 0,0 3,3 3,3 3,3 3,3 4,4 3,4 0,0
0,0 0,0 0,0 3,3 3,3 2,3 4,4 4,4 3,4 0,0
0,0 2,4 3,3 2,3 3,3 4,4 3,5 3,4 4,5 0,0
0,0 0,0 2,3 3,3 3,3 2,3 2,3 3,4 0,0 0,0
0,0 0,0 0,0 3,4 3,4 4,5 3,4 0,0 0,0 0,0
0,0 0,0 0,0 0,0 0,0 0,0 0,0 0,0 0,0 0,0
minintensity- 
1.0 1.0 1.0 1.0 1.0 1.0 1.0 1.0 1.0 1.0
1.0 1.0 1.0 0.2583263210503851 0.23694238452202027 0.22118077568703345 0.25947857964100673 1.0 1.0 1.0
1.0 1.0 0.2591909337909746 0.2281779604776488 0.22859886201958332 0.27973527367348 0.24827945184121827 0.2486445236156891 1.0 1.0
1.0 0.23709478275845758 0.22981851780681078 0.2576052232033908 0.22392686342284054 0.21807764041257127 0.2937338829967231 0.2513996273450632 0.23264123288764493 1.0
1.0 0.23128047135615684 0.2672447884446051 0.2233582318937528 0.22204969420252216 0.24705806512717468 0.22581001689281674 0.22755949287397417 0.2550666830101153 1.0
1.0 0.21508043405364663 0.25118153187772024 0.22299805355221936 0.22270707034639178 0.2222883376890736 0.22325355245520057 0.22755949287397417 0.2550666830101153 1.0
1.0 0.247285752100754 0.22750384611678254 0.22557184697376148 0.22423649615967167 0.22422230267135007 0.22552212503725666 0.22977678716205008 0.255468327936416 1.0
1.0 1.0 0.2606204563296622 0.22782868873624693 0.2221382449094255 0.22634917005892466 0.22287799678820322 0.22526799423609567 1.0 1.0
1.0 1.0 1.0 0.2621030574621834 0.23106447068026487 0.29131670955691236 0.2902901828618634 1.0 1.0 1.0
1.0 1.0 1.0 1.0 1.0 1.0 1.0 1.0 1.0 1.0
deviation- 
0.0 0.0 0.0 0.0 0.0 0.0 0.0 0.0 0.0 0.0
0.0 0.0 0.0 0.0 0.0 0.0 0.0 0.0 0.0 0.0
0.0 0.0 0.0 0.0 0.0 0.0 0.0 0.0 0.0 0.0
0.0 0.0 0.0 0.0 0.0 0.0 0.0 0.0 0.0 0.0
0.0 0.0 0.0 0.0 0.0 0.0 0.0 0.0 0.0 0.0
0.0 0.0 0.0 0.0 0.0 0.0 0.0 0.0 0.0 0.0
0.0 0.0 0.0 0.0 0.0 0.0 0.0 0.0 0.0 0.0
0.0 0.0 0.0 0.0 0.0 0.0 0.0 0.0 0.0 0.0
0.0 0.0 0.0 0.0 0.0 0.0 0.0 0.0 0.0 0.0
0.0 0.0 0.0 0.0 0.0 0.0 0.0 0.0 0.0 0.0
pointenable- 
n n n n n n n n n n
n n n y y y y n n n
n n y y y y y y n n
n y y y y y y y y n
n y y y y y y y y n
n y y y y y y y y n
n y y y y y y y y n
n n y y y y y y n n
n n n y y y y n n n
n n n n n n n n n n
