#head
personName-Ricardo
birthdate-01/01/1990
age-26
date-12/04/2016
stimulus-0
blindspot-1
blindspotsize-1
time-13:13:20
strategy-1
#lefteye
timetest-212
fneg-2
fnegtests-7
fpos-1
fpostests-3
fixationlosses-9
fixationlossestests-10
firings-212
visualfield- 
0,0 0,0 0,0 0,0 0,0 0,0 0,0 0,0 0,0 0,0
0,0 0,0 0,0 2,4 1,3 3,5 1,3 0,0 0,0 0,0
0,0 0,0 2,3 2,3 3,3 2,3 3,3 3,3 0,0 0,0
0,0 3,4 1,3 3,3 3,3 3,3 3,3 3,3 3,4 0,0
0,0 0,0 0,0 3,3 3,3 3,3 3,3 4,4 3,4 0,0
0,0 0,0 0,0 3,3 3,3 3,3 4,4 4,4 4,4 0,0
0,0 3,4 3,3 3,3 3,3 4,4 5,5 4,4 5,5 0,0
0,0 0,0 2,3 3,3 3,3 3,3 3,3 4,4 0,0 0,0
0,0 0,0 0,0 3,4 2,4 4,4 3,5 0,0 0,0 0,0
0,0 0,0 0,0 0,0 0,0 0,0 0,0 0,0 0,0 0,0
minintensity- 
1.0 1.0 1.0 1.0 1.0 1.0 1.0 1.0 1.0 1.0
1.0 1.0 1.0 0.23097948866434892 0.32069137395627223 0.37832610538012346 0.31932587762642073 1.0 1.0 1.0
1.0 1.0 0.2602954550908357 0.2548394342246287 0.2218612266255041 0.25188408958876657 0.22260006278446962 0.22498707191343517 1.0 1.0
1.0 0.27851812506748796 0.3092084614685794 0.2254513394580022 0.22411670352805987 0.22410250527348602 0.22540164556699369 0.22965402281186303 0.23692352915367643 1.0
1.0 0.27515695893302333 0.5323013212468014 0.22296890800092306 0.22267796125434128 0.222259281789748 0.22322437343694607 0.22752974829496692 0.2550333432050607 1.0
1.0 0.439937556647117 0.6848050726550432 0.2233290433030944 0.22202066997624037 0.22352596457669546 0.22578050019260998 0.22752974829496692 0.22752974829496692 1.0
1.0 0.2922599279415656 0.22969573018467374 0.22878726373967478 0.22380722594789537 0.21796112995450137 0.21568525337600225 0.2256861174122826 0.21631193351956432 1.0
1.0 1.0 0.25886772026043686 0.22789340871213035 0.22831379105716076 0.22662862979669418 0.22410978549251281 0.21627796876821143 1.0 1.0
1.0 1.0 1.0 0.25772243025006203 0.2363884954375915 0.22066372844395793 0.2394042232574261 1.0 1.0 1.0
1.0 1.0 1.0 1.0 1.0 1.0 1.0 1.0 1.0 1.0
deviation- 
0.0 0.0 0.0 0.0 0.0 0.0 0.0 0.0 0.0 0.0
0.0 0.0 0.0 0.0 0.0 0.0 0.0 0.0 0.0 0.0
0.0 0.0 0.0 0.0 0.0 0.0 0.0 0.0 0.0 0.0
0.0 0.0 0.0 0.0 0.0 0.0 0.0 0.0 0.0 0.0
0.0 0.0 0.0 0.0 0.0 0.0 0.0 0.0 0.0 0.0
0.0 0.0 0.0 0.0 0.0 0.0 0.0 0.0 0.0 0.0
0.0 0.0 0.0 0.0 0.0 0.0 0.0 0.0 0.0 0.0
0.0 0.0 0.0 0.0 0.0 0.0 0.0 0.0 0.0 0.0
0.0 0.0 0.0 0.0 0.0 0.0 0.0 0.0 0.0 0.0
0.0 0.0 0.0 0.0 0.0 0.0 0.0 0.0 0.0 0.0
pointenable- 
n n n n n n n n n n
n n n y y y y n n n
n n y y y y y y n n
n y y y y y y y y n
n y y y y y y y y n
n y y y y y y y y n
n y y y y y y y y n
n n y y y y y y n n
n n n y y y y n n n
n n n n n n n n n n
#righteye
timetest-202
fneg-0
fnegtests-7
fpos-1
fpostests-3
fixationlosses-2
fixationlossestests-10
firings-202
visualfield- 
0,0 0,0 0,0 0,0 0,0 0,0 0,0 0,0 0,0 0,0
0,0 0,0 0,0 2,4 2,3 3,3 2,3 0,0 0,0 0,0
0,0 0,0 2,3 3,3 3,3 3,3 3,3 3,3 0,0 0,0
0,0 2,4 2,3 3,3 2,3 3,3 3,3 3,3 2,4 0,0
0,0 3,4 3,3 3,3 3,3 3,3 3,3 0,0 0,0 0,0
0,0 4,4 2,3 3,3 3,3 3,3 4,4 0,0 0,0 0,0
0,0 3,4 3,3 3,3 3,3 4,4 4,5 3,4 4,5 0,0
0,0 0,0 3,3 3,3 3,3 3,3 2,3 3,4 0,0 0,0
0,0 0,0 0,0 4,4 3,4 3,4 4,5 0,0 0,0 0,0
0,0 0,0 0,0 0,0 0,0 0,0 0,0 0,0 0,0 0,0
minintensity- 
1.0 1.0 1.0 1.0 1.0 1.0 1.0 1.0 1.0 1.0
1.0 1.0 1.0 0.2614903376860352 0.2906356903778699 0.23052432322106509 0.2598972586345418 1.0 1.0 1.0
1.0 1.0 0.2903183180540981 0.22754458169446973 0.2218612266255041 0.22606690937653867 0.22260006278446962 0.22498707191343517 1.0 1.0
1.0 0.2314713993973164 0.2546576885428907 0.2254513394580022 0.22411670352805987 0.22410250527348602 0.22540164556699369 0.22965402281186303 0.27374014269015084 1.0
1.0 0.24510463671376323 0.22558742872015905 0.22296890800092306 0.22267796125434128 0.222259281789748 0.22322437343694607 0.3100405330252484 0.3100405330252484 1.0
1.0 0.21563819963510458 0.24481529012070755 0.2233290433030944 0.22202066997624037 0.22352596457669546 0.22578050019260998 0.3100405330252484 0.28253693811515457 1.0
1.0 0.23696812054694744 0.22969573018467374 0.22878726373967478 0.22380722594789537 0.21796112995450137 0.47812568764350266 0.32800292459260505 0.23251695142192666 1.0
1.0 1.0 0.22955872471237382 0.22789340871213035 0.22831379105716076 0.22662862979669418 0.24796984182071485 0.2483344479760127 1.0 1.0
1.0 1.0 1.0 0.2195532365117958 0.2184285675401271 0.2408588172452532 0.2588720150648078 1.0 1.0 1.0
1.0 1.0 1.0 1.0 1.0 1.0 1.0 1.0 1.0 1.0
deviation- 
0.0 0.0 0.0 0.0 0.0 0.0 0.0 0.0 0.0 0.0
0.0 0.0 0.0 0.0 0.0 0.0 0.0 0.0 0.0 0.0
0.0 0.0 0.0 0.0 0.0 0.0 0.0 0.0 0.0 0.0
0.0 0.0 0.0 0.0 0.0 0.0 0.0 0.0 0.0 0.0
0.0 0.0 0.0 0.0 0.0 0.0 0.0 0.0 0.0 0.0
0.0 0.0 0.0 0.0 0.0 0.0 0.0 0.0 0.0 0.0
0.0 0.0 0.0 0.0 0.0 0.0 0.0 0.0 0.0 0.0
0.0 0.0 0.0 0.0 0.0 0.0 0.0 0.0 0.0 0.0
0.0 0.0 0.0 0.0 0.0 0.0 0.0 0.0 0.0 0.0
0.0 0.0 0.0 0.0 0.0 0.0 0.0 0.0 0.0 0.0
pointenable- 
n n n n n n n n n n
n n n y y y y n n n
n n y y y y y y n n
n y y y y y y y y n
n y y y y y y y y n
n y y y y y y y y n
n y y y y y y y y n
n n y y y y y y n n
n n n y y y y n n n
n n n n n n n n n n
