v1.0
#head
personName-Vinicius Azevedo
birthdate-01/01/1990
age-26
date-13/04/2016
stimulus-0
blindspot-1
blindspotsize-1
time-12:00:00
strategy-1
#righteye
timetest-203
fneg-0
fnegtests-7
fpos-1
fpostests-4
fixationlosses-0
fixationlossestests-10
firings-203
visualfield- 
0,0 0,0 0,0 0,0 0,0 0,0 0,0 0,0 0,0 0,0
0,0 0,0 0,0 2,4 2,3 2,3 2,3 0,0 0,0 0,0
0,0 0,0 2,3 3,3 2,3 1,3 2,3 2,3 0,0 0,0
0,0 2,4 2,3 3,3 3,3 3,3 3,3 2,3 3,4 0,0
0,0 2,4 2,3 3,3 3,3 3,3 3,3 0,0 0,0 0,0
0,0 3,4 3,3 2,3 4,4 3,3 3,4 0,0 0,0 0,0
0,0 3,4 2,3 3,3 2,3 4,4 4,5 3,4 4,5 0,0
0,0 0,0 1,3 2,3 2,3 2,3 2,3 2,4 0,0 0,0
0,0 0,0 0,0 2,4 3,4 2,4 4,5 0,0 0,0 0,0
0,0 0,0 0,0 0,0 0,0 0,0 0,0 0,0 0,0 0,0
minintensity- 
1.0 1.0 1.0 1.0 1.0 1.0 1.0 1.0 1.0 1.0
1.0 1.0 1.0 0.23919700027024995 0.25494440489607906 0.28190799674604106 0.23996517764269001 1.0 1.0 1.0
1.0 1.0 0.2591909337909746 0.2281779604776488 0.22859886201958332 0.25332343709122634 0.24827945184121827 0.26469277684534576 1.0 1.0
1.0 0.21865434033039507 0.2594231526204154 0.22890955309829847 0.2476398438524749 0.21807764041257127 0.23138721135800303 0.2513996273450632 0.2488549227439907 1.0
1.0 0.23128047135615684 0.2224497979734237 0.2233582318937528 0.22204969420252216 0.22355519138405844 0.25156773104780045 0.2550666830101153 0.2550666830101153 1.0
1.0 0.2601647981948692 0.25118153187772024 0.22299805355221936 0.22270707034639178 0.2222883376890736 0.22325355245520057 1.0 0.2550666830101153 1.0
1.0 0.2629763850760209 0.2547938092403589 0.22557184697376148 0.22423649615967167 0.22422230267135007 0.22552212503725666 0.28890258059061147 0.255468327936416 1.0
1.0 1.0 0.2606204563296622 0.22782868873624693 0.2221382449094255 0.30389741829507494 0.26763447743093827 0.25003622454547225 1.0 1.0
1.0 1.0 1.0 0.3079765591222208 0.2611905826505501 0.2611905826505501 0.2902901828618634 1.0 1.0 1.0
1.0 1.0 1.0 1.0 1.0 1.0 1.0 1.0 1.0 1.0
deviation- 
0.0 0.0 0.0 0.0 0.0 0.0 0.0 0.0 0.0 0.0
0.0 0.0 0.0 0.0 0.0 0.0 0.0 0.0 0.0 0.0
0.0 0.0 0.0 0.0 0.0 0.0 0.0 0.0 0.0 0.0
0.0 0.0 0.0 0.0 0.0 0.0 0.0 0.0 0.0 0.0
0.0 0.0 0.0 0.0 0.0 0.0 0.0 0.0 0.0 0.0
0.0 0.0 0.0 0.0 0.0 0.0 0.0 0.0 0.0 0.0
0.0 0.0 0.0 0.0 0.0 0.0 0.0 0.0 0.0 0.0
0.0 0.0 0.0 0.0 0.0 0.0 0.0 0.0 0.0 0.0
0.0 0.0 0.0 0.0 0.0 0.0 0.0 0.0 0.0 0.0
0.0 0.0 0.0 0.0 0.0 0.0 0.0 0.0 0.0 0.0
pointenable- 
n n n n n n n n n n
n n n y y y y n n n
n n y y y y y y n n
n y y y y y y y y n
n y y y y y y y y n
n y y y y y y y y n
n y y y y y y y y n
n n y y y y y y n n
n n n y y y y n n n
n n n n n n n n n n
