v1.0
#head
personName-Vinicius Azevedo
birthdate-01/01/1990
age-26
date-13/04/2016
stimulus-0
blindspot-1
blindspotsize-1
time-12:00:00
strategy-1
#lefteye
timetest-209
fneg-0
fnegtests-7
fpos-1
fpostests-3
fixationlosses-2
fixationlossestests-10
firings-209
visualfield- 
0,0 0,0 0,0 0,0 0,0 0,0 0,0 0,0 0,0 0,0
0,0 0,0 0,0 2,4 2,3 2,3 1,3 0,0 0,0 0,0
0,0 0,0 2,3 2,3 3,3 3,3 2,3 2,3 0,0 0,0
0,0 2,4 2,3 3,3 3,3 2,3 2,3 2,3 2,4 0,0
0,0 0,0 0,0 3,3 3,3 3,3 3,3 4,4 3,4 0,0
0,0 0,0 0,0 2,3 3,3 3,3 4,4 3,4 3,4 0,0
0,0 3,4 2,3 2,3 3,3 4,4 4,5 4,4 4,5 0,0
0,0 0,0 2,3 2,3 2,3 2,3 3,5 2,4 0,0 0,0
0,0 0,0 0,0 3,4 2,4 2,4 3,5 0,0 0,0 0,0
0,0 0,0 0,0 0,0 0,0 0,0 0,0 0,0 0,0 0,0
minintensity- 
1.0 1.0 1.0 1.0 1.0 1.0 1.0 1.0 1.0 1.0
1.0 1.0 1.0 0.2583263210503851 0.2729464103340609 0.28190799674604106 0.23996517764269001 1.0 1.0 1.0
1.0 1.0 0.2591909337909746 0.25585615702857845 0.28479707312507857 0.25332343709122634 0.3825246789878644 0.3128375216145489 1.0 1.0
1.0 0.23709478275845758 0.2594231526204154 0.28630090821760945 0.22392686342284054 0.21807764041257127 0.23138721135800303 0.2258067551691347 0.23264123288764493 1.0
1.0 0.23128047135615684 0.3183997999632929 0.24666417595278173 0.22204969420252216 0.22355519138405844 0.22581001689281674 0.2550666830101153 0.2550666830101153 1.0
1.0 0.2601647981948692 1.0 0.22299805355221936 0.22270707034639178 0.2222883376890736 0.22325355245520057 0.22755949287397417 0.2550666830101153 1.0
1.0 0.2629763850760209 0.2547938092403589 0.22557184697376148 0.22423649615967167 0.24823070744036754 0.2508303670813071 0.25933969133089396 0.2738864663114017 1.0
1.0 1.0 0.2906808025311337 0.25515761354577476 0.2221382449094255 0.22634917005892466 0.26763447743093827 0.25003622454547225 1.0 1.0
1.0 1.0 1.0 0.2315207080860815 0.2611905826505501 0.29131670955691236 0.26050624147790213 1.0 1.0 1.0
1.0 1.0 1.0 1.0 1.0 1.0 1.0 1.0 1.0 1.0
deviation- 
0.0 0.0 0.0 0.0 0.0 0.0 0.0 0.0 0.0 0.0
0.0 0.0 0.0 0.0 0.0 0.0 0.0 0.0 0.0 0.0
0.0 0.0 0.0 0.0 0.0 0.0 0.0 0.0 0.0 0.0
0.0 0.0 0.0 0.0 0.0 0.0 0.0 0.0 0.0 0.0
0.0 0.0 0.0 0.0 0.0 0.0 0.0 0.0 0.0 0.0
0.0 0.0 0.0 0.0 0.0 0.0 0.0 0.0 0.0 0.0
0.0 0.0 0.0 0.0 0.0 0.0 0.0 0.0 0.0 0.0
0.0 0.0 0.0 0.0 0.0 0.0 0.0 0.0 0.0 0.0
0.0 0.0 0.0 0.0 0.0 0.0 0.0 0.0 0.0 0.0
0.0 0.0 0.0 0.0 0.0 0.0 0.0 0.0 0.0 0.0
pointenable- 
n n n n n n n n n n
n n n y y y y n n n
n n y y y y y y n n
n y y y y y y y y n
n y y y y y y y y n
n y y y y y y y y n
n y y y y y y y y n
n n y y y y y y n n
n n n y y y y n n n
n n n n n n n n n n
