v1.0
#head
personName-Vinicius Azevedo
birthdate-01/01/1990
age-26
date-13/04/2016
stimulus-0
blindspot-1
blindspotsize-1
time-12:00:00
strategy-1
#righteye
timetest-204
fneg-0
fnegtests-7
fpos-4
fpostests-7
fixationlosses-4
fixationlossestests-10
firings-204
visualfield- 
0,0 0,0 0,0 0,0 0,0 0,0 0,0 0,0 0,0 0,0
0,0 0,0 0,0 3,4 2,3 2,3 2,3 0,0 0,0 0,0
0,0 0,0 2,3 2,3 3,3 2,3 2,3 2,3 0,0 0,0
0,0 3,4 2,3 2,3 3,3 3,3 2,3 1,3 2,4 0,0
0,0 3,4 2,3 3,3 3,3 3,3 2,3 0,0 0,0 0,0
0,0 3,4 3,3 3,3 3,3 2,3 4,4 0,0 0,0 0,0
0,0 2,4 2,3 3,3 3,3 3,4 2,5 3,4 5,5 0,0
0,0 0,0 2,3 2,3 3,3 4,5 2,3 2,4 0,0 0,0
0,0 0,0 0,0 2,4 3,4 3,4 4,5 0,0 0,0 0,0
0,0 0,0 0,0 0,0 0,0 0,0 0,0 0,0 0,0 0,0
minintensity- 
1.0 1.0 1.0 1.0 1.0 1.0 1.0 1.0 1.0 1.0
1.0 1.0 1.0 0.2774556418305203 0.25494440489607906 0.3021504137230949 0.23996517764269001 1.0 1.0 1.0
1.0 1.0 0.2591909337909746 0.2281779604776488 0.22859886201958332 0.3349689367734268 0.24827945184121827 0.26469277684534576 1.0 1.0
1.0 0.27397568252370896 0.2594231526204154 0.22890955309829847 0.22392686342284054 0.23594139783193635 0.41842719645591053 0.27699251443011813 0.21642755794042556 1.0
1.0 0.24689456311687333 0.2224497979734237 0.2233582318937528 0.22204969420252216 0.24705806512717468 0.22581001689281674 0.2825738582431473 0.2550666830101153 1.0
1.0 0.23010855046635112 0.25118153187772024 0.22299805355221936 0.22270707034639178 0.2222883376890736 0.24645480217256807 1.0 0.2550666830101153 1.0
1.0 0.247285752100754 0.2547938092403589 0.25092981095431677 0.22423649615967167 0.22422230267135007 0.22552212503725666 0.3184654698503289 0.2738864663114017 1.0
1.0 1.0 0.2606204563296622 0.22782868873624693 0.2221382449094255 0.25219860603066385 0.24525624456945413 0.22526799423609567 1.0 1.0
1.0 1.0 1.0 0.21622954086606902 0.2611905826505501 0.29131670955691236 0.26050624147790213 1.0 1.0 1.0
1.0 1.0 1.0 1.0 1.0 1.0 1.0 1.0 1.0 1.0
deviation- 
0.0 0.0 0.0 0.0 0.0 0.0 0.0 0.0 0.0 0.0
0.0 0.0 0.0 0.0 0.0 0.0 0.0 0.0 0.0 0.0
0.0 0.0 0.0 0.0 0.0 0.0 0.0 0.0 0.0 0.0
0.0 0.0 0.0 0.0 0.0 0.0 0.0 0.0 0.0 0.0
0.0 0.0 0.0 0.0 0.0 0.0 0.0 0.0 0.0 0.0
0.0 0.0 0.0 0.0 0.0 0.0 0.0 0.0 0.0 0.0
0.0 0.0 0.0 0.0 0.0 0.0 0.0 0.0 0.0 0.0
0.0 0.0 0.0 0.0 0.0 0.0 0.0 0.0 0.0 0.0
0.0 0.0 0.0 0.0 0.0 0.0 0.0 0.0 0.0 0.0
0.0 0.0 0.0 0.0 0.0 0.0 0.0 0.0 0.0 0.0
pointenable- 
n n n n n n n n n n
n n n y y y y n n n
n n y y y y y y n n
n y y y y y y y y n
n y y y y y y y y n
n y y y y y y y y n
n y y y y y y y y n
n n y y y y y y n n
n n n y y y y n n n
n n n n n n n n n n
