v1.0
#head
personName-Vinicius Azevedo
birthdate-01/01/1990
age-26
date-13/04/2016
stimulus-0
blindspot-1
blindspotsize-1
time-12:00:00
strategy-1
#lefteye
timetest-206
fneg-2
fnegtests-7
fpos-2
fpostests-5
fixationlosses-0
fixationlossestests-10
firings-206
visualfield- 
0,0 0,0 0,0 0,0 0,0 0,0 0,0 0,0 0,0 0,0
0,0 0,0 0,0 2,4 1,3 1,3 1,3 0,0 0,0 0,0
0,0 0,0 2,3 2,3 2,3 2,3 2,3 2,3 0,0 0,0
0,0 3,4 2,3 2,3 3,3 3,3 2,3 2,3 2,4 0,0
0,0 0,0 0,0 3,3 3,3 3,3 3,3 3,4 3,4 0,0
0,0 0,0 0,0 3,3 3,3 3,3 3,4 4,4 4,4 0,0
0,0 3,4 2,3 2,3 4,5 4,4 4,5 4,4 3,5 0,0
0,0 0,0 2,3 2,3 2,3 2,3 2,3 1,4 0,0 0,0
0,0 0,0 0,0 3,4 2,4 3,4 3,5 0,0 0,0 0,0
0,0 0,0 0,0 0,0 0,0 0,0 0,0 0,0 0,0 0,0
minintensity- 
1.0 1.0 1.0 1.0 1.0 1.0 1.0 1.0 1.0 1.0
1.0 1.0 1.0 0.23919700027024995 0.2729464103340609 0.2616656096411411 0.2789919965754004 1.0 1.0 1.0
1.0 1.0 0.2591909337909746 0.25585615702857845 0.25669796011244755 0.25332343709122634 0.2721693107182347 0.32888578976397237 1.0 1.0
1.0 0.23709478275845758 0.2594231526204154 0.2576052232033908 0.3238465313828809 0.21807764041257127 0.23138721135800303 0.2258067551691347 0.3137096374419946 1.0
1.0 0.23128047135615684 0.28964228368019573 0.2233582318937528 0.22204969420252216 0.22355519138405844 0.25156773104780045 0.22755949287397417 0.22755949287397417 1.0
1.0 0.2601647981948692 1.0 0.22299805355221936 0.22270707034639178 0.2222883376890736 0.22325355245520057 0.2550666830101153 0.2550666830101153 1.0
1.0 0.278666988233035 0.2820837723639353 0.25092981095431677 0.22423649615967167 0.22422230267135007 0.2508303670813071 0.25933969133089396 0.2738864663114017 1.0
1.0 1.0 0.2606204563296622 0.25515761354577476 0.24377672589213187 0.25219860603066385 0.24525624456945413 0.27480443993508197 1.0 1.0
1.0 1.0 1.0 0.2621030574621834 0.2611905826505501 0.29131670955691236 0.2902901828618634 1.0 1.0 1.0
1.0 1.0 1.0 1.0 1.0 1.0 1.0 1.0 1.0 1.0
deviation- 
0.0 0.0 0.0 0.0 0.0 0.0 0.0 0.0 0.0 0.0
0.0 0.0 0.0 0.0 0.0 0.0 0.0 0.0 0.0 0.0
0.0 0.0 0.0 0.0 0.0 0.0 0.0 0.0 0.0 0.0
0.0 0.0 0.0 0.0 0.0 0.0 0.0 0.0 0.0 0.0
0.0 0.0 0.0 0.0 0.0 0.0 0.0 0.0 0.0 0.0
0.0 0.0 0.0 0.0 0.0 0.0 0.0 0.0 0.0 0.0
0.0 0.0 0.0 0.0 0.0 0.0 0.0 0.0 0.0 0.0
0.0 0.0 0.0 0.0 0.0 0.0 0.0 0.0 0.0 0.0
0.0 0.0 0.0 0.0 0.0 0.0 0.0 0.0 0.0 0.0
0.0 0.0 0.0 0.0 0.0 0.0 0.0 0.0 0.0 0.0
pointenable- 
n n n n n n n n n n
n n n y y y y n n n
n n y y y y y y n n
n y y y y y y y y n
n y y y y y y y y n
n y y y y y y y y n
n y y y y y y y y n
n n y y y y y y n n
n n n y y y y n n n
n n n n n n n n n n
