v1.0
#head
personName-Ricardo
birthdate-01/01/1990
age-26
date-12/04/2016
stimulus-0
blindspot-1
blindspotsize-1
time-12:00:00
strategy-1
#lefteye
timetest-215
fneg-0
fnegtests-7
fpos-2
fpostests-3
fixationlosses-3
fixationlossestests-10
firings-215
visualfield- 
0,0 0,0 0,0 0,0 0,0 0,0 0,0 0,0 0,0 0,0
0,0 0,0 0,0 3,4 2,3 1,3 1,3 0,0 0,0 0,0
0,0 0,0 3,3 3,3 3,3 3,3 3,3 2,3 0,0 0,0
0,0 2,4 3,3 2,3 3,3 3,3 3,3 3,3 3,4 0,0
0,0 0,0 0,0 3,3 3,3 3,3 3,3 4,4 4,4 0,0
0,0 0,0 0,0 2,3 3,3 3,3 4,4 4,4 4,4 0,0
0,0 4,4 2,3 3,3 3,3 4,4 5,5 4,4 5,5 0,0
0,0 0,0 3,3 2,3 3,3 3,3 3,3 4,4 0,0 0,0
0,0 0,0 0,0 3,4 4,4 3,4 4,4 0,0 0,0 0,0
0,0 0,0 0,0 0,0 0,0 0,0 0,0 0,0 0,0 0,0
minintensity- 
1.0 1.0 1.0 1.0 1.0 1.0 1.0 1.0 1.0 1.0
1.0 1.0 1.0 0.2583263210503851 0.2189403790840384 0.2616656096411411 0.2204517756443733 1.0 1.0 1.0
1.0 1.0 0.22984534885884686 0.25585615702857845 0.22859886201958332 0.22691160050897274 0.2243896078839687 0.21654801715637578 1.0 1.0
1.0 0.21865434033039507 0.2594231526204154 0.22890955309829847 0.22392686342284054 0.21807764041257127 0.2158005397210414 0.2258067551691347 0.21642755794042556 1.0
1.0 0.23128047135615684 0.2448472932090144 0.2233582318937528 0.22204969420252216 0.22355519138405844 0.22581001689281674 0.22755949287397417 0.22755949287397417 1.0
1.0 0.2902210608264964 0.41734082614999596 0.22299805355221936 0.22270707034639178 0.2222883376890736 0.22325355245520057 0.22755949287397417 0.22755949287397417 1.0
1.0 0.247285752100754 0.22750384611678254 0.25092981095431677 0.22423649615967167 0.22422230267135007 0.22552212503725666 0.22977678716205008 0.23705017465230394 1.0
1.0 1.0 0.23056011012819067 0.22782868873624693 0.2221382449094255 0.22634917005892466 0.22287799678820322 0.25003622454547225 1.0 1.0
1.0 1.0 1.0 0.2773942246821959 0.2611905826505501 0.23106447068026487 0.26050624147790213 1.0 1.0 1.0
1.0 1.0 1.0 1.0 1.0 1.0 1.0 1.0 1.0 1.0
deviation- 
0.0 0.0 0.0 0.0 0.0 0.0 0.0 0.0 0.0 0.0
0.0 0.0 0.0 0.0 0.0 0.0 0.0 0.0 0.0 0.0
0.0 0.0 0.0 0.0 0.0 0.0 0.0 0.0 0.0 0.0
0.0 0.0 0.0 0.0 0.0 0.0 0.0 0.0 0.0 0.0
0.0 0.0 0.0 0.0 0.0 0.0 0.0 0.0 0.0 0.0
0.0 0.0 0.0 0.0 0.0 0.0 0.0 0.0 0.0 0.0
0.0 0.0 0.0 0.0 0.0 0.0 0.0 0.0 0.0 0.0
0.0 0.0 0.0 0.0 0.0 0.0 0.0 0.0 0.0 0.0
0.0 0.0 0.0 0.0 0.0 0.0 0.0 0.0 0.0 0.0
0.0 0.0 0.0 0.0 0.0 0.0 0.0 0.0 0.0 0.0
pointenable- 
n n n n n n n n n n
n n n y y y y n n n
n n y y y y y y n n
n y y y y y y y y n
n y y y y y y y y n
n y y y y y y y y n
n y y y y y y y y n
n n y y y y y y n n
n n n y y y y n n n
n n n n n n n n n n
