#head
personName-Vinicius Azevedo
birthdate-01/01/1990
age-26
date-13/04/2016
stimulus-0
blindspot-1
blindspotsize-1
time-10:48:59
strategy-1
#lefteye
timetest-1460555339
fneg-0
fnegtests-0
fpos-0
fpostests-0
fixationlosses-0
fixationlossestests-0
firings-0
visualfield- 
0,0 0,0 0,0 0,0 0,0 0,0 0,0 0,0 0,0 0,0
0,0 0,0 0,0 0,0 0,0 0,0 0,0 0,0 0,0 0,0
0,0 0,0 0,0 0,0 0,0 0,0 0,0 0,0 0,0 0,0
0,0 0,0 0,0 0,0 0,0 0,0 0,0 0,0 0,0 0,0
0,0 0,0 0,0 0,0 0,0 0,0 0,0 0,0 0,0 0,0
0,0 0,0 0,0 0,0 0,0 0,0 0,0 0,0 0,0 0,0
0,0 0,0 0,0 0,0 0,0 0,0 0,0 0,0 0,0 0,0
0,0 0,0 0,0 0,0 0,0 0,0 0,0 0,0 0,0 0,0
0,0 0,0 0,0 0,0 0,0 0,0 0,0 0,0 0,0 0,0
0,0 0,0 0,0 0,0 0,0 0,0 0,0 0,0 0,0 0,0
minintensity- 
1.0 1.0 1.0 1.0 1.0 1.0 1.0 1.0 1.0 1.0
1.0 1.0 1.0 0.3225120357294076 0.32069137395627223 0.32069137395627223 0.31932587762642073 1.0 1.0 1.0
1.0 1.0 0.32034118101736053 0.30942913928494653 0.2866957190090841 0.3035184500132223 0.2896510636449462 0.2991991001608084 1.0 1.0
1.0 0.32556485073765945 0.3092084614685794 0.3014846109804027 0.29614606726063347 0.29608927424233805 0.3012858354163687 0.3182953443958461 0.34737336976309957 1.0
1.0 0.32023544226191336 0.3022712547260168 0.2917971718490729 0.2906333848627458 0.28895866700437267 0.29281903359316497 0.42005491266562367 0.42005491266562367 1.0
1.0 0.32492252338672467 0.289604426856542 0.29323771305775825 0.2880042197503422 0.2940253981521626 0.4060609278467683 0.42005491266562367 0.42005491266562367 1.0
1.0 0.34755173533618366 0.31846217388708886 0.31482830810709306 0.2949081569399756 0.34294063031559674 0.4493603197580055 0.4047405299778468 0.45938720205499906 1.0
1.0 1.0 0.3174857113565629 0.31082444735558906 0.3125059767357107 0.3057653316938444 0.29568995447711893 0.3284756459955159 1.0 1.0
1.0 1.0 1.0 0.35314541459572757 0.3441480628223778 0.3620293500530247 0.3562109741017164 1.0 1.0 1.0
1.0 1.0 1.0 1.0 1.0 1.0 1.0 1.0 1.0 1.0
deviation- 
0.0 0.0 0.0 0.0 0.0 0.0 0.0 0.0 0.0 0.0
0.0 0.0 0.0 0.0 0.0 0.0 0.0 0.0 0.0 0.0
0.0 0.0 0.0 0.0 0.0 0.0 0.0 0.0 0.0 0.0
0.0 0.0 0.0 0.0 0.0 0.0 0.0 0.0 0.0 0.0
0.0 0.0 0.0 0.0 0.0 0.0 0.0 0.0 0.0 0.0
0.0 0.0 0.0 0.0 0.0 0.0 0.0 0.0 0.0 0.0
0.0 0.0 0.0 0.0 0.0 0.0 0.0 0.0 0.0 0.0
0.0 0.0 0.0 0.0 0.0 0.0 0.0 0.0 0.0 0.0
0.0 0.0 0.0 0.0 0.0 0.0 0.0 0.0 0.0 0.0
0.0 0.0 0.0 0.0 0.0 0.0 0.0 0.0 0.0 0.0
pointenable- 
n n n n n n n n n n
n n n y y y y n n n
n n y y y y y y n n
n y y y y y y y y n
n y y y y y y y y n
n y y y y y y y y n
n y y y y y y y y n
n n y y y y y y n n
n n n y y y y n n n
n n n n n n n n n n
#righteye
timetest-204
fneg-0
fnegtests-7
fpos-4
fpostests-7
fixationlosses-4
fixationlossestests-10
firings-204
visualfield- 
0,0 0,0 0,0 0,0 0,0 0,0 0,0 0,0 0,0 0,0
0,0 0,0 0,0 3,4 2,3 2,3 2,3 0,0 0,0 0,0
0,0 0,0 2,3 2,3 3,3 2,3 2,3 2,3 0,0 0,0
0,0 3,4 2,3 2,3 3,3 3,3 2,3 1,3 2,4 0,0
0,0 3,4 2,3 3,3 3,3 3,3 2,3 0,0 0,0 0,0
0,0 3,4 3,3 3,3 3,3 2,3 4,4 0,0 0,0 0,0
0,0 2,4 2,3 3,3 3,3 3,4 2,5 3,4 5,5 0,0
0,0 0,0 2,3 2,3 3,3 4,5 2,3 2,4 0,0 0,0
0,0 0,0 0,0 2,4 3,4 3,4 4,5 0,0 0,0 0,0
0,0 0,0 0,0 0,0 0,0 0,0 0,0 0,0 0,0 0,0
minintensity- 
1.0 1.0 1.0 1.0 1.0 1.0 1.0 1.0 1.0 1.0
1.0 1.0 1.0 0.2157240641535058 0.2605800067994675 0.2906356903778699 0.2598972586345418 1.0 1.0 1.0
1.0 1.0 0.2602954550908357 0.22754458169446973 0.2218612266255041 0.25188408958876657 0.24495039640462848 0.22498707191343517 1.0 1.0
1.0 0.24715364128737358 0.2546576885428907 0.2507957632988024 0.22411670352805987 0.22410250527348602 0.22540164556699369 0.3182953443958461 0.27374014269015084 1.0
1.0 0.2300784756041332 0.251148704055445 0.22296890800092306 0.22267796125434128 0.222259281789748 0.24642259348901904 1.0 0.2550333432050607 1.0
1.0 0.24686229213556746 0.22242072175279032 0.2233290433030944 0.22202066997624037 0.24702577576851786 0.22578050019260998 0.28253693811515457 0.2550333432050607 1.0
1.0 0.27382932547669286 0.25928454475214546 0.22878726373967478 0.22380722594789537 0.2358153442918007 0.41820364424040507 0.27684452100244383 0.21631193351956432 1.0
1.0 1.0 0.25886772026043686 0.22789340871213035 0.22831379105716076 0.3345512290258574 0.24796984182071485 0.2643626875799134 1.0 1.0
1.0 1.0 1.0 0.27680702711919514 0.25434842333505586 0.301444083649139 0.2394042232574261 1.0 1.0 1.0
1.0 1.0 1.0 1.0 1.0 1.0 1.0 1.0 1.0 1.0
deviation- 
0.0 0.0 0.0 0.0 0.0 0.0 0.0 0.0 0.0 0.0
0.0 0.0 0.0 0.0 0.0 0.0 0.0 0.0 0.0 0.0
0.0 0.0 0.0 0.0 0.0 0.0 0.0 0.0 0.0 0.0
0.0 0.0 0.0 0.0 0.0 0.0 0.0 0.0 0.0 0.0
0.0 0.0 0.0 0.0 0.0 0.0 0.0 0.0 0.0 0.0
0.0 0.0 0.0 0.0 0.0 0.0 0.0 0.0 0.0 0.0
0.0 0.0 0.0 0.0 0.0 0.0 0.0 0.0 0.0 0.0
0.0 0.0 0.0 0.0 0.0 0.0 0.0 0.0 0.0 0.0
0.0 0.0 0.0 0.0 0.0 0.0 0.0 0.0 0.0 0.0
0.0 0.0 0.0 0.0 0.0 0.0 0.0 0.0 0.0 0.0
pointenable- 
n n n n n n n n n n
n n n y y y y n n n
n n y y y y y y n n
n y y y y y y y y n
n y y y y y y y y n
n y y y y y y y y n
n y y y y y y y y n
n n y y y y y y n n
n n n y y y y n n n
n n n n n n n n n n
