#head
personName-Bernardo
birthdate-01/01/1990
age-26
date-08/04/2016
stimulus-0
blindspot-1
blindspotsize-1
time-15:22:08
strategy-1
#lefteye
timetest-208
fneg-0
fnegtests-7
fpos-2
fpostests-4
fixationlosses-1
fixationlossestests-10
firings-208
visualfield- 
0,0 0,0 0,0 0,0 0,0 0,0 0,0 0,0 0,0 0,0
0,0 0,0 0,0 2,4 1,3 4,5 1,3 0,0 0,0 0,0
0,0 0,0 3,3 2,3 3,3 3,3 3,3 2,3 0,0 0,0
0,0 4,4 3,3 3,3 3,3 3,3 3,3 2,3 3,4 0,0
0,0 0,0 0,0 3,3 3,3 3,3 2,3 4,4 3,4 0,0
0,0 0,0 0,0 3,3 2,3 2,3 4,4 3,4 3,4 0,0
0,0 3,4 2,3 3,3 3,3 4,4 5,5 4,4 4,5 0,0
0,0 0,0 3,3 4,5 2,3 3,3 2,3 3,4 0,0 0,0
0,0 0,0 0,0 3,4 2,4 3,4 3,5 0,0 0,0 0,0
0,0 0,0 0,0 0,0 0,0 0,0 0,0 0,0 0,0 0,0
minintensity- 
1.0 1.0 1.0 1.0 1.0 1.0 1.0 1.0 1.0 1.0
1.0 1.0 1.0 0.2614903376860352 0.23052432322106509 0.34950873966819784 0.2598972586345418 1.0 1.0 1.0
1.0 1.0 0.23027259212757323 0.2548394342246287 0.2218612266255041 0.22606690937653867 0.22260006278446962 0.27446175741168405 1.0 1.0
1.0 0.21578915750725922 0.22738230208004637 0.2254513394580022 0.22411670352805987 0.22410250527348602 0.22540164556699369 0.2887482372011851 0.292148449458388 1.0
1.0 0.26013079782339327 0.5323013212468014 0.22296890800092306 0.22267796125434128 0.222259281789748 0.24642259348901904 0.22752974829496692 0.2550333432050607 1.0
1.0 0.23125024588533602 0.24481529012070755 0.2233290433030944 0.24401518656760765 0.24702577576851786 0.22578050019260998 0.28253693811515457 0.2550333432050607 1.0
1.0 0.23696812054694744 0.28887335931961716 0.22878726373967478 0.22380722594789537 0.21796112995450137 0.21568525337600225 0.2256861174122826 0.24872196932428897 1.0
1.0 1.0 0.22955872471237382 0.33961034468760204 0.25637785295001075 0.22662862979669418 0.24796984182071485 0.23230620837211208 1.0 1.0
1.0 1.0 1.0 0.23863783338092892 0.2723083512325203 0.2408588172452532 0.2394042232574261 1.0 1.0 1.0
1.0 1.0 1.0 1.0 1.0 1.0 1.0 1.0 1.0 1.0
deviation- 
0.0 0.0 0.0 0.0 0.0 0.0 0.0 0.0 0.0 0.0
0.0 0.0 0.0 0.0 0.0 0.0 0.0 0.0 0.0 0.0
0.0 0.0 0.0 0.0 0.0 0.0 0.0 0.0 0.0 0.0
0.0 0.0 0.0 0.0 0.0 0.0 0.0 0.0 0.0 0.0
0.0 0.0 0.0 0.0 0.0 0.0 0.0 0.0 0.0 0.0
0.0 0.0 0.0 0.0 0.0 0.0 0.0 0.0 0.0 0.0
0.0 0.0 0.0 0.0 0.0 0.0 0.0 0.0 0.0 0.0
0.0 0.0 0.0 0.0 0.0 0.0 0.0 0.0 0.0 0.0
0.0 0.0 0.0 0.0 0.0 0.0 0.0 0.0 0.0 0.0
0.0 0.0 0.0 0.0 0.0 0.0 0.0 0.0 0.0 0.0
pointenable- 
n n n n n n n n n n
n n n y y y y n n n
n n y y y y y y n n
n y y y y y y y y n
n y y y y y y y y n
n y y y y y y y y n
n y y y y y y y y n
n n y y y y y y n n
n n n y y y y n n n
n n n n n n n n n n
#righteye
timetest-208
fneg-0
fnegtests-7
fpos-2
fpostests-4
fixationlosses-1
fixationlossestests-10
firings-208
visualfield- 
0,0 0,0 0,0 0,0 0,0 0,0 0,0 0,0 0,0 0,0
0,0 0,0 0,0 2,4 1,3 4,5 1,3 0,0 0,0 0,0
0,0 0,0 3,3 2,3 3,3 3,3 3,3 2,3 0,0 0,0
0,0 4,4 3,3 3,3 3,3 3,3 3,3 2,3 3,4 0,0
0,0 0,0 0,0 3,3 3,3 3,3 2,3 4,4 3,4 0,0
0,0 0,0 0,0 3,3 2,3 2,3 4,4 3,4 3,4 0,0
0,0 3,4 2,3 3,3 3,3 4,4 5,5 4,4 4,5 0,0
0,0 0,0 3,3 4,5 2,3 3,3 2,3 3,4 0,0 0,0
0,0 0,0 0,0 3,4 2,4 3,4 3,5 0,0 0,0 0,0
0,0 0,0 0,0 0,0 0,0 0,0 0,0 0,0 0,0 0,0
minintensity- 
1.0 1.0 1.0 1.0 1.0 1.0 1.0 1.0 1.0 1.0
1.0 1.0 1.0 0.2614903376860352 0.23052432322106509 0.34950873966819784 0.2598972586345418 1.0 1.0 1.0
1.0 1.0 0.23027259212757323 0.2548394342246287 0.2218612266255041 0.22606690937653867 0.22260006278446962 0.27446175741168405 1.0 1.0
1.0 0.21578915750725922 0.22738230208004637 0.2254513394580022 0.22411670352805987 0.22410250527348602 0.22540164556699369 0.2887482372011851 0.292148449458388 1.0
1.0 0.26013079782339327 0.5323013212468014 0.22296890800092306 0.22267796125434128 0.222259281789748 0.24642259348901904 0.22752974829496692 0.2550333432050607 1.0
1.0 0.23125024588533602 0.24481529012070755 0.2233290433030944 0.24401518656760765 0.24702577576851786 0.22578050019260998 0.28253693811515457 0.2550333432050607 1.0
1.0 0.23696812054694744 0.28887335931961716 0.22878726373967478 0.22380722594789537 0.21796112995450137 0.21568525337600225 0.2256861174122826 0.24872196932428897 1.0
1.0 1.0 0.22955872471237382 0.33961034468760204 0.25637785295001075 0.22662862979669418 0.24796984182071485 0.23230620837211208 1.0 1.0
1.0 1.0 1.0 0.23863783338092892 0.2723083512325203 0.2408588172452532 0.2394042232574261 1.0 1.0 1.0
1.0 1.0 1.0 1.0 1.0 1.0 1.0 1.0 1.0 1.0
deviation- 
0.0 0.0 0.0 0.0 0.0 0.0 0.0 0.0 0.0 0.0
0.0 0.0 0.0 0.0 0.0 0.0 0.0 0.0 0.0 0.0
0.0 0.0 0.0 0.0 0.0 0.0 0.0 0.0 0.0 0.0
0.0 0.0 0.0 0.0 0.0 0.0 0.0 0.0 0.0 0.0
0.0 0.0 0.0 0.0 0.0 0.0 0.0 0.0 0.0 0.0
0.0 0.0 0.0 0.0 0.0 0.0 0.0 0.0 0.0 0.0
0.0 0.0 0.0 0.0 0.0 0.0 0.0 0.0 0.0 0.0
0.0 0.0 0.0 0.0 0.0 0.0 0.0 0.0 0.0 0.0
0.0 0.0 0.0 0.0 0.0 0.0 0.0 0.0 0.0 0.0
0.0 0.0 0.0 0.0 0.0 0.0 0.0 0.0 0.0 0.0
pointenable- 
n n n n n n n n n n
n n n y y y y n n n
n n y y y y y y n n
n y y y y y y y y n
n y y y y y y y y n
n y y y y y y y y n
n y y y y y y y y n
n n y y y y y y n n
n n n y y y y n n n
n n n n n n n n n n
