#head
personName-Bernardo
birthdate-01/01/1990
age-26
date-08/04/2016
stimulus-0
blindspot-1
blindspotsize-1
time-14:19:03
strategy-1
#lefteye
timetest-204
fneg-0
fnegtests-7
fpos-3
fpostests-5
fixationlosses-2
fixationlossestests-10
firings-204
visualfield- 
0,0 0,0 0,0 0,0 0,0 0,0 0,0 0,0 0,0 0,0
0,0 0,0 0,0 3,4 2,3 3,3 4,5 0,0 0,0 0,0
0,0 0,0 3,3 2,3 3,3 3,3 2,3 2,3 0,0 0,0
0,0 3,4 2,3 3,3 3,3 3,3 3,3 3,3 3,4 0,0
0,0 0,0 0,0 3,3 3,3 3,3 3,3 4,4 3,4 0,0
0,0 0,0 0,0 3,3 2,3 3,3 4,4 4,4 4,4 0,0
0,0 4,4 3,3 3,3 3,3 4,4 5,5 4,4 4,5 0,0
0,0 0,0 2,3 2,3 3,3 3,3 2,3 3,4 0,0 0,0
0,0 0,0 0,0 3,4 3,4 3,5 3,4 0,0 0,0 0,0
0,0 0,0 0,0 0,0 0,0 0,0 0,0 0,0 0,0 0,0
minintensity- 
1.0 1.0 1.0 1.0 1.0 1.0 1.0 1.0 1.0 1.0
1.0 1.0 1.0 0.23097948866434892 0.2906356903778699 0.23052432322106509 0.34814324333834634 1.0 1.0 1.0
1.0 1.0 0.23027259212757323 0.2548394342246287 0.2218612266255041 0.22606690937653867 0.24495039640462848 0.22498707191343517 1.0 1.0
1.0 0.27851812506748796 0.2546576885428907 0.2254513394580022 0.22411670352805987 0.22410250527348602 0.22540164556699369 0.22965402281186303 0.23692352915367643 1.0
1.0 0.2300784756041332 0.3022712547260168 0.22296890800092306 0.22267796125434128 0.222259281789748 0.22322437343694607 0.22752974829496692 0.2550333432050607 1.0
1.0 0.21563819963510458 0.24481529012070755 0.2233290433030944 0.24401518656760765 0.22352596457669546 0.22578050019260998 0.22752974829496692 0.22752974829496692 1.0
1.0 0.21853751808207472 0.22969573018467374 0.22878726373967478 0.22380722594789537 0.21796112995450137 0.21568525337600225 0.2256861174122826 0.24872196932428897 1.0
1.0 1.0 0.25886772026043686 0.25553708825995 0.22831379105716076 0.22662862979669418 0.24796984182071485 0.23230620837211208 1.0 1.0
1.0 1.0 1.0 0.23863783338092892 0.2363884954375915 0.2408588172452532 0.2394042232574261 1.0 1.0 1.0
1.0 1.0 1.0 1.0 1.0 1.0 1.0 1.0 1.0 1.0
deviation- 
0.0 0.0 0.0 0.0 0.0 0.0 0.0 0.0 0.0 0.0
0.0 0.0 0.0 0.0 0.0 0.0 0.0 0.0 0.0 0.0
0.0 0.0 0.0 0.0 0.0 0.0 0.0 0.0 0.0 0.0
0.0 0.0 0.0 0.0 0.0 0.0 0.0 0.0 0.0 0.0
0.0 0.0 0.0 0.0 0.0 0.0 0.0 0.0 0.0 0.0
0.0 0.0 0.0 0.0 0.0 0.0 0.0 0.0 0.0 0.0
0.0 0.0 0.0 0.0 0.0 0.0 0.0 0.0 0.0 0.0
0.0 0.0 0.0 0.0 0.0 0.0 0.0 0.0 0.0 0.0
0.0 0.0 0.0 0.0 0.0 0.0 0.0 0.0 0.0 0.0
0.0 0.0 0.0 0.0 0.0 0.0 0.0 0.0 0.0 0.0
pointenable- 
n n n n n n n n n n
n n n y y y y n n n
n n y y y y y y n n
n y y y y y y y y n
n y y y y y y y y n
n y y y y y y y y n
n y y y y y y y y n
n n y y y y y y n n
n n n y y y y n n n
n n n n n n n n n n
#righteye
timetest-204
fneg-0
fnegtests-7
fpos-3
fpostests-5
fixationlosses-2
fixationlossestests-10
firings-204
visualfield- 
0,0 0,0 0,0 0,0 0,0 0,0 0,0 0,0 0,0 0,0
0,0 0,0 0,0 3,4 2,3 3,3 4,5 0,0 0,0 0,0
0,0 0,0 3,3 2,3 3,3 3,3 2,3 2,3 0,0 0,0
0,0 3,4 2,3 3,3 3,3 3,3 3,3 3,3 3,4 0,0
0,0 0,0 0,0 3,3 3,3 3,3 3,3 4,4 3,4 0,0
0,0 0,0 0,0 3,3 2,3 3,3 4,4 4,4 4,4 0,0
0,0 4,4 3,3 3,3 3,3 4,4 5,5 4,4 4,5 0,0
0,0 0,0 2,3 2,3 3,3 3,3 2,3 3,4 0,0 0,0
0,0 0,0 0,0 3,4 3,4 3,5 3,4 0,0 0,0 0,0
0,0 0,0 0,0 0,0 0,0 0,0 0,0 0,0 0,0 0,0
minintensity- 
1.0 1.0 1.0 1.0 1.0 1.0 1.0 1.0 1.0 1.0
1.0 1.0 1.0 0.23097948866434892 0.2906356903778699 0.23052432322106509 0.34814324333834634 1.0 1.0 1.0
1.0 1.0 0.23027259212757323 0.2548394342246287 0.2218612266255041 0.22606690937653867 0.24495039640462848 0.22498707191343517 1.0 1.0
1.0 0.27851812506748796 0.2546576885428907 0.2254513394580022 0.22411670352805987 0.22410250527348602 0.22540164556699369 0.22965402281186303 0.23692352915367643 1.0
1.0 0.2300784756041332 0.3022712547260168 0.22296890800092306 0.22267796125434128 0.222259281789748 0.22322437343694607 0.22752974829496692 0.2550333432050607 1.0
1.0 0.21563819963510458 0.24481529012070755 0.2233290433030944 0.24401518656760765 0.22352596457669546 0.22578050019260998 0.22752974829496692 0.22752974829496692 1.0
1.0 0.21853751808207472 0.22969573018467374 0.22878726373967478 0.22380722594789537 0.21796112995450137 0.21568525337600225 0.2256861174122826 0.24872196932428897 1.0
1.0 1.0 0.25886772026043686 0.25553708825995 0.22831379105716076 0.22662862979669418 0.24796984182071485 0.23230620837211208 1.0 1.0
1.0 1.0 1.0 0.23863783338092892 0.2363884954375915 0.2408588172452532 0.2394042232574261 1.0 1.0 1.0
1.0 1.0 1.0 1.0 1.0 1.0 1.0 1.0 1.0 1.0
deviation- 
0.0 0.0 0.0 0.0 0.0 0.0 0.0 0.0 0.0 0.0
0.0 0.0 0.0 0.0 0.0 0.0 0.0 0.0 0.0 0.0
0.0 0.0 0.0 0.0 0.0 0.0 0.0 0.0 0.0 0.0
0.0 0.0 0.0 0.0 0.0 0.0 0.0 0.0 0.0 0.0
0.0 0.0 0.0 0.0 0.0 0.0 0.0 0.0 0.0 0.0
0.0 0.0 0.0 0.0 0.0 0.0 0.0 0.0 0.0 0.0
0.0 0.0 0.0 0.0 0.0 0.0 0.0 0.0 0.0 0.0
0.0 0.0 0.0 0.0 0.0 0.0 0.0 0.0 0.0 0.0
0.0 0.0 0.0 0.0 0.0 0.0 0.0 0.0 0.0 0.0
0.0 0.0 0.0 0.0 0.0 0.0 0.0 0.0 0.0 0.0
pointenable- 
n n n n n n n n n n
n n n y y y y n n n
n n y y y y y y n n
n y y y y y y y y n
n y y y y y y y y n
n y y y y y y y y n
n y y y y y y y y n
n n y y y y y y n n
n n n y y y y n n n
n n n n n n n n n n
