#head
personName-Eduardo
birthdate-01/01/1990
age-26
date-08/04/2016
stimulus-0
blindspot-1
blindspotsize-1
time-14:43:53
strategy-1
#lefteye
timetest-201
fneg-0
fnegtests-7
fpos-2
fpostests-3
fixationlosses-4
fixationlossestests-10
firings-201
visualfield- 
0,0 0,0 0,0 0,0 0,0 0,0 0,0 0,0 0,0 0,0
0,0 0,0 0,0 1,4 2,3 2,3 2,3 0,0 0,0 0,0
0,0 0,0 3,3 3,3 3,3 3,3 3,3 3,3 0,0 0,0
0,0 3,4 2,3 3,3 3,3 3,3 3,3 3,3 3,4 0,0
0,0 0,0 0,0 2,3 3,3 3,3 3,3 4,4 4,4 0,0
0,0 0,0 0,0 3,3 3,3 3,3 4,4 4,4 4,4 0,0
0,0 3,4 3,3 2,3 3,3 4,4 5,5 4,4 4,5 0,0
0,0 0,0 3,3 3,4 3,3 3,3 3,3 4,4 0,0 0,0
0,0 0,0 0,0 3,4 3,4 4,4 4,4 0,0 0,0 0,0
0,0 0,0 0,0 0,0 0,0 0,0 0,0 0,0 0,0 0,0
minintensity- 
1.0 1.0 1.0 1.0 1.0 1.0 1.0 1.0 1.0 1.0
1.0 1.0 1.0 0.2920011867077214 0.2605800067994675 0.2605800067994675 0.2896115681304812 1.0 1.0 1.0
1.0 1.0 0.23027259212757323 0.22754458169446973 0.2218612266255041 0.22606690937653867 0.22260006278446962 0.22498707191343517 1.0 1.0
1.0 0.2314713993973164 0.2546576885428907 0.2254513394580022 0.22411670352805987 0.22410250527348602 0.22540164556699369 0.22965402281186303 0.23692352915367643 1.0
1.0 0.27515695893302333 0.22558742872015905 0.26885441723302295 0.22267796125434128 0.222259281789748 0.22322437343694607 0.22752974829496692 0.22752974829496692 1.0
1.0 0.2936984308862618 0.24481529012070755 0.2233290433030944 0.22202066997624037 0.22352596457669546 0.22578050019260998 0.22752974829496692 0.22752974829496692 1.0
1.0 0.23696812054694744 0.22969573018467374 0.25746761186214756 0.22380722594789537 0.21796112995450137 0.21568525337600225 0.2256861174122826 0.23251695142192666 1.0
1.0 1.0 0.22955872471237382 0.22789340871213035 0.22831379105716076 0.22662862979669418 0.22410978549251281 0.21627796876821143 1.0 1.0
1.0 1.0 1.0 0.23863783338092892 0.2363884954375915 0.22066372844395793 0.2199364314500444 1.0 1.0 1.0
1.0 1.0 1.0 1.0 1.0 1.0 1.0 1.0 1.0 1.0
deviation- 
0.0 0.0 0.0 0.0 0.0 0.0 0.0 0.0 0.0 0.0
0.0 0.0 0.0 0.0 0.0 0.0 0.0 0.0 0.0 0.0
0.0 0.0 0.0 0.0 0.0 0.0 0.0 0.0 0.0 0.0
0.0 0.0 0.0 0.0 0.0 0.0 0.0 0.0 0.0 0.0
0.0 0.0 0.0 0.0 0.0 0.0 0.0 0.0 0.0 0.0
0.0 0.0 0.0 0.0 0.0 0.0 0.0 0.0 0.0 0.0
0.0 0.0 0.0 0.0 0.0 0.0 0.0 0.0 0.0 0.0
0.0 0.0 0.0 0.0 0.0 0.0 0.0 0.0 0.0 0.0
0.0 0.0 0.0 0.0 0.0 0.0 0.0 0.0 0.0 0.0
0.0 0.0 0.0 0.0 0.0 0.0 0.0 0.0 0.0 0.0
pointenable- 
n n n n n n n n n n
n n n y y y y n n n
n n y y y y y y n n
n y y y y y y y y n
n y y y y y y y y n
n y y y y y y y y n
n y y y y y y y y n
n n y y y y y y n n
n n n y y y y n n n
n n n n n n n n n n
#righteye
timetest-201
fneg-0
fnegtests-7
fpos-2
fpostests-3
fixationlosses-4
fixationlossestests-10
firings-201
visualfield- 
0,0 0,0 0,0 0,0 0,0 0,0 0,0 0,0 0,0 0,0
0,0 0,0 0,0 1,4 2,3 2,3 2,3 0,0 0,0 0,0
0,0 0,0 3,3 3,3 3,3 3,3 3,3 3,3 0,0 0,0
0,0 3,4 2,3 3,3 3,3 3,3 3,3 3,3 3,4 0,0
0,0 0,0 0,0 2,3 3,3 3,3 3,3 4,4 4,4 0,0
0,0 0,0 0,0 3,3 3,3 3,3 4,4 4,4 4,4 0,0
0,0 3,4 3,3 2,3 3,3 4,4 5,5 4,4 4,5 0,0
0,0 0,0 3,3 3,4 3,3 3,3 3,3 4,4 0,0 0,0
0,0 0,0 0,0 3,4 3,4 4,4 4,4 0,0 0,0 0,0
0,0 0,0 0,0 0,0 0,0 0,0 0,0 0,0 0,0 0,0
minintensity- 
1.0 1.0 1.0 1.0 1.0 1.0 1.0 1.0 1.0 1.0
1.0 1.0 1.0 0.2920011867077214 0.2605800067994675 0.2605800067994675 0.2896115681304812 1.0 1.0 1.0
1.0 1.0 0.23027259212757323 0.22754458169446973 0.2218612266255041 0.22606690937653867 0.22260006278446962 0.22498707191343517 1.0 1.0
1.0 0.2314713993973164 0.2546576885428907 0.2254513394580022 0.22411670352805987 0.22410250527348602 0.22540164556699369 0.22965402281186303 0.23692352915367643 1.0
1.0 0.27515695893302333 0.22558742872015905 0.26885441723302295 0.22267796125434128 0.222259281789748 0.22322437343694607 0.22752974829496692 0.22752974829496692 1.0
1.0 0.2936984308862618 0.24481529012070755 0.2233290433030944 0.22202066997624037 0.22352596457669546 0.22578050019260998 0.22752974829496692 0.22752974829496692 1.0
1.0 0.23696812054694744 0.22969573018467374 0.25746761186214756 0.22380722594789537 0.21796112995450137 0.21568525337600225 0.2256861174122826 0.23251695142192666 1.0
1.0 1.0 0.22955872471237382 0.22789340871213035 0.22831379105716076 0.22662862979669418 0.22410978549251281 0.21627796876821143 1.0 1.0
1.0 1.0 1.0 0.23863783338092892 0.2363884954375915 0.22066372844395793 0.2199364314500444 1.0 1.0 1.0
1.0 1.0 1.0 1.0 1.0 1.0 1.0 1.0 1.0 1.0
deviation- 
0.0 0.0 0.0 0.0 0.0 0.0 0.0 0.0 0.0 0.0
0.0 0.0 0.0 0.0 0.0 0.0 0.0 0.0 0.0 0.0
0.0 0.0 0.0 0.0 0.0 0.0 0.0 0.0 0.0 0.0
0.0 0.0 0.0 0.0 0.0 0.0 0.0 0.0 0.0 0.0
0.0 0.0 0.0 0.0 0.0 0.0 0.0 0.0 0.0 0.0
0.0 0.0 0.0 0.0 0.0 0.0 0.0 0.0 0.0 0.0
0.0 0.0 0.0 0.0 0.0 0.0 0.0 0.0 0.0 0.0
0.0 0.0 0.0 0.0 0.0 0.0 0.0 0.0 0.0 0.0
0.0 0.0 0.0 0.0 0.0 0.0 0.0 0.0 0.0 0.0
0.0 0.0 0.0 0.0 0.0 0.0 0.0 0.0 0.0 0.0
pointenable- 
n n n n n n n n n n
n n n y y y y n n n
n n y y y y y y n n
n y y y y y y y y n
n y y y y y y y y n
n y y y y y y y y n
n y y y y y y y y n
n n y y y y y y n n
n n n y y y y n n n
n n n n n n n n n n
