#head
personName-Fernanda
birthdate-01/01/1990
age-26
date-07/04/2016
stimulus-0
blindspot-1
blindspotsize-1
time-18:19:35
strategy-1
#lefteye
timetest-209
fneg-1
fnegtests-7
fpos-1
fpostests-4
fixationlosses-2
fixationlossestests-10
firings-209
visualfield- 
0,0 0,0 0,0 0,0 0,0 0,0 0,0 0,0 0,0 0,0
0,0 0,0 0,0 1,4 2,3 1,3 4,5 0,0 0,0 0,0
0,0 0,0 3,3 2,3 2,3 2,3 2,3 2,3 0,0 0,0
0,0 2,4 2,3 2,3 2,3 2,3 2,3 2,3 4,5 0,0
0,0 0,0 0,0 3,3 3,3 2,3 2,3 3,4 4,4 0,0
0,0 0,0 0,0 2,3 3,3 2,3 3,4 3,4 3,4 0,0
0,0 2,4 2,3 2,3 2,3 2,4 3,5 3,4 4,5 0,0
0,0 0,0 2,3 2,3 2,3 1,3 1,3 2,4 0,0 0,0
0,0 0,0 0,0 3,4 2,4 2,4 3,4 0,0 0,0 0,0
0,0 0,0 0,0 0,0 0,0 0,0 0,0 0,0 0,0 0,0
minintensity- 
1.0 1.0 1.0 1.0 1.0 1.0 1.0 1.0 1.0 1.0
1.0 1.0 1.0 0.23097948866434892 0.23052432322106509 0.2605800067994675 0.34814324333834634 1.0 1.0 1.0
1.0 1.0 0.23027259212757323 0.2548394342246287 0.24347272408669743 0.2777012698009944 0.24495039640462848 0.22498707191343517 1.0 1.0
1.0 0.2628358831774308 0.2546576885428907 0.27614018713960253 0.24812649143891774 0.27209368458605404 0.25069637551678536 0.2887482372011851 0.37613873764859673 1.0
1.0 0.3777429588921095 0.3022712547260168 0.22296890800092306 0.22267796125434128 0.26672553859949777 0.269620813541092 0.28253693811515457 0.22752974829496692 1.0
1.0 0.2624743383857989 0.31835818517164005 0.24663193322131569 0.22202066997624037 0.24702577576851786 0.27728919380808376 0.28253693811515457 0.2550333432050607 1.0
1.0 0.27382932547669286 0.25928454475214546 0.25746761186214756 0.2475075362785888 0.2715237729663994 0.26242026665240287 0.25126531920736317 0.23251695142192666 1.0
1.0 1.0 0.22955872471237382 0.25553708825995 0.25637785295001075 0.3057653316938444 0.29568995447711893 0.2643626875799134 1.0 1.0
1.0 1.0 1.0 0.23863783338092892 0.308228207027449 0.3216391724504342 0.29780759867957124 1.0 1.0 1.0
1.0 1.0 1.0 1.0 1.0 1.0 1.0 1.0 1.0 1.0
deviation- 
0.0 0.0 0.0 0.0 0.0 0.0 0.0 0.0 0.0 0.0
0.0 0.0 0.0 0.0 0.0 0.0 0.0 0.0 0.0 0.0
0.0 0.0 0.0 0.0 0.0 0.0 0.0 0.0 0.0 0.0
0.0 0.0 0.0 0.0 0.0 0.0 0.0 0.0 0.0 0.0
0.0 0.0 0.0 0.0 0.0 0.0 0.0 0.0 0.0 0.0
0.0 0.0 0.0 0.0 0.0 0.0 0.0 0.0 0.0 0.0
0.0 0.0 0.0 0.0 0.0 0.0 0.0 0.0 0.0 0.0
0.0 0.0 0.0 0.0 0.0 0.0 0.0 0.0 0.0 0.0
0.0 0.0 0.0 0.0 0.0 0.0 0.0 0.0 0.0 0.0
0.0 0.0 0.0 0.0 0.0 0.0 0.0 0.0 0.0 0.0
pointenable- 
n n n n n n n n n n
n n n y y y y n n n
n n y y y y y y n n
n y y y y y y y y n
n y y y y y y y y n
n y y y y y y y y n
n y y y y y y y y n
n n y y y y y y n n
n n n y y y y n n n
n n n n n n n n n n
#righteye
timetest-209
fneg-1
fnegtests-7
fpos-1
fpostests-4
fixationlosses-2
fixationlossestests-10
firings-209
visualfield- 
0,0 0,0 0,0 0,0 0,0 0,0 0,0 0,0 0,0 0,0
0,0 0,0 0,0 1,4 2,3 1,3 4,5 0,0 0,0 0,0
0,0 0,0 3,3 2,3 2,3 2,3 2,3 2,3 0,0 0,0
0,0 2,4 2,3 2,3 2,3 2,3 2,3 2,3 4,5 0,0
0,0 0,0 0,0 3,3 3,3 2,3 2,3 3,4 4,4 0,0
0,0 0,0 0,0 2,3 3,3 2,3 3,4 3,4 3,4 0,0
0,0 2,4 2,3 2,3 2,3 2,4 3,5 3,4 4,5 0,0
0,0 0,0 2,3 2,3 2,3 1,3 1,3 2,4 0,0 0,0
0,0 0,0 0,0 3,4 2,4 2,4 3,4 0,0 0,0 0,0
0,0 0,0 0,0 0,0 0,0 0,0 0,0 0,0 0,0 0,0
minintensity- 
1.0 1.0 1.0 1.0 1.0 1.0 1.0 1.0 1.0 1.0
1.0 1.0 1.0 0.23097948866434892 0.23052432322106509 0.2605800067994675 0.34814324333834634 1.0 1.0 1.0
1.0 1.0 0.23027259212757323 0.2548394342246287 0.24347272408669743 0.2777012698009944 0.24495039640462848 0.22498707191343517 1.0 1.0
1.0 0.2628358831774308 0.2546576885428907 0.27614018713960253 0.24812649143891774 0.27209368458605404 0.25069637551678536 0.2887482372011851 0.37613873764859673 1.0
1.0 0.3777429588921095 0.3022712547260168 0.22296890800092306 0.22267796125434128 0.26672553859949777 0.269620813541092 0.28253693811515457 0.22752974829496692 1.0
1.0 0.2624743383857989 0.31835818517164005 0.24663193322131569 0.22202066997624037 0.24702577576851786 0.27728919380808376 0.28253693811515457 0.2550333432050607 1.0
1.0 0.27382932547669286 0.25928454475214546 0.25746761186214756 0.2475075362785888 0.2715237729663994 0.26242026665240287 0.25126531920736317 0.23251695142192666 1.0
1.0 1.0 0.22955872471237382 0.25553708825995 0.25637785295001075 0.3057653316938444 0.29568995447711893 0.2643626875799134 1.0 1.0
1.0 1.0 1.0 0.23863783338092892 0.308228207027449 0.3216391724504342 0.29780759867957124 1.0 1.0 1.0
1.0 1.0 1.0 1.0 1.0 1.0 1.0 1.0 1.0 1.0
deviation- 
0.0 0.0 0.0 0.0 0.0 0.0 0.0 0.0 0.0 0.0
0.0 0.0 0.0 0.0 0.0 0.0 0.0 0.0 0.0 0.0
0.0 0.0 0.0 0.0 0.0 0.0 0.0 0.0 0.0 0.0
0.0 0.0 0.0 0.0 0.0 0.0 0.0 0.0 0.0 0.0
0.0 0.0 0.0 0.0 0.0 0.0 0.0 0.0 0.0 0.0
0.0 0.0 0.0 0.0 0.0 0.0 0.0 0.0 0.0 0.0
0.0 0.0 0.0 0.0 0.0 0.0 0.0 0.0 0.0 0.0
0.0 0.0 0.0 0.0 0.0 0.0 0.0 0.0 0.0 0.0
0.0 0.0 0.0 0.0 0.0 0.0 0.0 0.0 0.0 0.0
0.0 0.0 0.0 0.0 0.0 0.0 0.0 0.0 0.0 0.0
pointenable- 
n n n n n n n n n n
n n n y y y y n n n
n n y y y y y y n n
n y y y y y y y y n
n y y y y y y y y n
n y y y y y y y y n
n y y y y y y y y n
n n y y y y y y n n
n n n y y y y n n n
n n n n n n n n n n
