#head
personName-Jeronimo
birthdate-01/01/1990
age-26
date-08/04/2016
stimulus-0
blindspot-1
blindspotsize-1
time-14:32:29
strategy-1
#lefteye
timetest-202
fneg-0
fnegtests-7
fpos-5
fpostests-8
fixationlosses-4
fixationlossestests-10
firings-202
visualfield- 
0,0 0,0 0,0 0,0 0,0 0,0 0,0 0,0 0,0 0,0
0,0 0,0 0,0 4,4 3,3 3,3 3,3 0,0 0,0 0,0
0,0 0,0 3,3 2,3 3,3 3,3 3,3 3,3 0,0 0,0
0,0 3,4 2,3 3,3 3,3 3,3 3,3 3,3 4,4 0,0
0,0 0,0 0,0 3,3 3,3 3,3 3,3 4,4 3,4 0,0
0,0 0,0 0,0 3,3 3,3 3,3 4,4 4,4 4,4 0,0
0,0 4,4 2,3 3,3 3,3 4,4 5,5 4,4 5,5 0,0
0,0 0,0 3,3 3,3 3,3 3,3 2,3 3,4 0,0 0,0
0,0 0,0 0,0 4,4 3,4 3,4 3,5 0,0 0,0 0,0
0,0 0,0 0,0 0,0 0,0 0,0 0,0 0,0 0,0 0,0
minintensity- 
1.0 1.0 1.0 1.0 1.0 1.0 1.0 1.0 1.0 1.0
1.0 1.0 1.0 0.2157240641535058 0.23052432322106509 0.23052432322106509 0.2301829491386022 1.0 1.0 1.0
1.0 1.0 0.23027259212757323 0.2548394342246287 0.2218612266255041 0.22606690937653867 0.22260006278446962 0.22498707191343517 1.0 1.0
1.0 0.24715364128737358 0.28193307500573506 0.2254513394580022 0.22411670352805987 0.22410250527348602 0.22540164556699369 0.22965402281186303 0.21851522238543922 1.0
1.0 0.27515695893302333 1.0 0.22296890800092306 0.22267796125434128 0.222259281789748 0.22322437343694607 0.22752974829496692 0.2550333432050607 1.0
1.0 0.21563819963510458 0.22242072175279032 0.2233290433030944 0.22202066997624037 0.22352596457669546 0.22578050019260998 0.22752974829496692 0.22752974829496692 1.0
1.0 0.21853751808207472 0.25928454475214546 0.22878726373967478 0.22380722594789537 0.21796112995450137 0.21568525337600225 0.2256861174122826 0.21631193351956432 1.0
1.0 1.0 0.22955872471237382 0.22789340871213035 0.22831379105716076 0.22662862979669418 0.24796984182071485 0.2483344479760127 1.0 1.0
1.0 1.0 1.0 0.2195532365117958 0.2363884954375915 0.301444083649139 0.2394042232574261 1.0 1.0 1.0
1.0 1.0 1.0 1.0 1.0 1.0 1.0 1.0 1.0 1.0
deviation- 
0.0 0.0 0.0 0.0 0.0 0.0 0.0 0.0 0.0 0.0
0.0 0.0 0.0 0.0 0.0 0.0 0.0 0.0 0.0 0.0
0.0 0.0 0.0 0.0 0.0 0.0 0.0 0.0 0.0 0.0
0.0 0.0 0.0 0.0 0.0 0.0 0.0 0.0 0.0 0.0
0.0 0.0 0.0 0.0 0.0 0.0 0.0 0.0 0.0 0.0
0.0 0.0 0.0 0.0 0.0 0.0 0.0 0.0 0.0 0.0
0.0 0.0 0.0 0.0 0.0 0.0 0.0 0.0 0.0 0.0
0.0 0.0 0.0 0.0 0.0 0.0 0.0 0.0 0.0 0.0
0.0 0.0 0.0 0.0 0.0 0.0 0.0 0.0 0.0 0.0
0.0 0.0 0.0 0.0 0.0 0.0 0.0 0.0 0.0 0.0
pointenable- 
n n n n n n n n n n
n n n y y y y n n n
n n y y y y y y n n
n y y y y y y y y n
n y y y y y y y y n
n y y y y y y y y n
n y y y y y y y y n
n n y y y y y y n n
n n n y y y y n n n
n n n n n n n n n n
#righteye
timetest-202
fneg-0
fnegtests-7
fpos-5
fpostests-8
fixationlosses-4
fixationlossestests-10
firings-202
visualfield- 
0,0 0,0 0,0 0,0 0,0 0,0 0,0 0,0 0,0 0,0
0,0 0,0 0,0 4,4 3,3 3,3 3,3 0,0 0,0 0,0
0,0 0,0 3,3 2,3 3,3 3,3 3,3 3,3 0,0 0,0
0,0 3,4 2,3 3,3 3,3 3,3 3,3 3,3 4,4 0,0
0,0 0,0 0,0 3,3 3,3 3,3 3,3 4,4 3,4 0,0
0,0 0,0 0,0 3,3 3,3 3,3 4,4 4,4 4,4 0,0
0,0 4,4 2,3 3,3 3,3 4,4 5,5 4,4 5,5 0,0
0,0 0,0 3,3 3,3 3,3 3,3 2,3 3,4 0,0 0,0
0,0 0,0 0,0 4,4 3,4 3,4 3,5 0,0 0,0 0,0
0,0 0,0 0,0 0,0 0,0 0,0 0,0 0,0 0,0 0,0
minintensity- 
1.0 1.0 1.0 1.0 1.0 1.0 1.0 1.0 1.0 1.0
1.0 1.0 1.0 0.2157240641535058 0.23052432322106509 0.23052432322106509 0.2301829491386022 1.0 1.0 1.0
1.0 1.0 0.23027259212757323 0.2548394342246287 0.2218612266255041 0.22606690937653867 0.22260006278446962 0.22498707191343517 1.0 1.0
1.0 0.24715364128737358 0.28193307500573506 0.2254513394580022 0.22411670352805987 0.22410250527348602 0.22540164556699369 0.22965402281186303 0.21851522238543922 1.0
1.0 0.27515695893302333 1.0 0.22296890800092306 0.22267796125434128 0.222259281789748 0.22322437343694607 0.22752974829496692 0.2550333432050607 1.0
1.0 0.21563819963510458 0.22242072175279032 0.2233290433030944 0.22202066997624037 0.22352596457669546 0.22578050019260998 0.22752974829496692 0.22752974829496692 1.0
1.0 0.21853751808207472 0.25928454475214546 0.22878726373967478 0.22380722594789537 0.21796112995450137 0.21568525337600225 0.2256861174122826 0.21631193351956432 1.0
1.0 1.0 0.22955872471237382 0.22789340871213035 0.22831379105716076 0.22662862979669418 0.24796984182071485 0.2483344479760127 1.0 1.0
1.0 1.0 1.0 0.2195532365117958 0.2363884954375915 0.301444083649139 0.2394042232574261 1.0 1.0 1.0
1.0 1.0 1.0 1.0 1.0 1.0 1.0 1.0 1.0 1.0
deviation- 
0.0 0.0 0.0 0.0 0.0 0.0 0.0 0.0 0.0 0.0
0.0 0.0 0.0 0.0 0.0 0.0 0.0 0.0 0.0 0.0
0.0 0.0 0.0 0.0 0.0 0.0 0.0 0.0 0.0 0.0
0.0 0.0 0.0 0.0 0.0 0.0 0.0 0.0 0.0 0.0
0.0 0.0 0.0 0.0 0.0 0.0 0.0 0.0 0.0 0.0
0.0 0.0 0.0 0.0 0.0 0.0 0.0 0.0 0.0 0.0
0.0 0.0 0.0 0.0 0.0 0.0 0.0 0.0 0.0 0.0
0.0 0.0 0.0 0.0 0.0 0.0 0.0 0.0 0.0 0.0
0.0 0.0 0.0 0.0 0.0 0.0 0.0 0.0 0.0 0.0
0.0 0.0 0.0 0.0 0.0 0.0 0.0 0.0 0.0 0.0
pointenable- 
n n n n n n n n n n
n n n y y y y n n n
n n y y y y y y n n
n y y y y y y y y n
n y y y y y y y y n
n y y y y y y y y n
n y y y y y y y y n
n n y y y y y y n n
n n n y y y y n n n
n n n n n n n n n n
