#head
personName-Jonas
birthdate-01/01/1990
age-26
date-06/04/2016
stimulus-0
blindspot-1
blindspotsize-1
time-16:17:36
strategy-1
#lefteye
timetest-204
fneg-0
fnegtests-7
fpos-2
fpostests-4
fixationlosses-5
fixationlossestests-10
firings-204
visualfield- 
0,0 0,0 0,0 0,0 0,0 0,0 0,0 0,0 0,0 0,0
0,0 0,0 0,0 3,4 2,3 3,3 3,3 0,0 0,0 0,0
0,0 0,0 3,3 3,3 3,3 3,3 3,3 3,3 0,0 0,0
0,0 3,4 3,3 3,3 3,3 3,3 3,3 2,3 2,4 0,0
0,0 3,4 3,3 3,3 3,3 3,3 3,3 0,0 0,0 0,0
0,0 3,4 3,3 3,3 3,3 3,3 4,4 0,0 0,0 0,0
0,0 3,4 2,3 3,3 3,3 3,4 4,5 3,4 4,5 0,0
0,0 0,0 3,3 3,3 3,3 1,3 2,3 3,4 0,0 0,0
0,0 0,0 0,0 3,4 3,4 3,4 4,5 0,0 0,0 0,0
0,0 0,0 0,0 0,0 0,0 0,0 0,0 0,0 0,0 0,0
minintensity- 
1.0 1.0 1.0 1.0 1.0 1.0 1.0 1.0 1.0 1.0
1.0 1.0 1.0 0.2157240641535058 0.2605800067994675 0.23052432322106509 0.2301829491386022 1.0 1.0 1.0
1.0 1.0 0.23027259212757323 0.22754458169446973 0.2218612266255041 0.22606690937653867 0.22260006278446962 0.22498707191343517 1.0 1.0
1.0 0.24715364128737358 0.22738230208004637 0.2254513394580022 0.22411670352805987 0.22410250527348602 0.22540164556699369 0.2887482372011851 0.3105567562266252 1.0
1.0 0.2300784756041332 0.22558742872015905 0.22296890800092306 0.22267796125434128 0.222259281789748 0.22322437343694607 0.42005491266562367 0.2550333432050607 1.0
1.0 0.23125024588533602 0.22242072175279032 0.2233290433030944 0.22202066997624037 0.22352596457669546 0.22578050019260998 0.22752974829496692 0.22752974829496692 1.0
1.0 0.23696812054694744 0.28887335931961716 0.22878726373967478 0.22380722594789537 0.2358153442918007 0.23126359113480244 0.25126531920736317 0.23251695142192666 1.0
1.0 1.0 0.22955872471237382 0.22789340871213035 0.22831379105716076 0.3057653316938444 0.24796984182071485 0.23230620837211208 1.0 1.0
1.0 1.0 1.0 0.2195532365117958 0.2363884954375915 0.2610539060465485 0.2394042232574261 1.0 1.0 1.0
1.0 1.0 1.0 1.0 1.0 1.0 1.0 1.0 1.0 1.0
deviation- 
0.0 0.0 0.0 0.0 0.0 0.0 0.0 0.0 0.0 0.0
0.0 0.0 0.0 0.0 0.0 0.0 0.0 0.0 0.0 0.0
0.0 0.0 0.0 0.0 0.0 0.0 0.0 0.0 0.0 0.0
0.0 0.0 0.0 0.0 0.0 0.0 0.0 0.0 0.0 0.0
0.0 0.0 0.0 0.0 0.0 0.0 0.0 0.0 0.0 0.0
0.0 0.0 0.0 0.0 0.0 0.0 0.0 0.0 0.0 0.0
0.0 0.0 0.0 0.0 0.0 0.0 0.0 0.0 0.0 0.0
0.0 0.0 0.0 0.0 0.0 0.0 0.0 0.0 0.0 0.0
0.0 0.0 0.0 0.0 0.0 0.0 0.0 0.0 0.0 0.0
0.0 0.0 0.0 0.0 0.0 0.0 0.0 0.0 0.0 0.0
pointenable- 
n n n n n n n n n n
n n n y y y y n n n
n n y y y y y y n n
n y y y y y y y y n
n y y y y y y y y n
n y y y y y y y y n
n y y y y y y y y n
n n y y y y y y n n
n n n y y y y n n n
n n n n n n n n n n
#righteye
timetest-204
fneg-0
fnegtests-7
fpos-2
fpostests-4
fixationlosses-5
fixationlossestests-10
firings-204
visualfield- 
0,0 0,0 0,0 0,0 0,0 0,0 0,0 0,0 0,0 0,0
0,0 0,0 0,0 3,4 2,3 3,3 3,3 0,0 0,0 0,0
0,0 0,0 3,3 3,3 3,3 3,3 3,3 3,3 0,0 0,0
0,0 3,4 3,3 3,3 3,3 3,3 3,3 2,3 2,4 0,0
0,0 3,4 3,3 3,3 3,3 3,3 3,3 0,0 0,0 0,0
0,0 3,4 3,3 3,3 3,3 3,3 4,4 0,0 0,0 0,0
0,0 3,4 2,3 3,3 3,3 3,4 4,5 3,4 4,5 0,0
0,0 0,0 3,3 3,3 3,3 1,3 2,3 3,4 0,0 0,0
0,0 0,0 0,0 3,4 3,4 3,4 4,5 0,0 0,0 0,0
0,0 0,0 0,0 0,0 0,0 0,0 0,0 0,0 0,0 0,0
minintensity- 
1.0 1.0 1.0 1.0 1.0 1.0 1.0 1.0 1.0 1.0
1.0 1.0 1.0 0.2157240641535058 0.2605800067994675 0.23052432322106509 0.2301829491386022 1.0 1.0 1.0
1.0 1.0 0.23027259212757323 0.22754458169446973 0.2218612266255041 0.22606690937653867 0.22260006278446962 0.22498707191343517 1.0 1.0
1.0 0.24715364128737358 0.22738230208004637 0.2254513394580022 0.22411670352805987 0.22410250527348602 0.22540164556699369 0.2887482372011851 0.3105567562266252 1.0
1.0 0.2300784756041332 0.22558742872015905 0.22296890800092306 0.22267796125434128 0.222259281789748 0.22322437343694607 0.42005491266562367 0.2550333432050607 1.0
1.0 0.23125024588533602 0.22242072175279032 0.2233290433030944 0.22202066997624037 0.22352596457669546 0.22578050019260998 0.22752974829496692 0.22752974829496692 1.0
1.0 0.23696812054694744 0.28887335931961716 0.22878726373967478 0.22380722594789537 0.2358153442918007 0.23126359113480244 0.25126531920736317 0.23251695142192666 1.0
1.0 1.0 0.22955872471237382 0.22789340871213035 0.22831379105716076 0.3057653316938444 0.24796984182071485 0.23230620837211208 1.0 1.0
1.0 1.0 1.0 0.2195532365117958 0.2363884954375915 0.2610539060465485 0.2394042232574261 1.0 1.0 1.0
1.0 1.0 1.0 1.0 1.0 1.0 1.0 1.0 1.0 1.0
deviation- 
0.0 0.0 0.0 0.0 0.0 0.0 0.0 0.0 0.0 0.0
0.0 0.0 0.0 0.0 0.0 0.0 0.0 0.0 0.0 0.0
0.0 0.0 0.0 0.0 0.0 0.0 0.0 0.0 0.0 0.0
0.0 0.0 0.0 0.0 0.0 0.0 0.0 0.0 0.0 0.0
0.0 0.0 0.0 0.0 0.0 0.0 0.0 0.0 0.0 0.0
0.0 0.0 0.0 0.0 0.0 0.0 0.0 0.0 0.0 0.0
0.0 0.0 0.0 0.0 0.0 0.0 0.0 0.0 0.0 0.0
0.0 0.0 0.0 0.0 0.0 0.0 0.0 0.0 0.0 0.0
0.0 0.0 0.0 0.0 0.0 0.0 0.0 0.0 0.0 0.0
0.0 0.0 0.0 0.0 0.0 0.0 0.0 0.0 0.0 0.0
pointenable- 
n n n n n n n n n n
n n n y y y y n n n
n n y y y y y y n n
n y y y y y y y y n
n y y y y y y y y n
n y y y y y y y y n
n y y y y y y y y n
n n y y y y y y n n
n n n y y y y n n n
n n n n n n n n n n
