#head
personName-Jonas
birthdate-01/01/1990
age-26
date-08/04/2016
stimulus-0
blindspot-1
blindspotsize-1
time-16:13:58
strategy-1
#lefteye
timetest-206
fneg-0
fnegtests-7
fpos-0
fpostests-3
fixationlosses-0
fixationlossestests-10
firings-206
visualfield- 
0,0 0,0 0,0 0,0 0,0 0,0 0,0 0,0 0,0 0,0
0,0 0,0 0,0 4,4 3,5 2,3 3,3 0,0 0,0 0,0
0,0 0,0 3,3 2,3 2,3 3,3 3,3 3,3 0,0 0,0
0,0 2,4 2,3 3,3 3,3 3,3 3,3 3,3 3,4 0,0
0,0 0,0 0,0 3,3 3,3 3,3 3,3 4,4 3,4 0,0
0,0 0,0 0,0 3,3 3,3 3,3 4,4 4,4 4,4 0,0
0,0 3,4 3,3 3,3 2,3 4,4 5,5 4,4 4,5 0,0
0,0 0,0 2,3 3,3 2,3 3,3 2,3 2,4 0,0 0,0
0,0 0,0 0,0 3,4 3,4 3,4 3,4 0,0 0,0 0,0
0,0 0,0 0,0 0,0 0,0 0,0 0,0 0,0 0,0 0,0
minintensity- 
1.0 1.0 1.0 1.0 1.0 1.0 1.0 1.0 1.0 1.0
1.0 1.0 1.0 0.2157240641535058 0.23052432322106509 0.2906356903778699 0.2301829491386022 1.0 1.0 1.0
1.0 1.0 0.23027259212757323 0.2548394342246287 0.26508422154789074 0.22606690937653867 0.22260006278446962 0.22498707191343517 1.0 1.0
1.0 0.2628358831774308 0.2546576885428907 0.2254513394580022 0.22411670352805987 0.22410250527348602 0.22540164556699369 0.22965402281186303 0.23692352915367643 1.0
1.0 0.29018312004265334 0.3022712547260168 0.22296890800092306 0.22267796125434128 0.222259281789748 0.22322437343694607 0.22752974829496692 0.28253693811515457 1.0
1.0 0.27808638463603036 0.24481529012070755 0.2233290433030944 0.22202066997624037 0.22352596457669546 0.22578050019260998 0.22752974829496692 0.22752974829496692 1.0
1.0 0.23696812054694744 0.22969573018467374 0.22878726373967478 0.2475075362785888 0.21796112995450137 0.21568525337600225 0.2256861174122826 0.24872196932428897 1.0
1.0 1.0 0.25886772026043686 0.22789340871213035 0.25637785295001075 0.22662862979669418 0.24796984182071485 0.2643626875799134 1.0 1.0
1.0 1.0 1.0 0.23863783338092892 0.2363884954375915 0.2408588172452532 0.2394042232574261 1.0 1.0 1.0
1.0 1.0 1.0 1.0 1.0 1.0 1.0 1.0 1.0 1.0
deviation- 
0.0 0.0 0.0 0.0 0.0 0.0 0.0 0.0 0.0 0.0
0.0 0.0 0.0 0.0 0.0 0.0 0.0 0.0 0.0 0.0
0.0 0.0 0.0 0.0 0.0 0.0 0.0 0.0 0.0 0.0
0.0 0.0 0.0 0.0 0.0 0.0 0.0 0.0 0.0 0.0
0.0 0.0 0.0 0.0 0.0 0.0 0.0 0.0 0.0 0.0
0.0 0.0 0.0 0.0 0.0 0.0 0.0 0.0 0.0 0.0
0.0 0.0 0.0 0.0 0.0 0.0 0.0 0.0 0.0 0.0
0.0 0.0 0.0 0.0 0.0 0.0 0.0 0.0 0.0 0.0
0.0 0.0 0.0 0.0 0.0 0.0 0.0 0.0 0.0 0.0
0.0 0.0 0.0 0.0 0.0 0.0 0.0 0.0 0.0 0.0
pointenable- 
n n n n n n n n n n
n n n y y y y n n n
n n y y y y y y n n
n y y y y y y y y n
n y y y y y y y y n
n y y y y y y y y n
n y y y y y y y y n
n n y y y y y y n n
n n n y y y y n n n
n n n n n n n n n n
#righteye
timetest-206
fneg-0
fnegtests-7
fpos-0
fpostests-3
fixationlosses-0
fixationlossestests-10
firings-206
visualfield- 
0,0 0,0 0,0 0,0 0,0 0,0 0,0 0,0 0,0 0,0
0,0 0,0 0,0 4,4 3,5 2,3 3,3 0,0 0,0 0,0
0,0 0,0 3,3 2,3 2,3 3,3 3,3 3,3 0,0 0,0
0,0 2,4 2,3 3,3 3,3 3,3 3,3 3,3 3,4 0,0
0,0 0,0 0,0 3,3 3,3 3,3 3,3 4,4 3,4 0,0
0,0 0,0 0,0 3,3 3,3 3,3 4,4 4,4 4,4 0,0
0,0 3,4 3,3 3,3 2,3 4,4 5,5 4,4 4,5 0,0
0,0 0,0 2,3 3,3 2,3 3,3 2,3 2,4 0,0 0,0
0,0 0,0 0,0 3,4 3,4 3,4 3,4 0,0 0,0 0,0
0,0 0,0 0,0 0,0 0,0 0,0 0,0 0,0 0,0 0,0
minintensity- 
1.0 1.0 1.0 1.0 1.0 1.0 1.0 1.0 1.0 1.0
1.0 1.0 1.0 0.2157240641535058 0.23052432322106509 0.2906356903778699 0.2301829491386022 1.0 1.0 1.0
1.0 1.0 0.23027259212757323 0.2548394342246287 0.26508422154789074 0.22606690937653867 0.22260006278446962 0.22498707191343517 1.0 1.0
1.0 0.2628358831774308 0.2546576885428907 0.2254513394580022 0.22411670352805987 0.22410250527348602 0.22540164556699369 0.22965402281186303 0.23692352915367643 1.0
1.0 0.29018312004265334 0.3022712547260168 0.22296890800092306 0.22267796125434128 0.222259281789748 0.22322437343694607 0.22752974829496692 0.28253693811515457 1.0
1.0 0.27808638463603036 0.24481529012070755 0.2233290433030944 0.22202066997624037 0.22352596457669546 0.22578050019260998 0.22752974829496692 0.22752974829496692 1.0
1.0 0.23696812054694744 0.22969573018467374 0.22878726373967478 0.2475075362785888 0.21796112995450137 0.21568525337600225 0.2256861174122826 0.24872196932428897 1.0
1.0 1.0 0.25886772026043686 0.22789340871213035 0.25637785295001075 0.22662862979669418 0.24796984182071485 0.2643626875799134 1.0 1.0
1.0 1.0 1.0 0.23863783338092892 0.2363884954375915 0.2408588172452532 0.2394042232574261 1.0 1.0 1.0
1.0 1.0 1.0 1.0 1.0 1.0 1.0 1.0 1.0 1.0
deviation- 
0.0 0.0 0.0 0.0 0.0 0.0 0.0 0.0 0.0 0.0
0.0 0.0 0.0 0.0 0.0 0.0 0.0 0.0 0.0 0.0
0.0 0.0 0.0 0.0 0.0 0.0 0.0 0.0 0.0 0.0
0.0 0.0 0.0 0.0 0.0 0.0 0.0 0.0 0.0 0.0
0.0 0.0 0.0 0.0 0.0 0.0 0.0 0.0 0.0 0.0
0.0 0.0 0.0 0.0 0.0 0.0 0.0 0.0 0.0 0.0
0.0 0.0 0.0 0.0 0.0 0.0 0.0 0.0 0.0 0.0
0.0 0.0 0.0 0.0 0.0 0.0 0.0 0.0 0.0 0.0
0.0 0.0 0.0 0.0 0.0 0.0 0.0 0.0 0.0 0.0
0.0 0.0 0.0 0.0 0.0 0.0 0.0 0.0 0.0 0.0
pointenable- 
n n n n n n n n n n
n n n y y y y n n n
n n y y y y y y n n
n y y y y y y y y n
n y y y y y y y y n
n y y y y y y y y n
n y y y y y y y y n
n n y y y y y y n n
n n n y y y y n n n
n n n n n n n n n n
