#head
personName-Jonas
birthdate-01/01/1990
age-26
date-08/04/2016
stimulus-0
blindspot-1
blindspotsize-1
time-15:37:53
strategy-1
#lefteye
timetest-211
fneg-0
fnegtests-7
fpos-2
fpostests-3
fixationlosses-2
fixationlossestests-10
firings-211
visualfield- 
0,0 0,0 0,0 0,0 0,0 0,0 0,0 0,0 0,0 0,0
0,0 0,0 0,0 3,4 3,3 2,3 2,3 0,0 0,0 0,0
0,0 0,0 3,3 2,3 2,3 3,3 3,3 3,3 0,0 0,0
0,0 3,4 3,3 3,3 3,3 3,3 4,5 3,3 3,4 0,0
0,0 0,0 0,0 3,3 3,3 3,3 2,3 4,4 4,4 0,0
0,0 0,0 0,0 3,3 2,3 3,3 3,4 3,4 2,3 0,0
0,0 4,4 3,3 3,3 3,3 4,4 5,5 4,4 5,5 0,0
0,0 0,0 2,3 3,3 4,5 3,3 2,3 3,4 0,0 0,0
0,0 0,0 0,0 3,4 3,4 3,4 4,5 0,0 0,0 0,0
0,0 0,0 0,0 0,0 0,0 0,0 0,0 0,0 0,0 0,0
minintensity- 
1.0 1.0 1.0 1.0 1.0 1.0 1.0 1.0 1.0 1.0
1.0 1.0 1.0 0.2767457621968783 0.23052432322106509 0.2906356903778699 0.2598972586345418 1.0 1.0 1.0
1.0 1.0 0.23027259212757323 0.28213428675478763 0.26508422154789074 0.22606690937653867 0.22260006278446962 0.22498707191343517 1.0 1.0
1.0 0.24715364128737358 0.22738230208004637 0.2254513394580022 0.22411670352805987 0.22410250527348602 0.3300512033018658 0.22965402281186303 0.23692352915367643 1.0
1.0 0.26013079782339327 0.5323013212468014 0.22296890800092306 0.22267796125434128 0.222259281789748 0.24642259348901904 0.22752974829496692 0.22752974829496692 1.0
1.0 0.23125024588533602 0.24481529012070755 0.2233290433030944 0.24401518656760765 0.22352596457669546 0.27728919380808376 0.2550333432050607 0.42005491266562367 1.0
1.0 0.21853751808207472 0.22969573018467374 0.22878726373967478 0.22380722594789537 0.21796112995450137 0.21568525337600225 0.2256861174122826 0.21631193351956432 1.0
1.0 1.0 0.25886772026043686 0.22789340871213035 0.34129187406772366 0.22662862979669418 0.24796984182071485 0.2483344479760127 1.0 1.0
1.0 1.0 1.0 0.23863783338092892 0.2363884954375915 0.2408588172452532 0.2394042232574261 1.0 1.0 1.0
1.0 1.0 1.0 1.0 1.0 1.0 1.0 1.0 1.0 1.0
deviation- 
0.0 0.0 0.0 0.0 0.0 0.0 0.0 0.0 0.0 0.0
0.0 0.0 0.0 0.0 0.0 0.0 0.0 0.0 0.0 0.0
0.0 0.0 0.0 0.0 0.0 0.0 0.0 0.0 0.0 0.0
0.0 0.0 0.0 0.0 0.0 0.0 0.0 0.0 0.0 0.0
0.0 0.0 0.0 0.0 0.0 0.0 0.0 0.0 0.0 0.0
0.0 0.0 0.0 0.0 0.0 0.0 0.0 0.0 0.0 0.0
0.0 0.0 0.0 0.0 0.0 0.0 0.0 0.0 0.0 0.0
0.0 0.0 0.0 0.0 0.0 0.0 0.0 0.0 0.0 0.0
0.0 0.0 0.0 0.0 0.0 0.0 0.0 0.0 0.0 0.0
0.0 0.0 0.0 0.0 0.0 0.0 0.0 0.0 0.0 0.0
pointenable- 
n n n n n n n n n n
n n n y y y y n n n
n n y y y y y y n n
n y y y y y y y y n
n y y y y y y y y n
n y y y y y y y y n
n y y y y y y y y n
n n y y y y y y n n
n n n y y y y n n n
n n n n n n n n n n
#righteye
timetest-211
fneg-0
fnegtests-7
fpos-2
fpostests-3
fixationlosses-2
fixationlossestests-10
firings-211
visualfield- 
0,0 0,0 0,0 0,0 0,0 0,0 0,0 0,0 0,0 0,0
0,0 0,0 0,0 3,4 3,3 2,3 2,3 0,0 0,0 0,0
0,0 0,0 3,3 2,3 2,3 3,3 3,3 3,3 0,0 0,0
0,0 3,4 3,3 3,3 3,3 3,3 4,5 3,3 3,4 0,0
0,0 0,0 0,0 3,3 3,3 3,3 2,3 4,4 4,4 0,0
0,0 0,0 0,0 3,3 2,3 3,3 3,4 3,4 2,3 0,0
0,0 4,4 3,3 3,3 3,3 4,4 5,5 4,4 5,5 0,0
0,0 0,0 2,3 3,3 4,5 3,3 2,3 3,4 0,0 0,0
0,0 0,0 0,0 3,4 3,4 3,4 4,5 0,0 0,0 0,0
0,0 0,0 0,0 0,0 0,0 0,0 0,0 0,0 0,0 0,0
minintensity- 
1.0 1.0 1.0 1.0 1.0 1.0 1.0 1.0 1.0 1.0
1.0 1.0 1.0 0.2767457621968783 0.23052432322106509 0.2906356903778699 0.2598972586345418 1.0 1.0 1.0
1.0 1.0 0.23027259212757323 0.28213428675478763 0.26508422154789074 0.22606690937653867 0.22260006278446962 0.22498707191343517 1.0 1.0
1.0 0.24715364128737358 0.22738230208004637 0.2254513394580022 0.22411670352805987 0.22410250527348602 0.3300512033018658 0.22965402281186303 0.23692352915367643 1.0
1.0 0.26013079782339327 0.5323013212468014 0.22296890800092306 0.22267796125434128 0.222259281789748 0.24642259348901904 0.22752974829496692 0.22752974829496692 1.0
1.0 0.23125024588533602 0.24481529012070755 0.2233290433030944 0.24401518656760765 0.22352596457669546 0.27728919380808376 0.2550333432050607 0.42005491266562367 1.0
1.0 0.21853751808207472 0.22969573018467374 0.22878726373967478 0.22380722594789537 0.21796112995450137 0.21568525337600225 0.2256861174122826 0.21631193351956432 1.0
1.0 1.0 0.25886772026043686 0.22789340871213035 0.34129187406772366 0.22662862979669418 0.24796984182071485 0.2483344479760127 1.0 1.0
1.0 1.0 1.0 0.23863783338092892 0.2363884954375915 0.2408588172452532 0.2394042232574261 1.0 1.0 1.0
1.0 1.0 1.0 1.0 1.0 1.0 1.0 1.0 1.0 1.0
deviation- 
0.0 0.0 0.0 0.0 0.0 0.0 0.0 0.0 0.0 0.0
0.0 0.0 0.0 0.0 0.0 0.0 0.0 0.0 0.0 0.0
0.0 0.0 0.0 0.0 0.0 0.0 0.0 0.0 0.0 0.0
0.0 0.0 0.0 0.0 0.0 0.0 0.0 0.0 0.0 0.0
0.0 0.0 0.0 0.0 0.0 0.0 0.0 0.0 0.0 0.0
0.0 0.0 0.0 0.0 0.0 0.0 0.0 0.0 0.0 0.0
0.0 0.0 0.0 0.0 0.0 0.0 0.0 0.0 0.0 0.0
0.0 0.0 0.0 0.0 0.0 0.0 0.0 0.0 0.0 0.0
0.0 0.0 0.0 0.0 0.0 0.0 0.0 0.0 0.0 0.0
0.0 0.0 0.0 0.0 0.0 0.0 0.0 0.0 0.0 0.0
pointenable- 
n n n n n n n n n n
n n n y y y y n n n
n n y y y y y y n n
n y y y y y y y y n
n y y y y y y y y n
n y y y y y y y y n
n y y y y y y y y n
n n y y y y y y n n
n n n y y y y n n n
n n n n n n n n n n
