#head
personName-Jose Sotomayor
birthdate-01/01/1990
age-26
date-07/04/2016
stimulus-0
blindspot-1
blindspotsize-1
time-14:41:30
strategy-1
#lefteye
timetest-205
fneg-0
fnegtests-7
fpos-0
fpostests-3
fixationlosses-2
fixationlossestests-10
firings-205
visualfield- 
0,0 0,0 0,0 0,0 0,0 0,0 0,0 0,0 0,0 0,0
0,0 0,0 0,0 3,4 3,3 2,3 2,3 0,0 0,0 0,0
0,0 0,0 3,3 3,3 2,3 2,3 2,3 2,3 0,0 0,0
0,0 3,4 1,3 3,3 3,3 2,3 3,3 3,3 1,4 0,0
0,0 0,0 0,0 2,3 3,3 3,3 3,3 3,4 2,3 0,0
0,0 0,0 0,0 3,3 3,3 3,3 4,4 4,4 2,4 0,0
0,0 3,4 2,3 3,3 3,3 3,4 5,5 4,4 3,5 0,0
0,0 0,0 2,3 2,3 2,3 3,3 2,3 2,4 0,0 0,0
0,0 0,0 0,0 4,5 3,4 4,5 2,4 0,0 0,0 0,0
0,0 0,0 0,0 0,0 0,0 0,0 0,0 0,0 0,0 0,0
minintensity- 
1.0 1.0 1.0 1.0 1.0 1.0 1.0 1.0 1.0 1.0
1.0 1.0 1.0 0.23097948866434892 0.23052432322106509 0.2906356903778699 0.2301829491386022 1.0 1.0 1.0
1.0 1.0 0.23027259212757323 0.22754458169446973 0.26508422154789074 0.2777012698009944 0.24495039640462848 0.2497244146625596 1.0 1.0
1.0 0.27851812506748796 0.3092084614685794 0.2254513394580022 0.22411670352805987 0.24809809492977003 0.22540164556699369 0.22965402281186303 0.34737336976309957 1.0
1.0 1.0 0.2767099793907309 0.245911662616973 0.22267796125434128 0.222259281789748 0.22322437343694607 0.2550333432050607 0.42005491266562367 1.0
1.0 0.2936984308862618 0.22242072175279032 0.2233290433030944 0.22202066997624037 0.22352596457669546 0.22578050019260998 0.22752974829496692 0.2550333432050607 1.0
1.0 0.23696812054694744 0.25928454475214546 0.22878726373967478 0.22380722594789537 0.25366955862910007 0.21568525337600225 0.2256861174122826 0.2973370230313759 1.0
1.0 1.0 0.22955872471237382 0.25553708825995 0.25637785295001075 0.22662862979669418 0.2718298981489169 0.2643626875799134 1.0 1.0
1.0 1.0 1.0 0.3819627803076532 0.2363884954375915 0.2610539060465485 0.2783398068721895 1.0 1.0 1.0
1.0 1.0 1.0 1.0 1.0 1.0 1.0 1.0 1.0 1.0
deviation- 
0.0 0.0 0.0 0.0 0.0 0.0 0.0 0.0 0.0 0.0
0.0 0.0 0.0 0.0 0.0 0.0 0.0 0.0 0.0 0.0
0.0 0.0 0.0 0.0 0.0 0.0 0.0 0.0 0.0 0.0
0.0 0.0 0.0 0.0 0.0 0.0 0.0 0.0 0.0 0.0
0.0 0.0 0.0 0.0 0.0 0.0 0.0 0.0 0.0 0.0
0.0 0.0 0.0 0.0 0.0 0.0 0.0 0.0 0.0 0.0
0.0 0.0 0.0 0.0 0.0 0.0 0.0 0.0 0.0 0.0
0.0 0.0 0.0 0.0 0.0 0.0 0.0 0.0 0.0 0.0
0.0 0.0 0.0 0.0 0.0 0.0 0.0 0.0 0.0 0.0
0.0 0.0 0.0 0.0 0.0 0.0 0.0 0.0 0.0 0.0
pointenable- 
n n n n n n n n n n
n n n y y y y n n n
n n y y y y y y n n
n y y y y y y y y n
n y y y y y y y y n
n y y y y y y y y n
n y y y y y y y y n
n n y y y y y y n n
n n n y y y y n n n
n n n n n n n n n n
#righteye
timetest-205
fneg-0
fnegtests-7
fpos-0
fpostests-3
fixationlosses-2
fixationlossestests-10
firings-205
visualfield- 
0,0 0,0 0,0 0,0 0,0 0,0 0,0 0,0 0,0 0,0
0,0 0,0 0,0 3,4 3,3 2,3 2,3 0,0 0,0 0,0
0,0 0,0 3,3 3,3 2,3 2,3 2,3 2,3 0,0 0,0
0,0 3,4 1,3 3,3 3,3 2,3 3,3 3,3 1,4 0,0
0,0 0,0 0,0 2,3 3,3 3,3 3,3 3,4 2,3 0,0
0,0 0,0 0,0 3,3 3,3 3,3 4,4 4,4 2,4 0,0
0,0 3,4 2,3 3,3 3,3 3,4 5,5 4,4 3,5 0,0
0,0 0,0 2,3 2,3 2,3 3,3 2,3 2,4 0,0 0,0
0,0 0,0 0,0 4,5 3,4 4,5 2,4 0,0 0,0 0,0
0,0 0,0 0,0 0,0 0,0 0,0 0,0 0,0 0,0 0,0
minintensity- 
1.0 1.0 1.0 1.0 1.0 1.0 1.0 1.0 1.0 1.0
1.0 1.0 1.0 0.23097948866434892 0.23052432322106509 0.2906356903778699 0.2301829491386022 1.0 1.0 1.0
1.0 1.0 0.23027259212757323 0.22754458169446973 0.26508422154789074 0.2777012698009944 0.24495039640462848 0.2497244146625596 1.0 1.0
1.0 0.27851812506748796 0.3092084614685794 0.2254513394580022 0.22411670352805987 0.24809809492977003 0.22540164556699369 0.22965402281186303 0.34737336976309957 1.0
1.0 1.0 0.2767099793907309 0.245911662616973 0.22267796125434128 0.222259281789748 0.22322437343694607 0.2550333432050607 0.42005491266562367 1.0
1.0 0.2936984308862618 0.22242072175279032 0.2233290433030944 0.22202066997624037 0.22352596457669546 0.22578050019260998 0.22752974829496692 0.2550333432050607 1.0
1.0 0.23696812054694744 0.25928454475214546 0.22878726373967478 0.22380722594789537 0.25366955862910007 0.21568525337600225 0.2256861174122826 0.2973370230313759 1.0
1.0 1.0 0.22955872471237382 0.25553708825995 0.25637785295001075 0.22662862979669418 0.2718298981489169 0.2643626875799134 1.0 1.0
1.0 1.0 1.0 0.3819627803076532 0.2363884954375915 0.2610539060465485 0.2783398068721895 1.0 1.0 1.0
1.0 1.0 1.0 1.0 1.0 1.0 1.0 1.0 1.0 1.0
deviation- 
0.0 0.0 0.0 0.0 0.0 0.0 0.0 0.0 0.0 0.0
0.0 0.0 0.0 0.0 0.0 0.0 0.0 0.0 0.0 0.0
0.0 0.0 0.0 0.0 0.0 0.0 0.0 0.0 0.0 0.0
0.0 0.0 0.0 0.0 0.0 0.0 0.0 0.0 0.0 0.0
0.0 0.0 0.0 0.0 0.0 0.0 0.0 0.0 0.0 0.0
0.0 0.0 0.0 0.0 0.0 0.0 0.0 0.0 0.0 0.0
0.0 0.0 0.0 0.0 0.0 0.0 0.0 0.0 0.0 0.0
0.0 0.0 0.0 0.0 0.0 0.0 0.0 0.0 0.0 0.0
0.0 0.0 0.0 0.0 0.0 0.0 0.0 0.0 0.0 0.0
0.0 0.0 0.0 0.0 0.0 0.0 0.0 0.0 0.0 0.0
pointenable- 
n n n n n n n n n n
n n n y y y y n n n
n n y y y y y y n n
n y y y y y y y y n
n y y y y y y y y n
n y y y y y y y y n
n y y y y y y y y n
n n y y y y y y n n
n n n y y y y n n n
n n n n n n n n n n
