#head
personName-Jose Sotomayor
birthdate-01/01/1990
age-26
date-08/04/2016
stimulus-0
blindspot-1
blindspotsize-1
time-16:19:57
strategy-1
#lefteye
timetest-208
fneg-0
fnegtests-7
fpos-0
fpostests-3
fixationlosses-5
fixationlossestests-10
firings-208
visualfield- 
0,0 0,0 0,0 0,0 0,0 0,0 0,0 0,0 0,0 0,0
0,0 0,0 0,0 2,4 3,3 2,3 2,3 0,0 0,0 0,0
0,0 0,0 2,3 3,3 3,5 3,3 2,3 2,3 0,0 0,0
0,0 3,4 1,3 2,3 2,3 3,3 2,3 3,3 2,4 0,0
0,0 0,0 0,0 3,3 2,3 3,3 3,3 3,4 2,4 0,0
0,0 0,0 0,0 3,3 3,3 3,3 4,4 4,4 3,4 0,0
0,0 2,4 2,3 2,3 3,3 4,4 5,5 3,4 3,5 0,0
0,0 0,0 2,3 1,3 2,3 2,3 2,4 3,4 0,0 0,0
0,0 0,0 0,0 3,4 2,4 3,4 2,5 0,0 0,0 0,0
0,0 0,0 0,0 0,0 0,0 0,0 0,0 0,0 0,0 0,0
minintensity- 
1.0 1.0 1.0 1.0 1.0 1.0 1.0 1.0 1.0 1.0
1.0 1.0 1.0 0.2614903376860352 0.23052432322106509 0.23052432322106509 0.2598972586345418 1.0 1.0 1.0
1.0 1.0 0.2903183180540981 0.22754458169446973 0.34426751367311004 0.22606690937653867 0.22260006278446962 0.2497244146625596 1.0 1.0
1.0 0.2314713993973164 0.28193307500573506 0.2507957632988024 0.24812649143891774 0.22410250527348602 0.25069637551678536 0.22965402281186303 0.27374014269015084 1.0
1.0 0.550265508782698 0.33102501304111487 0.22296890800092306 0.24532976912380947 0.222259281789748 0.22322437343694607 0.28253693811515457 0.3100405330252484 1.0
1.0 0.2936984308862618 0.24481529012070755 0.2233290433030944 0.22202066997624037 0.22352596457669546 0.22578050019260998 0.22752974829496692 0.2550333432050607 1.0
1.0 0.31069053040643824 0.25928454475214546 0.28614795998462034 0.22380722594789537 0.21796112995450137 0.21568525337600225 0.25126531920736317 0.3135420409337382 1.0
1.0 1.0 0.25886772026043686 0.31082444735558906 0.22831379105716076 0.279386431061461 0.24796984182071485 0.2483344479760127 1.0 1.0
1.0 1.0 1.0 0.23863783338092892 0.2723083512325203 0.2610539060465485 0.2783398068721895 1.0 1.0 1.0
1.0 1.0 1.0 1.0 1.0 1.0 1.0 1.0 1.0 1.0
deviation- 
0.0 0.0 0.0 0.0 0.0 0.0 0.0 0.0 0.0 0.0
0.0 0.0 0.0 0.0 0.0 0.0 0.0 0.0 0.0 0.0
0.0 0.0 0.0 0.0 0.0 0.0 0.0 0.0 0.0 0.0
0.0 0.0 0.0 0.0 0.0 0.0 0.0 0.0 0.0 0.0
0.0 0.0 0.0 0.0 0.0 0.0 0.0 0.0 0.0 0.0
0.0 0.0 0.0 0.0 0.0 0.0 0.0 0.0 0.0 0.0
0.0 0.0 0.0 0.0 0.0 0.0 0.0 0.0 0.0 0.0
0.0 0.0 0.0 0.0 0.0 0.0 0.0 0.0 0.0 0.0
0.0 0.0 0.0 0.0 0.0 0.0 0.0 0.0 0.0 0.0
0.0 0.0 0.0 0.0 0.0 0.0 0.0 0.0 0.0 0.0
pointenable- 
n n n n n n n n n n
n n n y y y y n n n
n n y y y y y y n n
n y y y y y y y y n
n y y y y y y y y n
n y y y y y y y y n
n y y y y y y y y n
n n y y y y y y n n
n n n y y y y n n n
n n n n n n n n n n
#righteye
timetest-208
fneg-0
fnegtests-7
fpos-0
fpostests-3
fixationlosses-5
fixationlossestests-10
firings-208
visualfield- 
0,0 0,0 0,0 0,0 0,0 0,0 0,0 0,0 0,0 0,0
0,0 0,0 0,0 2,4 3,3 2,3 2,3 0,0 0,0 0,0
0,0 0,0 2,3 3,3 3,5 3,3 2,3 2,3 0,0 0,0
0,0 3,4 1,3 2,3 2,3 3,3 2,3 3,3 2,4 0,0
0,0 0,0 0,0 3,3 2,3 3,3 3,3 3,4 2,4 0,0
0,0 0,0 0,0 3,3 3,3 3,3 4,4 4,4 3,4 0,0
0,0 2,4 2,3 2,3 3,3 4,4 5,5 3,4 3,5 0,0
0,0 0,0 2,3 1,3 2,3 2,3 2,4 3,4 0,0 0,0
0,0 0,0 0,0 3,4 2,4 3,4 2,5 0,0 0,0 0,0
0,0 0,0 0,0 0,0 0,0 0,0 0,0 0,0 0,0 0,0
minintensity- 
1.0 1.0 1.0 1.0 1.0 1.0 1.0 1.0 1.0 1.0
1.0 1.0 1.0 0.2614903376860352 0.23052432322106509 0.23052432322106509 0.2598972586345418 1.0 1.0 1.0
1.0 1.0 0.2903183180540981 0.22754458169446973 0.34426751367311004 0.22606690937653867 0.22260006278446962 0.2497244146625596 1.0 1.0
1.0 0.2314713993973164 0.28193307500573506 0.2507957632988024 0.24812649143891774 0.22410250527348602 0.25069637551678536 0.22965402281186303 0.27374014269015084 1.0
1.0 0.550265508782698 0.33102501304111487 0.22296890800092306 0.24532976912380947 0.222259281789748 0.22322437343694607 0.28253693811515457 0.3100405330252484 1.0
1.0 0.2936984308862618 0.24481529012070755 0.2233290433030944 0.22202066997624037 0.22352596457669546 0.22578050019260998 0.22752974829496692 0.2550333432050607 1.0
1.0 0.31069053040643824 0.25928454475214546 0.28614795998462034 0.22380722594789537 0.21796112995450137 0.21568525337600225 0.25126531920736317 0.3135420409337382 1.0
1.0 1.0 0.25886772026043686 0.31082444735558906 0.22831379105716076 0.279386431061461 0.24796984182071485 0.2483344479760127 1.0 1.0
1.0 1.0 1.0 0.23863783338092892 0.2723083512325203 0.2610539060465485 0.2783398068721895 1.0 1.0 1.0
1.0 1.0 1.0 1.0 1.0 1.0 1.0 1.0 1.0 1.0
deviation- 
0.0 0.0 0.0 0.0 0.0 0.0 0.0 0.0 0.0 0.0
0.0 0.0 0.0 0.0 0.0 0.0 0.0 0.0 0.0 0.0
0.0 0.0 0.0 0.0 0.0 0.0 0.0 0.0 0.0 0.0
0.0 0.0 0.0 0.0 0.0 0.0 0.0 0.0 0.0 0.0
0.0 0.0 0.0 0.0 0.0 0.0 0.0 0.0 0.0 0.0
0.0 0.0 0.0 0.0 0.0 0.0 0.0 0.0 0.0 0.0
0.0 0.0 0.0 0.0 0.0 0.0 0.0 0.0 0.0 0.0
0.0 0.0 0.0 0.0 0.0 0.0 0.0 0.0 0.0 0.0
0.0 0.0 0.0 0.0 0.0 0.0 0.0 0.0 0.0 0.0
0.0 0.0 0.0 0.0 0.0 0.0 0.0 0.0 0.0 0.0
pointenable- 
n n n n n n n n n n
n n n y y y y n n n
n n y y y y y y n n
n y y y y y y y y n
n y y y y y y y y n
n y y y y y y y y n
n y y y y y y y y n
n n y y y y y y n n
n n n y y y y n n n
n n n n n n n n n n
