#head
personName-Jose Sotomayor
birthdate-01/01/1990
age-26
date-08/04/2016
stimulus-0
blindspot-1
blindspotsize-1
time-16:57:08
strategy-1
#lefteye
timetest-207
fneg-0
fnegtests-7
fpos-1
fpostests-3
fixationlosses-3
fixationlossestests-10
firings-207
visualfield- 
0,0 0,0 0,0 0,0 0,0 0,0 0,0 0,0 0,0 0,0
0,0 0,0 0,0 2,4 2,3 2,3 2,3 0,0 0,0 0,0
0,0 0,0 2,3 2,3 3,3 3,3 2,3 2,3 0,0 0,0
0,0 1,4 2,3 2,3 3,3 3,3 2,3 3,3 2,4 0,0
0,0 0,0 0,0 3,3 3,3 3,3 3,3 3,4 3,4 0,0
0,0 0,0 0,0 2,3 3,3 3,3 3,4 3,4 3,4 0,0
0,0 2,4 2,3 3,3 3,3 3,4 5,5 3,4 4,5 0,0
0,0 0,0 2,3 2,3 2,3 2,3 2,3 3,4 0,0 0,0
0,0 0,0 0,0 3,4 2,4 3,4 2,5 0,0 0,0 0,0
0,0 0,0 0,0 0,0 0,0 0,0 0,0 0,0 0,0 0,0
minintensity- 
1.0 1.0 1.0 1.0 1.0 1.0 1.0 1.0 1.0 1.0
1.0 1.0 1.0 0.2614903376860352 0.2605800067994675 0.2605800067994675 0.2598972586345418 1.0 1.0 1.0
1.0 1.0 0.2903183180540981 0.2548394342246287 0.2218612266255041 0.22606690937653867 0.24495039640462848 0.2497244146625596 1.0 1.0
1.0 0.2314713993973164 0.28193307500573506 0.2507957632988024 0.22411670352805987 0.22410250527348602 0.25069637551678536 0.22965402281186303 0.3105567562266252 1.0
1.0 0.9438975721008221 0.5323013212468014 0.22296890800092306 0.22267796125434128 0.222259281789748 0.22322437343694607 0.2550333432050607 0.2550333432050607 1.0
1.0 0.3093104771364932 0.22242072175279032 0.24663193322131569 0.22202066997624037 0.22352596457669546 0.25153484700034684 0.2550333432050607 0.2550333432050607 1.0
1.0 0.27382932547669286 0.28887335931961716 0.22878726373967478 0.22380722594789537 0.2358153442918007 0.21568525337600225 0.25126531920736317 0.2811320051290136 1.0
1.0 1.0 0.25886772026043686 0.2831807678077695 0.25637785295001075 0.2530075304290776 0.24796984182071485 0.23230620837211208 1.0 1.0
1.0 1.0 1.0 0.23863783338092892 0.2723083512325203 0.2408588172452532 0.2783398068721895 1.0 1.0 1.0
1.0 1.0 1.0 1.0 1.0 1.0 1.0 1.0 1.0 1.0
deviation- 
0.0 0.0 0.0 0.0 0.0 0.0 0.0 0.0 0.0 0.0
0.0 0.0 0.0 0.0 0.0 0.0 0.0 0.0 0.0 0.0
0.0 0.0 0.0 0.0 0.0 0.0 0.0 0.0 0.0 0.0
0.0 0.0 0.0 0.0 0.0 0.0 0.0 0.0 0.0 0.0
0.0 0.0 0.0 0.0 0.0 0.0 0.0 0.0 0.0 0.0
0.0 0.0 0.0 0.0 0.0 0.0 0.0 0.0 0.0 0.0
0.0 0.0 0.0 0.0 0.0 0.0 0.0 0.0 0.0 0.0
0.0 0.0 0.0 0.0 0.0 0.0 0.0 0.0 0.0 0.0
0.0 0.0 0.0 0.0 0.0 0.0 0.0 0.0 0.0 0.0
0.0 0.0 0.0 0.0 0.0 0.0 0.0 0.0 0.0 0.0
pointenable- 
n n n n n n n n n n
n n n y y y y n n n
n n y y y y y y n n
n y y y y y y y y n
n y y y y y y y y n
n y y y y y y y y n
n y y y y y y y y n
n n y y y y y y n n
n n n y y y y n n n
n n n n n n n n n n
#righteye
timetest-207
fneg-0
fnegtests-7
fpos-1
fpostests-3
fixationlosses-3
fixationlossestests-10
firings-207
visualfield- 
0,0 0,0 0,0 0,0 0,0 0,0 0,0 0,0 0,0 0,0
0,0 0,0 0,0 2,4 2,3 2,3 2,3 0,0 0,0 0,0
0,0 0,0 2,3 2,3 3,3 3,3 2,3 2,3 0,0 0,0
0,0 1,4 2,3 2,3 3,3 3,3 2,3 3,3 2,4 0,0
0,0 0,0 0,0 3,3 3,3 3,3 3,3 3,4 3,4 0,0
0,0 0,0 0,0 2,3 3,3 3,3 3,4 3,4 3,4 0,0
0,0 2,4 2,3 3,3 3,3 3,4 5,5 3,4 4,5 0,0
0,0 0,0 2,3 2,3 2,3 2,3 2,3 3,4 0,0 0,0
0,0 0,0 0,0 3,4 2,4 3,4 2,5 0,0 0,0 0,0
0,0 0,0 0,0 0,0 0,0 0,0 0,0 0,0 0,0 0,0
minintensity- 
1.0 1.0 1.0 1.0 1.0 1.0 1.0 1.0 1.0 1.0
1.0 1.0 1.0 0.2614903376860352 0.2605800067994675 0.2605800067994675 0.2598972586345418 1.0 1.0 1.0
1.0 1.0 0.2903183180540981 0.2548394342246287 0.2218612266255041 0.22606690937653867 0.24495039640462848 0.2497244146625596 1.0 1.0
1.0 0.2314713993973164 0.28193307500573506 0.2507957632988024 0.22411670352805987 0.22410250527348602 0.25069637551678536 0.22965402281186303 0.3105567562266252 1.0
1.0 0.9438975721008221 0.5323013212468014 0.22296890800092306 0.22267796125434128 0.222259281789748 0.22322437343694607 0.2550333432050607 0.2550333432050607 1.0
1.0 0.3093104771364932 0.22242072175279032 0.24663193322131569 0.22202066997624037 0.22352596457669546 0.25153484700034684 0.2550333432050607 0.2550333432050607 1.0
1.0 0.27382932547669286 0.28887335931961716 0.22878726373967478 0.22380722594789537 0.2358153442918007 0.21568525337600225 0.25126531920736317 0.2811320051290136 1.0
1.0 1.0 0.25886772026043686 0.2831807678077695 0.25637785295001075 0.2530075304290776 0.24796984182071485 0.23230620837211208 1.0 1.0
1.0 1.0 1.0 0.23863783338092892 0.2723083512325203 0.2408588172452532 0.2783398068721895 1.0 1.0 1.0
1.0 1.0 1.0 1.0 1.0 1.0 1.0 1.0 1.0 1.0
deviation- 
0.0 0.0 0.0 0.0 0.0 0.0 0.0 0.0 0.0 0.0
0.0 0.0 0.0 0.0 0.0 0.0 0.0 0.0 0.0 0.0
0.0 0.0 0.0 0.0 0.0 0.0 0.0 0.0 0.0 0.0
0.0 0.0 0.0 0.0 0.0 0.0 0.0 0.0 0.0 0.0
0.0 0.0 0.0 0.0 0.0 0.0 0.0 0.0 0.0 0.0
0.0 0.0 0.0 0.0 0.0 0.0 0.0 0.0 0.0 0.0
0.0 0.0 0.0 0.0 0.0 0.0 0.0 0.0 0.0 0.0
0.0 0.0 0.0 0.0 0.0 0.0 0.0 0.0 0.0 0.0
0.0 0.0 0.0 0.0 0.0 0.0 0.0 0.0 0.0 0.0
0.0 0.0 0.0 0.0 0.0 0.0 0.0 0.0 0.0 0.0
pointenable- 
n n n n n n n n n n
n n n y y y y n n n
n n y y y y y y n n
n y y y y y y y y n
n y y y y y y y y n
n y y y y y y y y n
n y y y y y y y y n
n n y y y y y y n n
n n n y y y y n n n
n n n n n n n n n n
