#head
personName-Lizeth
birthdate-01/01/1990
age-26
date-07/04/2016
stimulus-0
blindspot-1
blindspotsize-1
time-16:22:06
strategy-1
#lefteye
timetest-211
fneg-2
fnegtests-7
fpos-3
fpostests-5
fixationlosses-6
fixationlossestests-10
firings-211
visualfield- 
0,0 0,0 0,0 0,0 0,0 0,0 0,0 0,0 0,0 0,0
0,0 0,0 0,0 4,5 2,3 2,3 4,5 0,0 0,0 0,0
0,0 0,0 2,3 2,3 2,3 2,3 2,3 2,3 0,0 0,0
0,0 3,4 2,3 2,3 3,3 3,3 2,3 3,3 4,6 0,0
0,0 0,0 0,0 3,3 2,3 3,3 3,3 4,4 3,8 0,0
0,0 0,0 0,0 2,3 3,3 3,3 3,4 3,4 2,4 0,0
0,0 3,4 3,3 3,3 3,3 3,4 4,5 3,4 3,5 0,0
0,0 0,0 1,3 2,3 2,3 3,3 2,3 3,4 0,0 0,0
0,0 0,0 0,0 1,4 3,4 3,4 3,4 0,0 0,0 0,0
0,0 0,0 0,0 0,0 0,0 0,0 0,0 0,0 0,0 0,0
minintensity- 
1.0 1.0 1.0 1.0 1.0 1.0 1.0 1.0 1.0 1.0
1.0 1.0 1.0 0.3513294014413332 0.23052432322106509 0.2605800067994675 0.34814324333834634 1.0 1.0 1.0
1.0 1.0 0.2602954550908357 0.22754458169446973 0.26508422154789074 0.25188408958876657 0.24495039640462848 0.2497244146625596 1.0 1.0
1.0 0.2314713993973164 0.2546576885428907 0.2507957632988024 0.22411670352805987 0.22410250527348602 0.25069637551678536 0.22965402281186303 0.40490410553409384 1.0
1.0 0.3777429588921095 1.0 0.22296890800092306 0.24532976912380947 0.222259281789748 0.22322437343694607 0.22752974829496692 0.8188570329603527 1.0
1.0 0.2624743383857989 0.289604426856542 0.24663193322131569 0.22202066997624037 0.22352596457669546 0.27728919380808376 0.2550333432050607 0.39255131775552987 1.0
1.0 0.23696812054694744 0.22969573018467374 0.22878726373967478 0.22380722594789537 0.2358153442918007 0.23126359113480244 0.25126531920736317 0.2649269872266513 1.0
1.0 1.0 0.3174857113565629 0.2831807678077695 0.25637785295001075 0.22662862979669418 0.22410978549251281 0.280390927183814 1.0 1.0
1.0 1.0 1.0 0.31497622085746135 0.25434842333505586 0.2408588172452532 0.2394042232574261 1.0 1.0 1.0
1.0 1.0 1.0 1.0 1.0 1.0 1.0 1.0 1.0 1.0
deviation- 
0.0 0.0 0.0 0.0 0.0 0.0 0.0 0.0 0.0 0.0
0.0 0.0 0.0 0.0 0.0 0.0 0.0 0.0 0.0 0.0
0.0 0.0 0.0 0.0 0.0 0.0 0.0 0.0 0.0 0.0
0.0 0.0 0.0 0.0 0.0 0.0 0.0 0.0 0.0 0.0
0.0 0.0 0.0 0.0 0.0 0.0 0.0 0.0 0.0 0.0
0.0 0.0 0.0 0.0 0.0 0.0 0.0 0.0 0.0 0.0
0.0 0.0 0.0 0.0 0.0 0.0 0.0 0.0 0.0 0.0
0.0 0.0 0.0 0.0 0.0 0.0 0.0 0.0 0.0 0.0
0.0 0.0 0.0 0.0 0.0 0.0 0.0 0.0 0.0 0.0
0.0 0.0 0.0 0.0 0.0 0.0 0.0 0.0 0.0 0.0
pointenable- 
n n n n n n n n n n
n n n y y y y n n n
n n y y y y y y n n
n y y y y y y y y n
n y y y y y y y y n
n y y y y y y y y n
n y y y y y y y y n
n n y y y y y y n n
n n n y y y y n n n
n n n n n n n n n n
#righteye
timetest-211
fneg-2
fnegtests-7
fpos-3
fpostests-5
fixationlosses-6
fixationlossestests-10
firings-211
visualfield- 
0,0 0,0 0,0 0,0 0,0 0,0 0,0 0,0 0,0 0,0
0,0 0,0 0,0 4,5 2,3 2,3 4,5 0,0 0,0 0,0
0,0 0,0 2,3 2,3 2,3 2,3 2,3 2,3 0,0 0,0
0,0 3,4 2,3 2,3 3,3 3,3 2,3 3,3 4,6 0,0
0,0 0,0 0,0 3,3 2,3 3,3 3,3 4,4 3,8 0,0
0,0 0,0 0,0 2,3 3,3 3,3 3,4 3,4 2,4 0,0
0,0 3,4 3,3 3,3 3,3 3,4 4,5 3,4 3,5 0,0
0,0 0,0 1,3 2,3 2,3 3,3 2,3 3,4 0,0 0,0
0,0 0,0 0,0 1,4 3,4 3,4 3,4 0,0 0,0 0,0
0,0 0,0 0,0 0,0 0,0 0,0 0,0 0,0 0,0 0,0
minintensity- 
1.0 1.0 1.0 1.0 1.0 1.0 1.0 1.0 1.0 1.0
1.0 1.0 1.0 0.3513294014413332 0.23052432322106509 0.2605800067994675 0.34814324333834634 1.0 1.0 1.0
1.0 1.0 0.2602954550908357 0.22754458169446973 0.26508422154789074 0.25188408958876657 0.24495039640462848 0.2497244146625596 1.0 1.0
1.0 0.2314713993973164 0.2546576885428907 0.2507957632988024 0.22411670352805987 0.22410250527348602 0.25069637551678536 0.22965402281186303 0.40490410553409384 1.0
1.0 0.3777429588921095 1.0 0.22296890800092306 0.24532976912380947 0.222259281789748 0.22322437343694607 0.22752974829496692 0.8188570329603527 1.0
1.0 0.2624743383857989 0.289604426856542 0.24663193322131569 0.22202066997624037 0.22352596457669546 0.27728919380808376 0.2550333432050607 0.39255131775552987 1.0
1.0 0.23696812054694744 0.22969573018467374 0.22878726373967478 0.22380722594789537 0.2358153442918007 0.23126359113480244 0.25126531920736317 0.2649269872266513 1.0
1.0 1.0 0.3174857113565629 0.2831807678077695 0.25637785295001075 0.22662862979669418 0.22410978549251281 0.280390927183814 1.0 1.0
1.0 1.0 1.0 0.31497622085746135 0.25434842333505586 0.2408588172452532 0.2394042232574261 1.0 1.0 1.0
1.0 1.0 1.0 1.0 1.0 1.0 1.0 1.0 1.0 1.0
deviation- 
0.0 0.0 0.0 0.0 0.0 0.0 0.0 0.0 0.0 0.0
0.0 0.0 0.0 0.0 0.0 0.0 0.0 0.0 0.0 0.0
0.0 0.0 0.0 0.0 0.0 0.0 0.0 0.0 0.0 0.0
0.0 0.0 0.0 0.0 0.0 0.0 0.0 0.0 0.0 0.0
0.0 0.0 0.0 0.0 0.0 0.0 0.0 0.0 0.0 0.0
0.0 0.0 0.0 0.0 0.0 0.0 0.0 0.0 0.0 0.0
0.0 0.0 0.0 0.0 0.0 0.0 0.0 0.0 0.0 0.0
0.0 0.0 0.0 0.0 0.0 0.0 0.0 0.0 0.0 0.0
0.0 0.0 0.0 0.0 0.0 0.0 0.0 0.0 0.0 0.0
0.0 0.0 0.0 0.0 0.0 0.0 0.0 0.0 0.0 0.0
pointenable- 
n n n n n n n n n n
n n n y y y y n n n
n n y y y y y y n n
n y y y y y y y y n
n y y y y y y y y n
n y y y y y y y y n
n y y y y y y y y n
n n y y y y y y n n
n n n y y y y n n n
n n n n n n n n n n
