#head
personName-Lizeth
birthdate-01/01/1990
age-26
date-07/04/2016
stimulus-0
blindspot-1
blindspotsize-1
time-14:27:52
strategy-1
#lefteye
timetest-225
fneg-2
fnegtests-7
fpos-10
fpostests-11
fixationlosses-8
fixationlossestests-10
firings-226
visualfield- 
0,0 0,0 0,0 0,0 0,0 0,0 0,0 0,0 0,0 0,0
0,0 0,0 0,0 3,4 2,3 3,7 5,7 0,0 0,0 0,0
0,0 0,0 2,3 1,4 1,3 5,7 1,3 2,3 0,0 0,0
0,0 2,4 4,5 3,3 2,3 3,3 3,3 3,5 2,7 0,0
0,0 0,0 0,0 3,3 3,3 3,3 3,3 3,4 2,4 0,0
0,0 0,0 0,0 2,3 3,3 2,3 4,4 3,4 3,4 0,0
0,0 3,4 3,3 3,3 3,3 4,4 4,5 4,4 3,5 0,0
0,0 0,0 2,3 3,3 3,3 3,3 3,4 5,6 0,0 0,0
0,0 0,0 0,0 3,4 3,4 4,5 3,4 0,0 0,0 0,0
0,0 0,0 0,0 0,0 0,0 0,0 0,0 0,0 0,0 0,0
minintensity- 
1.0 1.0 1.0 1.0 1.0 1.0 1.0 1.0 1.0 1.0
1.0 1.0 1.0 0.23097948866434892 0.2605800067994675 0.6922030670097192 0.5781447003140496 1.0 1.0 1.0
1.0 1.0 0.2602954550908357 1.0 0.2866957190090841 0.5630208145557823 0.2896510636449462 0.22498707191343517 1.0 1.0
1.0 0.30988260884760227 0.3379738293540765 0.2254513394580022 0.22411670352805987 0.22410250527348602 0.22540164556699369 0.4621221838233317 0.7890154239974014 1.0
1.0 0.5215117504675999 0.2767099793907309 0.22296890800092306 0.22267796125434128 0.222259281789748 0.22322437343694607 0.3375441279353422 0.3375441279353422 1.0
1.0 0.23125024588533602 0.24481529012070755 0.269934823139537 0.22202066997624037 0.24702577576851786 0.22578050019260998 0.28253693811515457 0.3375441279353422 1.0
1.0 0.25539872301182015 0.22969573018467374 0.22878726373967478 0.22380722594789537 0.21796112995450137 0.23126359113480244 0.2256861174122826 0.5456833057114904 1.0
1.0 1.0 0.28817671580849985 0.22789340871213035 0.22831379105716076 0.22662862979669418 0.24796984182071485 0.35726154332752885 1.0 1.0
1.0 1.0 1.0 0.23863783338092892 0.2363884954375915 0.2408588172452532 0.2394042232574261 1.0 1.0 1.0
1.0 1.0 1.0 1.0 1.0 1.0 1.0 1.0 1.0 1.0
deviation- 
0.0 0.0 0.0 0.0 0.0 0.0 0.0 0.0 0.0 0.0
0.0 0.0 0.0 0.0 0.0 0.0 0.0 0.0 0.0 0.0
0.0 0.0 0.0 0.0 0.0 0.0 0.0 0.0 0.0 0.0
0.0 0.0 0.0 0.0 0.0 0.0 0.0 0.0 0.0 0.0
0.0 0.0 0.0 0.0 0.0 0.0 0.0 0.0 0.0 0.0
0.0 0.0 0.0 0.0 0.0 0.0 0.0 0.0 0.0 0.0
0.0 0.0 0.0 0.0 0.0 0.0 0.0 0.0 0.0 0.0
0.0 0.0 0.0 0.0 0.0 0.0 0.0 0.0 0.0 0.0
0.0 0.0 0.0 0.0 0.0 0.0 0.0 0.0 0.0 0.0
0.0 0.0 0.0 0.0 0.0 0.0 0.0 0.0 0.0 0.0
pointenable- 
n n n n n n n n n n
n n n y y y y n n n
n n y y y y y y n n
n y y y y y y y y n
n y y y y y y y y n
n y y y y y y y y n
n y y y y y y y y n
n n y y y y y y n n
n n n y y y y n n n
n n n n n n n n n n
#righteye
timetest-225
fneg-2
fnegtests-7
fpos-10
fpostests-11
fixationlosses-8
fixationlossestests-10
firings-226
visualfield- 
0,0 0,0 0,0 0,0 0,0 0,0 0,0 0,0 0,0 0,0
0,0 0,0 0,0 3,4 2,3 3,7 5,7 0,0 0,0 0,0
0,0 0,0 2,3 1,4 1,3 5,7 1,3 2,3 0,0 0,0
0,0 2,4 4,5 3,3 2,3 3,3 3,3 3,5 2,7 0,0
0,0 0,0 0,0 3,3 3,3 3,3 3,3 3,4 2,4 0,0
0,0 0,0 0,0 2,3 3,3 2,3 4,4 3,4 3,4 0,0
0,0 3,4 3,3 3,3 3,3 4,4 4,5 4,4 3,5 0,0
0,0 0,0 2,3 3,3 3,3 3,3 3,4 5,6 0,0 0,0
0,0 0,0 0,0 3,4 3,4 4,5 3,4 0,0 0,0 0,0
0,0 0,0 0,0 0,0 0,0 0,0 0,0 0,0 0,0 0,0
minintensity- 
1.0 1.0 1.0 1.0 1.0 1.0 1.0 1.0 1.0 1.0
1.0 1.0 1.0 0.23097948866434892 0.2605800067994675 0.6922030670097192 0.5781447003140496 1.0 1.0 1.0
1.0 1.0 0.2602954550908357 1.0 0.2866957190090841 0.5630208145557823 0.2896510636449462 0.22498707191343517 1.0 1.0
1.0 0.30988260884760227 0.3379738293540765 0.2254513394580022 0.22411670352805987 0.22410250527348602 0.22540164556699369 0.4621221838233317 0.7890154239974014 1.0
1.0 0.5215117504675999 0.2767099793907309 0.22296890800092306 0.22267796125434128 0.222259281789748 0.22322437343694607 0.3375441279353422 0.3375441279353422 1.0
1.0 0.23125024588533602 0.24481529012070755 0.269934823139537 0.22202066997624037 0.24702577576851786 0.22578050019260998 0.28253693811515457 0.3375441279353422 1.0
1.0 0.25539872301182015 0.22969573018467374 0.22878726373967478 0.22380722594789537 0.21796112995450137 0.23126359113480244 0.2256861174122826 0.5456833057114904 1.0
1.0 1.0 0.28817671580849985 0.22789340871213035 0.22831379105716076 0.22662862979669418 0.24796984182071485 0.35726154332752885 1.0 1.0
1.0 1.0 1.0 0.23863783338092892 0.2363884954375915 0.2408588172452532 0.2394042232574261 1.0 1.0 1.0
1.0 1.0 1.0 1.0 1.0 1.0 1.0 1.0 1.0 1.0
deviation- 
0.0 0.0 0.0 0.0 0.0 0.0 0.0 0.0 0.0 0.0
0.0 0.0 0.0 0.0 0.0 0.0 0.0 0.0 0.0 0.0
0.0 0.0 0.0 0.0 0.0 0.0 0.0 0.0 0.0 0.0
0.0 0.0 0.0 0.0 0.0 0.0 0.0 0.0 0.0 0.0
0.0 0.0 0.0 0.0 0.0 0.0 0.0 0.0 0.0 0.0
0.0 0.0 0.0 0.0 0.0 0.0 0.0 0.0 0.0 0.0
0.0 0.0 0.0 0.0 0.0 0.0 0.0 0.0 0.0 0.0
0.0 0.0 0.0 0.0 0.0 0.0 0.0 0.0 0.0 0.0
0.0 0.0 0.0 0.0 0.0 0.0 0.0 0.0 0.0 0.0
0.0 0.0 0.0 0.0 0.0 0.0 0.0 0.0 0.0 0.0
pointenable- 
n n n n n n n n n n
n n n y y y y n n n
n n y y y y y y n n
n y y y y y y y y n
n y y y y y y y y n
n y y y y y y y y n
n y y y y y y y y n
n n y y y y y y n n
n n n y y y y n n n
n n n n n n n n n n
