#head
personName-Marcelo da Mata
birthdate-01/01/1990
age-26
date-07/04/2016
stimulus-0
blindspot-1
blindspotsize-1
time-20:55:41
strategy-1
#lefteye
timetest-207
fneg-0
fnegtests-7
fpos-1
fpostests-4
fixationlosses-0
fixationlossestests-10
firings-207
visualfield- 
0,0 0,0 0,0 0,0 0,0 0,0 0,0 0,0 0,0 0,0
0,0 0,0 0,0 3,4 3,3 2,3 2,3 0,0 0,0 0,0
0,0 0,0 3,3 2,3 2,3 2,3 2,3 2,3 0,0 0,0
0,0 2,4 2,3 2,3 2,3 3,3 3,3 3,3 2,4 0,0
0,0 0,0 0,0 3,3 3,3 3,3 3,3 4,4 3,4 0,0
0,0 0,0 0,0 3,3 3,3 3,3 4,4 4,4 4,4 0,0
0,0 3,4 2,3 3,3 3,3 3,4 4,5 5,5 3,5 0,0
0,0 0,0 2,3 2,3 2,3 2,3 2,3 3,4 0,0 0,0
0,0 0,0 0,0 3,4 3,4 3,4 3,4 0,0 0,0 0,0
0,0 0,0 0,0 0,0 0,0 0,0 0,0 0,0 0,0 0,0
minintensity- 
1.0 1.0 1.0 1.0 1.0 1.0 1.0 1.0 1.0 1.0
1.0 1.0 1.0 0.23097948866434892 0.23052432322106509 0.2605800067994675 0.2598972586345418 1.0 1.0 1.0
1.0 1.0 0.23027259212757323 0.2548394342246287 0.24347272408669743 0.25188408958876657 0.24495039640462848 0.2497244146625596 1.0 1.0
1.0 0.2628358831774308 0.28193307500573506 0.2254513394580022 0.24812649143891774 0.22410250527348602 0.22540164556699369 0.22965402281186303 0.27374014269015084 1.0
1.0 0.26013079782339327 1.0 0.22296890800092306 0.22267796125434128 0.222259281789748 0.22322437343694607 0.22752974829496692 0.2550333432050607 1.0
1.0 0.24686229213556746 0.24481529012070755 0.2233290433030944 0.22202066997624037 0.22352596457669546 0.22578050019260998 0.22752974829496692 0.22752974829496692 1.0
1.0 0.25539872301182015 0.25928454475214546 0.22878726373967478 0.22380722594789537 0.2358153442918007 0.23126359113480244 0.2256861174122826 0.2649269872266513 1.0
1.0 1.0 0.22955872471237382 0.25553708825995 0.25637785295001075 0.2530075304290776 0.2718298981489169 0.2483344479760127 1.0 1.0
1.0 1.0 1.0 0.25772243025006203 0.2363884954375915 0.2408588172452532 0.2588720150648078 1.0 1.0 1.0
1.0 1.0 1.0 1.0 1.0 1.0 1.0 1.0 1.0 1.0
deviation- 
0.0 0.0 0.0 0.0 0.0 0.0 0.0 0.0 0.0 0.0
0.0 0.0 0.0 0.0 0.0 0.0 0.0 0.0 0.0 0.0
0.0 0.0 0.0 0.0 0.0 0.0 0.0 0.0 0.0 0.0
0.0 0.0 0.0 0.0 0.0 0.0 0.0 0.0 0.0 0.0
0.0 0.0 0.0 0.0 0.0 0.0 0.0 0.0 0.0 0.0
0.0 0.0 0.0 0.0 0.0 0.0 0.0 0.0 0.0 0.0
0.0 0.0 0.0 0.0 0.0 0.0 0.0 0.0 0.0 0.0
0.0 0.0 0.0 0.0 0.0 0.0 0.0 0.0 0.0 0.0
0.0 0.0 0.0 0.0 0.0 0.0 0.0 0.0 0.0 0.0
0.0 0.0 0.0 0.0 0.0 0.0 0.0 0.0 0.0 0.0
pointenable- 
n n n n n n n n n n
n n n y y y y n n n
n n y y y y y y n n
n y y y y y y y y n
n y y y y y y y y n
n y y y y y y y y n
n y y y y y y y y n
n n y y y y y y n n
n n n y y y y n n n
n n n n n n n n n n
#righteye
timetest-207
fneg-0
fnegtests-7
fpos-1
fpostests-4
fixationlosses-0
fixationlossestests-10
firings-207
visualfield- 
0,0 0,0 0,0 0,0 0,0 0,0 0,0 0,0 0,0 0,0
0,0 0,0 0,0 3,4 3,3 2,3 2,3 0,0 0,0 0,0
0,0 0,0 3,3 2,3 2,3 2,3 2,3 2,3 0,0 0,0
0,0 2,4 2,3 2,3 2,3 3,3 3,3 3,3 2,4 0,0
0,0 0,0 0,0 3,3 3,3 3,3 3,3 4,4 3,4 0,0
0,0 0,0 0,0 3,3 3,3 3,3 4,4 4,4 4,4 0,0
0,0 3,4 2,3 3,3 3,3 3,4 4,5 5,5 3,5 0,0
0,0 0,0 2,3 2,3 2,3 2,3 2,3 3,4 0,0 0,0
0,0 0,0 0,0 3,4 3,4 3,4 3,4 0,0 0,0 0,0
0,0 0,0 0,0 0,0 0,0 0,0 0,0 0,0 0,0 0,0
minintensity- 
1.0 1.0 1.0 1.0 1.0 1.0 1.0 1.0 1.0 1.0
1.0 1.0 1.0 0.23097948866434892 0.23052432322106509 0.2605800067994675 0.2598972586345418 1.0 1.0 1.0
1.0 1.0 0.23027259212757323 0.2548394342246287 0.24347272408669743 0.25188408958876657 0.24495039640462848 0.2497244146625596 1.0 1.0
1.0 0.2628358831774308 0.28193307500573506 0.2254513394580022 0.24812649143891774 0.22410250527348602 0.22540164556699369 0.22965402281186303 0.27374014269015084 1.0
1.0 0.26013079782339327 1.0 0.22296890800092306 0.22267796125434128 0.222259281789748 0.22322437343694607 0.22752974829496692 0.2550333432050607 1.0
1.0 0.24686229213556746 0.24481529012070755 0.2233290433030944 0.22202066997624037 0.22352596457669546 0.22578050019260998 0.22752974829496692 0.22752974829496692 1.0
1.0 0.25539872301182015 0.25928454475214546 0.22878726373967478 0.22380722594789537 0.2358153442918007 0.23126359113480244 0.2256861174122826 0.2649269872266513 1.0
1.0 1.0 0.22955872471237382 0.25553708825995 0.25637785295001075 0.2530075304290776 0.2718298981489169 0.2483344479760127 1.0 1.0
1.0 1.0 1.0 0.25772243025006203 0.2363884954375915 0.2408588172452532 0.2588720150648078 1.0 1.0 1.0
1.0 1.0 1.0 1.0 1.0 1.0 1.0 1.0 1.0 1.0
deviation- 
0.0 0.0 0.0 0.0 0.0 0.0 0.0 0.0 0.0 0.0
0.0 0.0 0.0 0.0 0.0 0.0 0.0 0.0 0.0 0.0
0.0 0.0 0.0 0.0 0.0 0.0 0.0 0.0 0.0 0.0
0.0 0.0 0.0 0.0 0.0 0.0 0.0 0.0 0.0 0.0
0.0 0.0 0.0 0.0 0.0 0.0 0.0 0.0 0.0 0.0
0.0 0.0 0.0 0.0 0.0 0.0 0.0 0.0 0.0 0.0
0.0 0.0 0.0 0.0 0.0 0.0 0.0 0.0 0.0 0.0
0.0 0.0 0.0 0.0 0.0 0.0 0.0 0.0 0.0 0.0
0.0 0.0 0.0 0.0 0.0 0.0 0.0 0.0 0.0 0.0
0.0 0.0 0.0 0.0 0.0 0.0 0.0 0.0 0.0 0.0
pointenable- 
n n n n n n n n n n
n n n y y y y n n n
n n y y y y y y n n
n y y y y y y y y n
n y y y y y y y y n
n y y y y y y y y n
n y y y y y y y y n
n n y y y y y y n n
n n n y y y y n n n
n n n n n n n n n n
