#head
personName-Mathias
birthdate-01/01/1990
age-26
date-07/04/2016
stimulus-0
blindspot-1
blindspotsize-1
time-17:47:43
strategy-1
#lefteye
timetest-219
fneg-1
fnegtests-7
fpos-1
fpostests-3
fixationlosses-8
fixationlossestests-10
firings-219
visualfield- 
0,0 0,0 0,0 0,0 0,0 0,0 0,0 0,0 0,0 0,0
0,0 0,0 0,0 2,4 2,3 2,3 1,3 0,0 0,0 0,0
0,0 0,0 3,3 3,3 3,3 2,3 3,3 2,3 0,0 0,0
0,0 2,4 2,3 3,3 3,3 3,3 3,3 3,3 3,4 0,0
0,0 0,0 0,0 3,3 3,3 3,3 3,3 4,4 4,4 0,0
0,0 0,0 0,0 3,3 3,3 3,3 4,4 4,4 4,4 0,0
0,0 3,4 3,3 3,3 3,3 4,4 5,5 4,4 4,5 0,0
0,0 0,0 3,3 3,3 3,3 4,5 3,3 4,5 0,0 0,0
0,0 0,0 0,0 4,4 3,4 4,5 4,4 0,0 0,0 0,0
0,0 0,0 0,0 0,0 0,0 0,0 0,0 0,0 0,0 0,0
minintensity- 
1.0 1.0 1.0 1.0 1.0 1.0 1.0 1.0 1.0 1.0
1.0 1.0 1.0 0.23097948866434892 0.2605800067994675 0.23052432322106509 0.31932587762642073 1.0 1.0 1.0
1.0 1.0 0.23027259212757323 0.22754458169446973 0.2218612266255041 0.25188408958876657 0.22260006278446962 0.2497244146625596 1.0 1.0
1.0 0.29420036695754515 0.22738230208004637 0.2254513394580022 0.22411670352805987 0.22410250527348602 0.22540164556699369 0.22965402281186303 0.292148449458388 1.0
1.0 0.24510463671376323 0.33102501304111487 0.22296890800092306 0.22267796125434128 0.222259281789748 0.22322437343694607 0.22752974829496692 0.22752974829496692 1.0
1.0 0.24686229213556746 0.4046194601169343 0.2233290433030944 0.22202066997624037 0.22352596457669546 0.22578050019260998 0.22752974829496692 0.22752974829496692 1.0
1.0 0.23696812054694744 0.22969573018467374 0.22878726373967478 0.22380722594789537 0.21796112995450137 0.21568525337600225 0.2256861174122826 0.24872196932428897 1.0
1.0 1.0 0.22955872471237382 0.22789340871213035 0.22831379105716076 0.3345512290258574 0.22410978549251281 0.35726154332752885 1.0 1.0
1.0 1.0 1.0 0.2195532365117958 0.2363884954375915 0.22066372844395793 0.2199364314500444 1.0 1.0 1.0
1.0 1.0 1.0 1.0 1.0 1.0 1.0 1.0 1.0 1.0
deviation- 
0.0 0.0 0.0 0.0 0.0 0.0 0.0 0.0 0.0 0.0
0.0 0.0 0.0 0.0 0.0 0.0 0.0 0.0 0.0 0.0
0.0 0.0 0.0 0.0 0.0 0.0 0.0 0.0 0.0 0.0
0.0 0.0 0.0 0.0 0.0 0.0 0.0 0.0 0.0 0.0
0.0 0.0 0.0 0.0 0.0 0.0 0.0 0.0 0.0 0.0
0.0 0.0 0.0 0.0 0.0 0.0 0.0 0.0 0.0 0.0
0.0 0.0 0.0 0.0 0.0 0.0 0.0 0.0 0.0 0.0
0.0 0.0 0.0 0.0 0.0 0.0 0.0 0.0 0.0 0.0
0.0 0.0 0.0 0.0 0.0 0.0 0.0 0.0 0.0 0.0
0.0 0.0 0.0 0.0 0.0 0.0 0.0 0.0 0.0 0.0
pointenable- 
n n n n n n n n n n
n n n y y y y n n n
n n y y y y y y n n
n y y y y y y y y n
n y y y y y y y y n
n y y y y y y y y n
n y y y y y y y y n
n n y y y y y y n n
n n n y y y y n n n
n n n n n n n n n n
#righteye
timetest-219
fneg-1
fnegtests-7
fpos-1
fpostests-3
fixationlosses-8
fixationlossestests-10
firings-219
visualfield- 
0,0 0,0 0,0 0,0 0,0 0,0 0,0 0,0 0,0 0,0
0,0 0,0 0,0 2,4 2,3 2,3 1,3 0,0 0,0 0,0
0,0 0,0 3,3 3,3 3,3 2,3 3,3 2,3 0,0 0,0
0,0 2,4 2,3 3,3 3,3 3,3 3,3 3,3 3,4 0,0
0,0 0,0 0,0 3,3 3,3 3,3 3,3 4,4 4,4 0,0
0,0 0,0 0,0 3,3 3,3 3,3 4,4 4,4 4,4 0,0
0,0 3,4 3,3 3,3 3,3 4,4 5,5 4,4 4,5 0,0
0,0 0,0 3,3 3,3 3,3 4,5 3,3 4,5 0,0 0,0
0,0 0,0 0,0 4,4 3,4 4,5 4,4 0,0 0,0 0,0
0,0 0,0 0,0 0,0 0,0 0,0 0,0 0,0 0,0 0,0
minintensity- 
1.0 1.0 1.0 1.0 1.0 1.0 1.0 1.0 1.0 1.0
1.0 1.0 1.0 0.23097948866434892 0.2605800067994675 0.23052432322106509 0.31932587762642073 1.0 1.0 1.0
1.0 1.0 0.23027259212757323 0.22754458169446973 0.2218612266255041 0.25188408958876657 0.22260006278446962 0.2497244146625596 1.0 1.0
1.0 0.29420036695754515 0.22738230208004637 0.2254513394580022 0.22411670352805987 0.22410250527348602 0.22540164556699369 0.22965402281186303 0.292148449458388 1.0
1.0 0.24510463671376323 0.33102501304111487 0.22296890800092306 0.22267796125434128 0.222259281789748 0.22322437343694607 0.22752974829496692 0.22752974829496692 1.0
1.0 0.24686229213556746 0.4046194601169343 0.2233290433030944 0.22202066997624037 0.22352596457669546 0.22578050019260998 0.22752974829496692 0.22752974829496692 1.0
1.0 0.23696812054694744 0.22969573018467374 0.22878726373967478 0.22380722594789537 0.21796112995450137 0.21568525337600225 0.2256861174122826 0.24872196932428897 1.0
1.0 1.0 0.22955872471237382 0.22789340871213035 0.22831379105716076 0.3345512290258574 0.22410978549251281 0.35726154332752885 1.0 1.0
1.0 1.0 1.0 0.2195532365117958 0.2363884954375915 0.22066372844395793 0.2199364314500444 1.0 1.0 1.0
1.0 1.0 1.0 1.0 1.0 1.0 1.0 1.0 1.0 1.0
deviation- 
0.0 0.0 0.0 0.0 0.0 0.0 0.0 0.0 0.0 0.0
0.0 0.0 0.0 0.0 0.0 0.0 0.0 0.0 0.0 0.0
0.0 0.0 0.0 0.0 0.0 0.0 0.0 0.0 0.0 0.0
0.0 0.0 0.0 0.0 0.0 0.0 0.0 0.0 0.0 0.0
0.0 0.0 0.0 0.0 0.0 0.0 0.0 0.0 0.0 0.0
0.0 0.0 0.0 0.0 0.0 0.0 0.0 0.0 0.0 0.0
0.0 0.0 0.0 0.0 0.0 0.0 0.0 0.0 0.0 0.0
0.0 0.0 0.0 0.0 0.0 0.0 0.0 0.0 0.0 0.0
0.0 0.0 0.0 0.0 0.0 0.0 0.0 0.0 0.0 0.0
0.0 0.0 0.0 0.0 0.0 0.0 0.0 0.0 0.0 0.0
pointenable- 
n n n n n n n n n n
n n n y y y y n n n
n n y y y y y y n n
n y y y y y y y y n
n y y y y y y y y n
n y y y y y y y y n
n y y y y y y y y n
n n y y y y y y n n
n n n y y y y n n n
n n n n n n n n n n
