#head
personName-Mathias
birthdate-01/01/1990
age-26
date-07/04/2016
stimulus-0
blindspot-1
blindspotsize-1
time-19:06:57
strategy-1
#lefteye
timetest-205
fneg-0
fnegtests-7
fpos-0
fpostests-3
fixationlosses-5
fixationlossestests-10
firings-205
visualfield- 
0,0 0,0 0,0 0,0 0,0 0,0 0,0 0,0 0,0 0,0
0,0 0,0 0,0 1,4 2,3 2,3 1,3 0,0 0,0 0,0
0,0 0,0 3,3 3,3 3,3 3,3 3,3 2,3 0,0 0,0
0,0 3,4 3,3 3,3 2,3 3,3 3,3 4,5 3,4 0,0
0,0 0,0 0,0 3,3 3,3 2,3 2,3 4,4 3,4 0,0
0,0 0,0 0,0 3,3 3,3 2,3 4,4 4,4 4,4 0,0
0,0 2,4 3,3 3,3 3,3 4,4 5,5 4,4 4,5 0,0
0,0 0,0 3,3 3,3 2,3 3,3 3,3 3,4 0,0 0,0
0,0 0,0 0,0 3,4 3,4 5,5 4,4 0,0 0,0 0,0
0,0 0,0 0,0 0,0 0,0 0,0 0,0 0,0 0,0 0,0
minintensity- 
1.0 1.0 1.0 1.0 1.0 1.0 1.0 1.0 1.0 1.0
1.0 1.0 1.0 0.23097948866434892 0.23052432322106509 0.2906356903778699 0.31932587762642073 1.0 1.0 1.0
1.0 1.0 0.23027259212757323 0.22754458169446973 0.2218612266255041 0.22606690937653867 0.22260006278446962 0.2497244146625596 1.0 1.0
1.0 0.2314713993973164 0.22738230208004637 0.2254513394580022 0.27213627934977563 0.22410250527348602 0.22540164556699369 0.3470607122813432 0.2553318359219136 1.0
1.0 0.2300784756041332 0.22558742872015905 0.22296890800092306 0.22267796125434128 0.26672553859949777 0.24642259348901904 0.22752974829496692 0.28253693811515457 1.0
1.0 0.24686229213556746 1.0 0.2233290433030944 0.22202066997624037 0.24702577576851786 0.22578050019260998 0.22752974829496692 0.22752974829496692 1.0
1.0 0.27382932547669286 0.22969573018467374 0.22878726373967478 0.22380722594789537 0.21796112995450137 0.21568525337600225 0.2256861174122826 0.23251695142192666 1.0
1.0 1.0 0.22955872471237382 0.22789340871213035 0.25637785295001075 0.22662862979669418 0.22410978549251281 0.23230620837211208 1.0 1.0
1.0 1.0 1.0 0.23863783338092892 0.2363884954375915 0.22066372844395793 0.2199364314500444 1.0 1.0 1.0
1.0 1.0 1.0 1.0 1.0 1.0 1.0 1.0 1.0 1.0
deviation- 
0.0 0.0 0.0 0.0 0.0 0.0 0.0 0.0 0.0 0.0
0.0 0.0 0.0 0.0 0.0 0.0 0.0 0.0 0.0 0.0
0.0 0.0 0.0 0.0 0.0 0.0 0.0 0.0 0.0 0.0
0.0 0.0 0.0 0.0 0.0 0.0 0.0 0.0 0.0 0.0
0.0 0.0 0.0 0.0 0.0 0.0 0.0 0.0 0.0 0.0
0.0 0.0 0.0 0.0 0.0 0.0 0.0 0.0 0.0 0.0
0.0 0.0 0.0 0.0 0.0 0.0 0.0 0.0 0.0 0.0
0.0 0.0 0.0 0.0 0.0 0.0 0.0 0.0 0.0 0.0
0.0 0.0 0.0 0.0 0.0 0.0 0.0 0.0 0.0 0.0
0.0 0.0 0.0 0.0 0.0 0.0 0.0 0.0 0.0 0.0
pointenable- 
n n n n n n n n n n
n n n y y y y n n n
n n y y y y y y n n
n y y y y y y y y n
n y y y y y y y y n
n y y y y y y y y n
n y y y y y y y y n
n n y y y y y y n n
n n n y y y y n n n
n n n n n n n n n n
#righteye
timetest-205
fneg-0
fnegtests-7
fpos-0
fpostests-3
fixationlosses-5
fixationlossestests-10
firings-205
visualfield- 
0,0 0,0 0,0 0,0 0,0 0,0 0,0 0,0 0,0 0,0
0,0 0,0 0,0 1,4 2,3 2,3 1,3 0,0 0,0 0,0
0,0 0,0 3,3 3,3 3,3 3,3 3,3 2,3 0,0 0,0
0,0 3,4 3,3 3,3 2,3 3,3 3,3 4,5 3,4 0,0
0,0 0,0 0,0 3,3 3,3 2,3 2,3 4,4 3,4 0,0
0,0 0,0 0,0 3,3 3,3 2,3 4,4 4,4 4,4 0,0
0,0 2,4 3,3 3,3 3,3 4,4 5,5 4,4 4,5 0,0
0,0 0,0 3,3 3,3 2,3 3,3 3,3 3,4 0,0 0,0
0,0 0,0 0,0 3,4 3,4 5,5 4,4 0,0 0,0 0,0
0,0 0,0 0,0 0,0 0,0 0,0 0,0 0,0 0,0 0,0
minintensity- 
1.0 1.0 1.0 1.0 1.0 1.0 1.0 1.0 1.0 1.0
1.0 1.0 1.0 0.23097948866434892 0.23052432322106509 0.2906356903778699 0.31932587762642073 1.0 1.0 1.0
1.0 1.0 0.23027259212757323 0.22754458169446973 0.2218612266255041 0.22606690937653867 0.22260006278446962 0.2497244146625596 1.0 1.0
1.0 0.2314713993973164 0.22738230208004637 0.2254513394580022 0.27213627934977563 0.22410250527348602 0.22540164556699369 0.3470607122813432 0.2553318359219136 1.0
1.0 0.2300784756041332 0.22558742872015905 0.22296890800092306 0.22267796125434128 0.26672553859949777 0.24642259348901904 0.22752974829496692 0.28253693811515457 1.0
1.0 0.24686229213556746 1.0 0.2233290433030944 0.22202066997624037 0.24702577576851786 0.22578050019260998 0.22752974829496692 0.22752974829496692 1.0
1.0 0.27382932547669286 0.22969573018467374 0.22878726373967478 0.22380722594789537 0.21796112995450137 0.21568525337600225 0.2256861174122826 0.23251695142192666 1.0
1.0 1.0 0.22955872471237382 0.22789340871213035 0.25637785295001075 0.22662862979669418 0.22410978549251281 0.23230620837211208 1.0 1.0
1.0 1.0 1.0 0.23863783338092892 0.2363884954375915 0.22066372844395793 0.2199364314500444 1.0 1.0 1.0
1.0 1.0 1.0 1.0 1.0 1.0 1.0 1.0 1.0 1.0
deviation- 
0.0 0.0 0.0 0.0 0.0 0.0 0.0 0.0 0.0 0.0
0.0 0.0 0.0 0.0 0.0 0.0 0.0 0.0 0.0 0.0
0.0 0.0 0.0 0.0 0.0 0.0 0.0 0.0 0.0 0.0
0.0 0.0 0.0 0.0 0.0 0.0 0.0 0.0 0.0 0.0
0.0 0.0 0.0 0.0 0.0 0.0 0.0 0.0 0.0 0.0
0.0 0.0 0.0 0.0 0.0 0.0 0.0 0.0 0.0 0.0
0.0 0.0 0.0 0.0 0.0 0.0 0.0 0.0 0.0 0.0
0.0 0.0 0.0 0.0 0.0 0.0 0.0 0.0 0.0 0.0
0.0 0.0 0.0 0.0 0.0 0.0 0.0 0.0 0.0 0.0
0.0 0.0 0.0 0.0 0.0 0.0 0.0 0.0 0.0 0.0
pointenable- 
n n n n n n n n n n
n n n y y y y n n n
n n y y y y y y n n
n y y y y y y y y n
n y y y y y y y y n
n y y y y y y y y n
n y y y y y y y y n
n n y y y y y y n n
n n n y y y y n n n
n n n n n n n n n n
