#head
personName-Reimann
birthdate-01/01/1990
age-26
date-06/04/2016
stimulus-0
blindspot-1
blindspotsize-1
time-16:29:29
strategy-1
#lefteye
timetest-206
fneg-0
fnegtests-7
fpos-2
fpostests-5
fixationlosses-0
fixationlossestests-10
firings-206
visualfield- 
0,0 0,0 0,0 0,0 0,0 0,0 0,0 0,0 0,0 0,0
0,0 0,0 0,0 2,4 2,3 2,3 2,3 0,0 0,0 0,0
0,0 0,0 2,3 2,3 2,3 2,3 2,3 2,3 0,0 0,0
0,0 2,4 3,3 2,3 2,3 3,3 2,3 3,3 2,4 0,0
0,0 2,4 2,3 2,3 2,3 2,3 2,3 0,0 0,0 0,0
0,0 2,4 2,3 2,3 2,3 3,3 3,4 0,0 0,0 0,0
0,0 3,4 2,3 2,3 2,3 3,4 3,5 3,4 4,5 0,0
0,0 0,0 2,3 2,3 2,3 2,3 3,3 2,4 0,0 0,0
0,0 0,0 0,0 3,4 3,4 4,4 4,5 0,0 0,0 0,0
0,0 0,0 0,0 0,0 0,0 0,0 0,0 0,0 0,0 0,0
minintensity- 
1.0 1.0 1.0 1.0 1.0 1.0 1.0 1.0 1.0 1.0
1.0 1.0 1.0 0.2920011867077214 0.2906356903778699 0.2605800067994675 0.2896115681304812 1.0 1.0 1.0
1.0 1.0 0.2602954550908357 0.2548394342246287 0.24347272408669743 0.25188408958876657 0.24495039640462848 0.2497244146625596 1.0 1.0
1.0 0.2628358831774308 0.22738230208004637 0.2507957632988024 0.24812649143891774 0.22410250527348602 0.22540164556699369 0.22965402281186303 0.27374014269015084 1.0
1.0 0.26013079782339327 0.251148704055445 0.245911662616973 0.24532976912380947 0.2444924101946229 0.24642259348901904 0.22752974829496692 0.2550333432050607 1.0
1.0 0.2624743383857989 0.24481529012070755 0.24663193322131569 0.22202066997624037 0.22352596457669546 0.25153484700034684 0.22752974829496692 0.2550333432050607 1.0
1.0 0.2922599279415656 0.25928454475214546 0.25746761186214756 0.22380722594789537 0.2358153442918007 0.26242026665240287 0.27684452100244383 0.23251695142192666 1.0
1.0 1.0 0.25886772026043686 0.2831807678077695 0.2844419148428607 0.279386431061461 0.22410978549251281 0.23230620837211208 1.0 1.0
1.0 1.0 1.0 0.23863783338092892 0.25434842333505586 0.22066372844395793 0.29780759867957124 1.0 1.0 1.0
1.0 1.0 1.0 1.0 1.0 1.0 1.0 1.0 1.0 1.0
deviation- 
0.0 0.0 0.0 0.0 0.0 0.0 0.0 0.0 0.0 0.0
0.0 0.0 0.0 0.0 0.0 0.0 0.0 0.0 0.0 0.0
0.0 0.0 0.0 0.0 0.0 0.0 0.0 0.0 0.0 0.0
0.0 0.0 0.0 0.0 0.0 0.0 0.0 0.0 0.0 0.0
0.0 0.0 0.0 0.0 0.0 0.0 0.0 0.0 0.0 0.0
0.0 0.0 0.0 0.0 0.0 0.0 0.0 0.0 0.0 0.0
0.0 0.0 0.0 0.0 0.0 0.0 0.0 0.0 0.0 0.0
0.0 0.0 0.0 0.0 0.0 0.0 0.0 0.0 0.0 0.0
0.0 0.0 0.0 0.0 0.0 0.0 0.0 0.0 0.0 0.0
0.0 0.0 0.0 0.0 0.0 0.0 0.0 0.0 0.0 0.0
pointenable- 
n n n n n n n n n n
n n n y y y y n n n
n n y y y y y y n n
n y y y y y y y y n
n y y y y y y y y n
n y y y y y y y y n
n y y y y y y y y n
n n y y y y y y n n
n n n y y y y n n n
n n n n n n n n n n
#righteye
timetest-206
fneg-0
fnegtests-7
fpos-2
fpostests-5
fixationlosses-0
fixationlossestests-10
firings-206
visualfield- 
0,0 0,0 0,0 0,0 0,0 0,0 0,0 0,0 0,0 0,0
0,0 0,0 0,0 2,4 2,3 2,3 2,3 0,0 0,0 0,0
0,0 0,0 2,3 2,3 2,3 2,3 2,3 2,3 0,0 0,0
0,0 2,4 3,3 2,3 2,3 3,3 2,3 3,3 2,4 0,0
0,0 2,4 2,3 2,3 2,3 2,3 2,3 0,0 0,0 0,0
0,0 2,4 2,3 2,3 2,3 3,3 3,4 0,0 0,0 0,0
0,0 3,4 2,3 2,3 2,3 3,4 3,5 3,4 4,5 0,0
0,0 0,0 2,3 2,3 2,3 2,3 3,3 2,4 0,0 0,0
0,0 0,0 0,0 3,4 3,4 4,4 4,5 0,0 0,0 0,0
0,0 0,0 0,0 0,0 0,0 0,0 0,0 0,0 0,0 0,0
minintensity- 
1.0 1.0 1.0 1.0 1.0 1.0 1.0 1.0 1.0 1.0
1.0 1.0 1.0 0.2920011867077214 0.2906356903778699 0.2605800067994675 0.2896115681304812 1.0 1.0 1.0
1.0 1.0 0.2602954550908357 0.2548394342246287 0.24347272408669743 0.25188408958876657 0.24495039640462848 0.2497244146625596 1.0 1.0
1.0 0.2628358831774308 0.22738230208004637 0.2507957632988024 0.24812649143891774 0.22410250527348602 0.22540164556699369 0.22965402281186303 0.27374014269015084 1.0
1.0 0.26013079782339327 0.251148704055445 0.245911662616973 0.24532976912380947 0.2444924101946229 0.24642259348901904 0.22752974829496692 0.2550333432050607 1.0
1.0 0.2624743383857989 0.24481529012070755 0.24663193322131569 0.22202066997624037 0.22352596457669546 0.25153484700034684 0.22752974829496692 0.2550333432050607 1.0
1.0 0.2922599279415656 0.25928454475214546 0.25746761186214756 0.22380722594789537 0.2358153442918007 0.26242026665240287 0.27684452100244383 0.23251695142192666 1.0
1.0 1.0 0.25886772026043686 0.2831807678077695 0.2844419148428607 0.279386431061461 0.22410978549251281 0.23230620837211208 1.0 1.0
1.0 1.0 1.0 0.23863783338092892 0.25434842333505586 0.22066372844395793 0.29780759867957124 1.0 1.0 1.0
1.0 1.0 1.0 1.0 1.0 1.0 1.0 1.0 1.0 1.0
deviation- 
0.0 0.0 0.0 0.0 0.0 0.0 0.0 0.0 0.0 0.0
0.0 0.0 0.0 0.0 0.0 0.0 0.0 0.0 0.0 0.0
0.0 0.0 0.0 0.0 0.0 0.0 0.0 0.0 0.0 0.0
0.0 0.0 0.0 0.0 0.0 0.0 0.0 0.0 0.0 0.0
0.0 0.0 0.0 0.0 0.0 0.0 0.0 0.0 0.0 0.0
0.0 0.0 0.0 0.0 0.0 0.0 0.0 0.0 0.0 0.0
0.0 0.0 0.0 0.0 0.0 0.0 0.0 0.0 0.0 0.0
0.0 0.0 0.0 0.0 0.0 0.0 0.0 0.0 0.0 0.0
0.0 0.0 0.0 0.0 0.0 0.0 0.0 0.0 0.0 0.0
0.0 0.0 0.0 0.0 0.0 0.0 0.0 0.0 0.0 0.0
pointenable- 
n n n n n n n n n n
n n n y y y y n n n
n n y y y y y y n n
n y y y y y y y y n
n y y y y y y y y n
n y y y y y y y y n
n y y y y y y y y n
n n y y y y y y n n
n n n y y y y n n n
n n n n n n n n n n
