#head
personName-Reimann
birthdate-01/01/1990
age-26
date-07/04/2016
stimulus-0
blindspot-1
blindspotsize-1
time-20:27:45
strategy-1
#lefteye
timetest-204
fneg-1
fnegtests-7
fpos-0
fpostests-3
fixationlosses-5
fixationlossestests-10
firings-204
visualfield- 
0,0 0,0 0,0 0,0 0,0 0,0 0,0 0,0 0,0 0,0
0,0 0,0 0,0 3,4 2,3 2,3 2,3 0,0 0,0 0,0
0,0 0,0 2,3 3,3 2,3 2,3 2,3 2,3 0,0 0,0
0,0 3,4 2,3 2,3 2,3 2,3 2,3 2,3 2,4 0,0
0,0 0,0 0,0 2,3 2,3 2,3 1,3 3,4 2,4 0,0
0,0 0,0 0,0 2,3 2,3 2,3 3,4 3,4 3,4 0,0
0,0 2,4 2,3 2,3 2,3 3,4 4,5 2,4 3,5 0,0
0,0 0,0 2,3 2,3 1,3 1,3 1,3 3,4 0,0 0,0
0,0 0,0 0,0 2,4 2,4 3,4 3,5 0,0 0,0 0,0
0,0 0,0 0,0 0,0 0,0 0,0 0,0 0,0 0,0 0,0
minintensity- 
1.0 1.0 1.0 1.0 1.0 1.0 1.0 1.0 1.0 1.0
1.0 1.0 1.0 0.24623491317519203 0.2605800067994675 0.2605800067994675 0.2598972586345418 1.0 1.0 1.0
1.0 1.0 0.2602954550908357 0.22754458169446973 0.2218612266255041 0.25188408958876657 0.2673007300247874 0.2497244146625596 1.0 1.0
1.0 0.24715364128737358 0.2546576885428907 0.2507957632988024 0.24812649143891774 0.27209368458605404 0.27599110546657707 0.22965402281186303 0.27374014269015084 1.0
1.0 0.27515695893302333 1.0 0.245911662616973 0.24532976912380947 0.2444924101946229 0.29281903359316497 0.28253693811515457 0.2550333432050607 1.0
1.0 0.23125024588533602 0.289604426856542 0.269934823139537 0.26600970315897493 0.24702577576851786 0.27728919380808376 0.2550333432050607 0.3375441279353422 1.0
1.0 0.27382932547669286 0.25928454475214546 0.28614795998462034 0.2475075362785888 0.2893779873036988 0.2779986044112031 0.30242372279752444 0.36215709464082513 1.0
1.0 1.0 0.28817671580849985 0.25553708825995 0.3125059767357107 0.3057653316938444 0.29568995447711893 0.280390927183814 1.0 1.0
1.0 1.0 1.0 0.23863783338092892 0.2723083512325203 0.301444083649139 0.3367431822943347 1.0 1.0 1.0
1.0 1.0 1.0 1.0 1.0 1.0 1.0 1.0 1.0 1.0
deviation- 
0.0 0.0 0.0 0.0 0.0 0.0 0.0 0.0 0.0 0.0
0.0 0.0 0.0 0.0 0.0 0.0 0.0 0.0 0.0 0.0
0.0 0.0 0.0 0.0 0.0 0.0 0.0 0.0 0.0 0.0
0.0 0.0 0.0 0.0 0.0 0.0 0.0 0.0 0.0 0.0
0.0 0.0 0.0 0.0 0.0 0.0 0.0 0.0 0.0 0.0
0.0 0.0 0.0 0.0 0.0 0.0 0.0 0.0 0.0 0.0
0.0 0.0 0.0 0.0 0.0 0.0 0.0 0.0 0.0 0.0
0.0 0.0 0.0 0.0 0.0 0.0 0.0 0.0 0.0 0.0
0.0 0.0 0.0 0.0 0.0 0.0 0.0 0.0 0.0 0.0
0.0 0.0 0.0 0.0 0.0 0.0 0.0 0.0 0.0 0.0
pointenable- 
n n n n n n n n n n
n n n y y y y n n n
n n y y y y y y n n
n y y y y y y y y n
n y y y y y y y y n
n y y y y y y y y n
n y y y y y y y y n
n n y y y y y y n n
n n n y y y y n n n
n n n n n n n n n n
#righteye
timetest-204
fneg-1
fnegtests-7
fpos-0
fpostests-3
fixationlosses-5
fixationlossestests-10
firings-204
visualfield- 
0,0 0,0 0,0 0,0 0,0 0,0 0,0 0,0 0,0 0,0
0,0 0,0 0,0 3,4 2,3 2,3 2,3 0,0 0,0 0,0
0,0 0,0 2,3 3,3 2,3 2,3 2,3 2,3 0,0 0,0
0,0 3,4 2,3 2,3 2,3 2,3 2,3 2,3 2,4 0,0
0,0 0,0 0,0 2,3 2,3 2,3 1,3 3,4 2,4 0,0
0,0 0,0 0,0 2,3 2,3 2,3 3,4 3,4 3,4 0,0
0,0 2,4 2,3 2,3 2,3 3,4 4,5 2,4 3,5 0,0
0,0 0,0 2,3 2,3 1,3 1,3 1,3 3,4 0,0 0,0
0,0 0,0 0,0 2,4 2,4 3,4 3,5 0,0 0,0 0,0
0,0 0,0 0,0 0,0 0,0 0,0 0,0 0,0 0,0 0,0
minintensity- 
1.0 1.0 1.0 1.0 1.0 1.0 1.0 1.0 1.0 1.0
1.0 1.0 1.0 0.24623491317519203 0.2605800067994675 0.2605800067994675 0.2598972586345418 1.0 1.0 1.0
1.0 1.0 0.2602954550908357 0.22754458169446973 0.2218612266255041 0.25188408958876657 0.2673007300247874 0.2497244146625596 1.0 1.0
1.0 0.24715364128737358 0.2546576885428907 0.2507957632988024 0.24812649143891774 0.27209368458605404 0.27599110546657707 0.22965402281186303 0.27374014269015084 1.0
1.0 0.27515695893302333 1.0 0.245911662616973 0.24532976912380947 0.2444924101946229 0.29281903359316497 0.28253693811515457 0.2550333432050607 1.0
1.0 0.23125024588533602 0.289604426856542 0.269934823139537 0.26600970315897493 0.24702577576851786 0.27728919380808376 0.2550333432050607 0.3375441279353422 1.0
1.0 0.27382932547669286 0.25928454475214546 0.28614795998462034 0.2475075362785888 0.2893779873036988 0.2779986044112031 0.30242372279752444 0.36215709464082513 1.0
1.0 1.0 0.28817671580849985 0.25553708825995 0.3125059767357107 0.3057653316938444 0.29568995447711893 0.280390927183814 1.0 1.0
1.0 1.0 1.0 0.23863783338092892 0.2723083512325203 0.301444083649139 0.3367431822943347 1.0 1.0 1.0
1.0 1.0 1.0 1.0 1.0 1.0 1.0 1.0 1.0 1.0
deviation- 
0.0 0.0 0.0 0.0 0.0 0.0 0.0 0.0 0.0 0.0
0.0 0.0 0.0 0.0 0.0 0.0 0.0 0.0 0.0 0.0
0.0 0.0 0.0 0.0 0.0 0.0 0.0 0.0 0.0 0.0
0.0 0.0 0.0 0.0 0.0 0.0 0.0 0.0 0.0 0.0
0.0 0.0 0.0 0.0 0.0 0.0 0.0 0.0 0.0 0.0
0.0 0.0 0.0 0.0 0.0 0.0 0.0 0.0 0.0 0.0
0.0 0.0 0.0 0.0 0.0 0.0 0.0 0.0 0.0 0.0
0.0 0.0 0.0 0.0 0.0 0.0 0.0 0.0 0.0 0.0
0.0 0.0 0.0 0.0 0.0 0.0 0.0 0.0 0.0 0.0
0.0 0.0 0.0 0.0 0.0 0.0 0.0 0.0 0.0 0.0
pointenable- 
n n n n n n n n n n
n n n y y y y n n n
n n y y y y y y n n
n y y y y y y y y n
n y y y y y y y y n
n y y y y y y y y n
n y y y y y y y y n
n n y y y y y y n n
n n n y y y y n n n
n n n n n n n n n n
