#head
personName-Sergio
birthdate-01/01/1990
age-26
date-07/04/2016
stimulus-0
blindspot-1
blindspotsize-1
time-16:38:40
strategy-1
#lefteye
timetest-214
fneg-0
fnegtests-7
fpos-1
fpostests-4
fixationlosses-7
fixationlossestests-10
firings-214
visualfield- 
0,0 0,0 0,0 0,0 0,0 0,0 0,0 0,0 0,0 0,0
0,0 0,0 0,0 3,5 4,5 1,3 1,3 0,0 0,0 0,0
0,0 0,0 2,3 3,3 3,5 2,3 2,3 2,3 0,0 0,0
0,0 2,4 2,3 2,3 3,3 3,3 3,3 3,3 1,7 0,0
0,0 0,0 0,0 3,3 3,3 3,3 3,3 4,4 1,4 0,0
0,0 0,0 0,0 2,3 3,3 3,3 3,5 3,4 0,4 0,0
0,0 2,4 2,3 4,5 3,3 3,4 4,6 3,4 0,4 0,0
0,0 0,0 2,3 2,3 2,3 2,3 2,3 4,5 0,0 0,0
0,0 0,0 0,0 3,4 3,4 2,4 3,4 0,0 0,0 0,0
0,0 0,0 0,0 0,0 0,0 0,0 0,0 0,0 0,0 0,0
minintensity- 
1.0 1.0 1.0 1.0 1.0 1.0 1.0 1.0 1.0 1.0
1.0 1.0 1.0 0.3513294014413332 0.34950873966819784 0.32069137395627223 0.31932587762642073 1.0 1.0 1.0
1.0 1.0 0.2602954550908357 0.22754458169446973 0.43062520566914897 0.2777012698009944 0.2673007300247874 0.27446175741168405 1.0 1.0
1.0 0.30988260884760227 0.28193307500573506 0.2507957632988024 0.22411670352805987 0.22410250527348602 0.22540164556699369 0.22965402281186303 1.0 1.0
1.0 0.27515695893302333 0.4460400463015071 0.22296890800092306 0.22267796125434128 0.222259281789748 0.22322437343694607 0.22752974829496692 1.0 1.0
1.0 0.2624743383857989 0.2672098584886248 0.24663193322131569 0.22202066997624037 0.22352596457669546 0.5498297194222586 0.2550333432050607 0.42005491266562367 1.0
1.0 0.27382932547669286 0.25928454475214546 0.3435936759925902 0.22380722594789537 0.2358153442918007 0.26242026665240287 0.25126531920736317 1.0 1.0
1.0 1.0 0.28817671580849985 0.25553708825995 0.25637785295001075 0.2530075304290776 0.24796984182071485 0.280390927183814 1.0 1.0
1.0 1.0 1.0 0.25772243025006203 0.2902682791299847 0.2812489948478437 0.29780759867957124 1.0 1.0 1.0
1.0 1.0 1.0 1.0 1.0 1.0 1.0 1.0 1.0 1.0
deviation- 
0.0 0.0 0.0 0.0 0.0 0.0 0.0 0.0 0.0 0.0
0.0 0.0 0.0 0.0 0.0 0.0 0.0 0.0 0.0 0.0
0.0 0.0 0.0 0.0 0.0 0.0 0.0 0.0 0.0 0.0
0.0 0.0 0.0 0.0 0.0 0.0 0.0 0.0 0.0 0.0
0.0 0.0 0.0 0.0 0.0 0.0 0.0 0.0 0.0 0.0
0.0 0.0 0.0 0.0 0.0 0.0 0.0 0.0 0.0 0.0
0.0 0.0 0.0 0.0 0.0 0.0 0.0 0.0 0.0 0.0
0.0 0.0 0.0 0.0 0.0 0.0 0.0 0.0 0.0 0.0
0.0 0.0 0.0 0.0 0.0 0.0 0.0 0.0 0.0 0.0
0.0 0.0 0.0 0.0 0.0 0.0 0.0 0.0 0.0 0.0
pointenable- 
n n n n n n n n n n
n n n y y y y n n n
n n y y y y y y n n
n y y y y y y y y n
n y y y y y y y y n
n y y y y y y y y n
n y y y y y y y y n
n n y y y y y y n n
n n n y y y y n n n
n n n n n n n n n n
#righteye
timetest-214
fneg-0
fnegtests-7
fpos-1
fpostests-4
fixationlosses-7
fixationlossestests-10
firings-214
visualfield- 
0,0 0,0 0,0 0,0 0,0 0,0 0,0 0,0 0,0 0,0
0,0 0,0 0,0 3,5 4,5 1,3 1,3 0,0 0,0 0,0
0,0 0,0 2,3 3,3 3,5 2,3 2,3 2,3 0,0 0,0
0,0 2,4 2,3 2,3 3,3 3,3 3,3 3,3 1,7 0,0
0,0 0,0 0,0 3,3 3,3 3,3 3,3 4,4 1,4 0,0
0,0 0,0 0,0 2,3 3,3 3,3 3,5 3,4 0,4 0,0
0,0 2,4 2,3 4,5 3,3 3,4 4,6 3,4 0,4 0,0
0,0 0,0 2,3 2,3 2,3 2,3 2,3 4,5 0,0 0,0
0,0 0,0 0,0 3,4 3,4 2,4 3,4 0,0 0,0 0,0
0,0 0,0 0,0 0,0 0,0 0,0 0,0 0,0 0,0 0,0
minintensity- 
1.0 1.0 1.0 1.0 1.0 1.0 1.0 1.0 1.0 1.0
1.0 1.0 1.0 0.3513294014413332 0.34950873966819784 0.32069137395627223 0.31932587762642073 1.0 1.0 1.0
1.0 1.0 0.2602954550908357 0.22754458169446973 0.43062520566914897 0.2777012698009944 0.2673007300247874 0.27446175741168405 1.0 1.0
1.0 0.30988260884760227 0.28193307500573506 0.2507957632988024 0.22411670352805987 0.22410250527348602 0.22540164556699369 0.22965402281186303 1.0 1.0
1.0 0.27515695893302333 0.4460400463015071 0.22296890800092306 0.22267796125434128 0.222259281789748 0.22322437343694607 0.22752974829496692 1.0 1.0
1.0 0.2624743383857989 0.2672098584886248 0.24663193322131569 0.22202066997624037 0.22352596457669546 0.5498297194222586 0.2550333432050607 0.42005491266562367 1.0
1.0 0.27382932547669286 0.25928454475214546 0.3435936759925902 0.22380722594789537 0.2358153442918007 0.26242026665240287 0.25126531920736317 1.0 1.0
1.0 1.0 0.28817671580849985 0.25553708825995 0.25637785295001075 0.2530075304290776 0.24796984182071485 0.280390927183814 1.0 1.0
1.0 1.0 1.0 0.25772243025006203 0.2902682791299847 0.2812489948478437 0.29780759867957124 1.0 1.0 1.0
1.0 1.0 1.0 1.0 1.0 1.0 1.0 1.0 1.0 1.0
deviation- 
0.0 0.0 0.0 0.0 0.0 0.0 0.0 0.0 0.0 0.0
0.0 0.0 0.0 0.0 0.0 0.0 0.0 0.0 0.0 0.0
0.0 0.0 0.0 0.0 0.0 0.0 0.0 0.0 0.0 0.0
0.0 0.0 0.0 0.0 0.0 0.0 0.0 0.0 0.0 0.0
0.0 0.0 0.0 0.0 0.0 0.0 0.0 0.0 0.0 0.0
0.0 0.0 0.0 0.0 0.0 0.0 0.0 0.0 0.0 0.0
0.0 0.0 0.0 0.0 0.0 0.0 0.0 0.0 0.0 0.0
0.0 0.0 0.0 0.0 0.0 0.0 0.0 0.0 0.0 0.0
0.0 0.0 0.0 0.0 0.0 0.0 0.0 0.0 0.0 0.0
0.0 0.0 0.0 0.0 0.0 0.0 0.0 0.0 0.0 0.0
pointenable- 
n n n n n n n n n n
n n n y y y y n n n
n n y y y y y y n n
n y y y y y y y y n
n y y y y y y y y n
n y y y y y y y y n
n y y y y y y y y n
n n y y y y y y n n
n n n y y y y n n n
n n n n n n n n n n
