#head
personName-Vinicius Machado
birthdate-01/01/1990
age-26
date-07/04/2016
stimulus-0
blindspot-1
blindspotsize-1
time-14:14:58
strategy-1
#lefteye
timetest-211
fneg-1
fnegtests-7
fpos-7
fpostests-9
fixationlosses-2
fixationlossestests-10
firings-211
visualfield- 
0,0 0,0 0,0 0,0 0,0 0,0 0,0 0,0 0,0 0,0
0,0 0,0 0,0 3,4 3,3 2,3 3,5 0,0 0,0 0,0
0,0 0,0 3,3 2,3 3,3 2,3 3,3 3,3 0,0 0,0
0,0 5,7 3,3 2,3 3,3 3,3 3,3 3,3 3,4 0,0
0,0 0,0 0,0 3,3 4,5 2,3 2,3 3,4 3,4 0,0
0,0 0,0 0,0 3,3 3,3 2,3 3,4 3,4 3,4 0,0
0,0 3,4 2,3 3,3 2,3 2,4 5,5 4,4 3,5 0,0
0,0 0,0 2,3 2,3 2,3 3,3 2,3 3,4 0,0 0,0
0,0 0,0 0,0 2,4 4,5 5,6 3,5 0,0 0,0 0,0
0,0 0,0 0,0 0,0 0,0 0,0 0,0 0,0 0,0 0,0
minintensity- 
1.0 1.0 1.0 1.0 1.0 1.0 1.0 1.0 1.0 1.0
1.0 1.0 1.0 0.23097948866434892 0.23052432322106509 0.2605800067994675 0.46341270618604874 1.0 1.0 1.0
1.0 1.0 0.23027259212757323 0.28213428675478763 0.2218612266255041 0.25188408958876657 0.22260006278446962 0.22498707191343517 1.0 1.0
1.0 0.5834907151545171 0.22738230208004637 0.2507957632988024 0.22411670352805987 0.22410250527348602 0.22540164556699369 0.22965402281186303 0.2553318359219136 1.0
1.0 0.30520928115228335 0.22558742872015905 0.22296890800092306 0.3193871431778439 0.2444924101946229 0.24642259348901904 0.3375441279353422 0.2550333432050607 1.0
1.0 0.27808638463603036 0.22242072175279032 0.2233290433030944 0.22202066997624037 0.27052558696034024 0.25153484700034684 0.2550333432050607 0.28253693811515457 1.0
1.0 0.23696812054694744 0.28887335931961716 0.22878726373967478 0.2475075362785888 0.2358153442918007 0.21568525337600225 0.2256861174122826 0.2973370230313759 1.0
1.0 1.0 0.25886772026043686 0.25553708825995 0.25637785295001075 0.22662862979669418 0.24796984182071485 0.23230620837211208 1.0 1.0
1.0 1.0 1.0 0.23863783338092892 0.3729654285343034 0.39084671576495034 0.2394042232574261 1.0 1.0 1.0
1.0 1.0 1.0 1.0 1.0 1.0 1.0 1.0 1.0 1.0
deviation- 
0.0 0.0 0.0 0.0 0.0 0.0 0.0 0.0 0.0 0.0
0.0 0.0 0.0 0.0 0.0 0.0 0.0 0.0 0.0 0.0
0.0 0.0 0.0 0.0 0.0 0.0 0.0 0.0 0.0 0.0
0.0 0.0 0.0 0.0 0.0 0.0 0.0 0.0 0.0 0.0
0.0 0.0 0.0 0.0 0.0 0.0 0.0 0.0 0.0 0.0
0.0 0.0 0.0 0.0 0.0 0.0 0.0 0.0 0.0 0.0
0.0 0.0 0.0 0.0 0.0 0.0 0.0 0.0 0.0 0.0
0.0 0.0 0.0 0.0 0.0 0.0 0.0 0.0 0.0 0.0
0.0 0.0 0.0 0.0 0.0 0.0 0.0 0.0 0.0 0.0
0.0 0.0 0.0 0.0 0.0 0.0 0.0 0.0 0.0 0.0
pointenable- 
n n n n n n n n n n
n n n y y y y n n n
n n y y y y y y n n
n y y y y y y y y n
n y y y y y y y y n
n y y y y y y y y n
n y y y y y y y y n
n n y y y y y y n n
n n n y y y y n n n
n n n n n n n n n n
#righteye
timetest-211
fneg-1
fnegtests-7
fpos-7
fpostests-9
fixationlosses-2
fixationlossestests-10
firings-211
visualfield- 
0,0 0,0 0,0 0,0 0,0 0,0 0,0 0,0 0,0 0,0
0,0 0,0 0,0 3,4 3,3 2,3 3,5 0,0 0,0 0,0
0,0 0,0 3,3 2,3 3,3 2,3 3,3 3,3 0,0 0,0
0,0 5,7 3,3 2,3 3,3 3,3 3,3 3,3 3,4 0,0
0,0 0,0 0,0 3,3 4,5 2,3 2,3 3,4 3,4 0,0
0,0 0,0 0,0 3,3 3,3 2,3 3,4 3,4 3,4 0,0
0,0 3,4 2,3 3,3 2,3 2,4 5,5 4,4 3,5 0,0
0,0 0,0 2,3 2,3 2,3 3,3 2,3 3,4 0,0 0,0
0,0 0,0 0,0 2,4 4,5 5,6 3,5 0,0 0,0 0,0
0,0 0,0 0,0 0,0 0,0 0,0 0,0 0,0 0,0 0,0
minintensity- 
1.0 1.0 1.0 1.0 1.0 1.0 1.0 1.0 1.0 1.0
1.0 1.0 1.0 0.23097948866434892 0.23052432322106509 0.2605800067994675 0.46341270618604874 1.0 1.0 1.0
1.0 1.0 0.23027259212757323 0.28213428675478763 0.2218612266255041 0.25188408958876657 0.22260006278446962 0.22498707191343517 1.0 1.0
1.0 0.5834907151545171 0.22738230208004637 0.2507957632988024 0.22411670352805987 0.22410250527348602 0.22540164556699369 0.22965402281186303 0.2553318359219136 1.0
1.0 0.30520928115228335 0.22558742872015905 0.22296890800092306 0.3193871431778439 0.2444924101946229 0.24642259348901904 0.3375441279353422 0.2550333432050607 1.0
1.0 0.27808638463603036 0.22242072175279032 0.2233290433030944 0.22202066997624037 0.27052558696034024 0.25153484700034684 0.2550333432050607 0.28253693811515457 1.0
1.0 0.23696812054694744 0.28887335931961716 0.22878726373967478 0.2475075362785888 0.2358153442918007 0.21568525337600225 0.2256861174122826 0.2973370230313759 1.0
1.0 1.0 0.25886772026043686 0.25553708825995 0.25637785295001075 0.22662862979669418 0.24796984182071485 0.23230620837211208 1.0 1.0
1.0 1.0 1.0 0.23863783338092892 0.3729654285343034 0.39084671576495034 0.2394042232574261 1.0 1.0 1.0
1.0 1.0 1.0 1.0 1.0 1.0 1.0 1.0 1.0 1.0
deviation- 
0.0 0.0 0.0 0.0 0.0 0.0 0.0 0.0 0.0 0.0
0.0 0.0 0.0 0.0 0.0 0.0 0.0 0.0 0.0 0.0
0.0 0.0 0.0 0.0 0.0 0.0 0.0 0.0 0.0 0.0
0.0 0.0 0.0 0.0 0.0 0.0 0.0 0.0 0.0 0.0
0.0 0.0 0.0 0.0 0.0 0.0 0.0 0.0 0.0 0.0
0.0 0.0 0.0 0.0 0.0 0.0 0.0 0.0 0.0 0.0
0.0 0.0 0.0 0.0 0.0 0.0 0.0 0.0 0.0 0.0
0.0 0.0 0.0 0.0 0.0 0.0 0.0 0.0 0.0 0.0
0.0 0.0 0.0 0.0 0.0 0.0 0.0 0.0 0.0 0.0
0.0 0.0 0.0 0.0 0.0 0.0 0.0 0.0 0.0 0.0
pointenable- 
n n n n n n n n n n
n n n y y y y n n n
n n y y y y y y n n
n y y y y y y y y n
n y y y y y y y y n
n y y y y y y y y n
n y y y y y y y y n
n n y y y y y y n n
n n n y y y y n n n
n n n n n n n n n n
