#head
personName-Vinicius Breda
birthdate-01/01/1990
age-26
date-08/04/2016
stimulus-0
blindspot-1
blindspotsize-1
time-16:01:31
strategy-1
#lefteye
timetest-214
fneg-1
fnegtests-7
fpos-11
fpostests-13
fixationlosses-5
fixationlossestests-10
firings-215
visualfield- 
0,0 0,0 0,0 0,0 0,0 0,0 0,0 0,0 0,0 0,0
0,0 0,0 0,0 4,4 3,3 3,3 2,3 0,0 0,0 0,0
0,0 0,0 3,3 1,3 1,3 3,3 3,3 3,3 0,0 0,0
0,0 3,4 1,3 3,3 3,3 3,3 2,3 3,3 2,4 0,0
0,0 0,0 0,0 3,3 3,3 2,3 2,3 4,4 3,4 0,0
0,0 0,0 0,0 3,3 3,3 3,3 4,4 4,4 4,4 0,0
0,0 4,4 2,3 2,3 3,3 4,4 4,5 4,4 5,5 0,0
0,0 0,0 2,3 3,3 3,3 2,3 3,3 3,4 0,0 0,0
0,0 0,0 0,0 3,4 3,4 3,4 5,5 0,0 0,0 0,0
0,0 0,0 0,0 0,0 0,0 0,0 0,0 0,0 0,0 0,0
minintensity- 
1.0 1.0 1.0 1.0 1.0 1.0 1.0 1.0 1.0 1.0
1.0 1.0 1.0 0.2157240641535058 0.23052432322106509 0.23052432322106509 0.2598972586345418 1.0 1.0 1.0
1.0 1.0 0.23027259212757323 0.30942913928494653 0.24347272408669743 0.22606690937653867 0.22260006278446962 0.22498707191343517 1.0 1.0
1.0 0.24715364128737358 0.3092084614685794 0.2254513394580022 0.22411670352805987 0.22410250527348602 0.27599110546657707 0.22965402281186303 0.27374014269015084 1.0
1.0 0.21505231449450318 0.3022712547260168 0.22296890800092306 0.22267796125434128 0.2444924101946229 0.24642259348901904 0.22752974829496692 0.2550333432050607 1.0
1.0 0.23125024588533602 0.3758657018018362 0.2233290433030944 0.22202066997624037 0.22352596457669546 0.22578050019260998 0.22752974829496692 0.22752974829496692 1.0
1.0 0.21853751808207472 0.25928454475214546 0.25746761186214756 0.22380722594789537 0.21796112995450137 0.23126359113480244 0.2256861174122826 0.21631193351956432 1.0
1.0 1.0 0.25886772026043686 0.22789340871213035 0.22831379105716076 0.2530075304290776 0.22410978549251281 0.2483344479760127 1.0 1.0
1.0 1.0 1.0 0.23863783338092892 0.2363884954375915 0.2610539060465485 0.2199364314500444 1.0 1.0 1.0
1.0 1.0 1.0 1.0 1.0 1.0 1.0 1.0 1.0 1.0
deviation- 
0.0 0.0 0.0 0.0 0.0 0.0 0.0 0.0 0.0 0.0
0.0 0.0 0.0 0.0 0.0 0.0 0.0 0.0 0.0 0.0
0.0 0.0 0.0 0.0 0.0 0.0 0.0 0.0 0.0 0.0
0.0 0.0 0.0 0.0 0.0 0.0 0.0 0.0 0.0 0.0
0.0 0.0 0.0 0.0 0.0 0.0 0.0 0.0 0.0 0.0
0.0 0.0 0.0 0.0 0.0 0.0 0.0 0.0 0.0 0.0
0.0 0.0 0.0 0.0 0.0 0.0 0.0 0.0 0.0 0.0
0.0 0.0 0.0 0.0 0.0 0.0 0.0 0.0 0.0 0.0
0.0 0.0 0.0 0.0 0.0 0.0 0.0 0.0 0.0 0.0
0.0 0.0 0.0 0.0 0.0 0.0 0.0 0.0 0.0 0.0
pointenable- 
n n n n n n n n n n
n n n y y y y n n n
n n y y y y y y n n
n y y y y y y y y n
n y y y y y y y y n
n y y y y y y y y n
n y y y y y y y y n
n n y y y y y y n n
n n n y y y y n n n
n n n n n n n n n n
#righteye
timetest-214
fneg-1
fnegtests-7
fpos-11
fpostests-13
fixationlosses-5
fixationlossestests-10
firings-215
visualfield- 
0,0 0,0 0,0 0,0 0,0 0,0 0,0 0,0 0,0 0,0
0,0 0,0 0,0 4,4 3,3 3,3 2,3 0,0 0,0 0,0
0,0 0,0 3,3 1,3 1,3 3,3 3,3 3,3 0,0 0,0
0,0 3,4 1,3 3,3 3,3 3,3 2,3 3,3 2,4 0,0
0,0 0,0 0,0 3,3 3,3 2,3 2,3 4,4 3,4 0,0
0,0 0,0 0,0 3,3 3,3 3,3 4,4 4,4 4,4 0,0
0,0 4,4 2,3 2,3 3,3 4,4 4,5 4,4 5,5 0,0
0,0 0,0 2,3 3,3 3,3 2,3 3,3 3,4 0,0 0,0
0,0 0,0 0,0 3,4 3,4 3,4 5,5 0,0 0,0 0,0
0,0 0,0 0,0 0,0 0,0 0,0 0,0 0,0 0,0 0,0
minintensity- 
1.0 1.0 1.0 1.0 1.0 1.0 1.0 1.0 1.0 1.0
1.0 1.0 1.0 0.2157240641535058 0.23052432322106509 0.23052432322106509 0.2598972586345418 1.0 1.0 1.0
1.0 1.0 0.23027259212757323 0.30942913928494653 0.24347272408669743 0.22606690937653867 0.22260006278446962 0.22498707191343517 1.0 1.0
1.0 0.24715364128737358 0.3092084614685794 0.2254513394580022 0.22411670352805987 0.22410250527348602 0.27599110546657707 0.22965402281186303 0.27374014269015084 1.0
1.0 0.21505231449450318 0.3022712547260168 0.22296890800092306 0.22267796125434128 0.2444924101946229 0.24642259348901904 0.22752974829496692 0.2550333432050607 1.0
1.0 0.23125024588533602 0.3758657018018362 0.2233290433030944 0.22202066997624037 0.22352596457669546 0.22578050019260998 0.22752974829496692 0.22752974829496692 1.0
1.0 0.21853751808207472 0.25928454475214546 0.25746761186214756 0.22380722594789537 0.21796112995450137 0.23126359113480244 0.2256861174122826 0.21631193351956432 1.0
1.0 1.0 0.25886772026043686 0.22789340871213035 0.22831379105716076 0.2530075304290776 0.22410978549251281 0.2483344479760127 1.0 1.0
1.0 1.0 1.0 0.23863783338092892 0.2363884954375915 0.2610539060465485 0.2199364314500444 1.0 1.0 1.0
1.0 1.0 1.0 1.0 1.0 1.0 1.0 1.0 1.0 1.0
deviation- 
0.0 0.0 0.0 0.0 0.0 0.0 0.0 0.0 0.0 0.0
0.0 0.0 0.0 0.0 0.0 0.0 0.0 0.0 0.0 0.0
0.0 0.0 0.0 0.0 0.0 0.0 0.0 0.0 0.0 0.0
0.0 0.0 0.0 0.0 0.0 0.0 0.0 0.0 0.0 0.0
0.0 0.0 0.0 0.0 0.0 0.0 0.0 0.0 0.0 0.0
0.0 0.0 0.0 0.0 0.0 0.0 0.0 0.0 0.0 0.0
0.0 0.0 0.0 0.0 0.0 0.0 0.0 0.0 0.0 0.0
0.0 0.0 0.0 0.0 0.0 0.0 0.0 0.0 0.0 0.0
0.0 0.0 0.0 0.0 0.0 0.0 0.0 0.0 0.0 0.0
0.0 0.0 0.0 0.0 0.0 0.0 0.0 0.0 0.0 0.0
pointenable- 
n n n n n n n n n n
n n n y y y y n n n
n n y y y y y y n n
n y y y y y y y y n
n y y y y y y y y n
n y y y y y y y y n
n y y y y y y y y n
n n y y y y y y n n
n n n y y y y n n n
n n n n n n n n n n
