#head
personName-Vinicius Breda
birthdate-01/01/1990
age-26
date-08/04/2016
stimulus-0
blindspot-1
blindspotsize-1
time-15:43:22
strategy-1
#lefteye
timetest-209
fneg-0
fnegtests-7
fpos-7
fpostests-9
fixationlosses-5
fixationlossestests-10
firings-209
visualfield- 
0,0 0,0 0,0 0,0 0,0 0,0 0,0 0,0 0,0 0,0
0,0 0,0 0,0 2,4 2,3 1,3 1,3 0,0 0,0 0,0
0,0 0,0 2,3 3,3 3,3 2,3 2,3 2,3 0,0 0,0
0,0 2,4 3,3 2,3 3,3 2,3 3,3 3,3 3,4 0,0
0,0 0,0 0,0 2,3 3,3 3,3 2,3 2,3 3,4 0,0
0,0 0,0 0,0 3,3 3,3 3,3 4,4 4,4 3,4 0,0
0,0 3,4 4,5 3,3 3,3 4,5 4,5 3,4 4,5 0,0
0,0 0,0 1,3 3,3 1,3 4,5 3,3 4,4 0,0 0,0
0,0 0,0 0,0 4,4 4,4 2,4 4,5 0,0 0,0 0,0
0,0 0,0 0,0 0,0 0,0 0,0 0,0 0,0 0,0 0,0
minintensity- 
1.0 1.0 1.0 1.0 1.0 1.0 1.0 1.0 1.0 1.0
1.0 1.0 1.0 0.2767457621968783 0.23052432322106509 0.2906356903778699 0.2896115681304812 1.0 1.0 1.0
1.0 1.0 0.23027259212757323 0.22754458169446973 0.2218612266255041 0.2777012698009944 0.24495039640462848 0.27446175741168405 1.0 1.0
1.0 0.29420036695754515 0.22738230208004637 0.2507957632988024 0.22411670352805987 0.27209368458605404 0.22540164556699369 0.22965402281186303 0.2553318359219136 1.0
1.0 0.2300784756041332 1.0 0.245911662616973 0.22267796125434128 0.222259281789748 0.24642259348901904 0.42005491266562367 0.22752974829496692 1.0
1.0 0.23125024588533602 0.3758657018018362 0.2233290433030944 0.22202066997624037 0.22352596457669546 0.22578050019260998 0.22752974829496692 0.2550333432050607 1.0
1.0 0.23696812054694744 0.347227541772586 0.22878726373967478 0.22380722594789537 0.3717059982010939 0.24684192889360265 0.25126531920736317 0.24872196932428897 1.0
1.0 1.0 0.3174857113565629 0.22789340871213035 0.3125059767357107 0.3345512290258574 0.22410978549251281 0.21627796876821143 1.0 1.0
1.0 1.0 1.0 0.2195532365117958 0.2184285675401271 0.2408588172452532 0.29780759867957124 1.0 1.0 1.0
1.0 1.0 1.0 1.0 1.0 1.0 1.0 1.0 1.0 1.0
deviation- 
0.0 0.0 0.0 0.0 0.0 0.0 0.0 0.0 0.0 0.0
0.0 0.0 0.0 0.0 0.0 0.0 0.0 0.0 0.0 0.0
0.0 0.0 0.0 0.0 0.0 0.0 0.0 0.0 0.0 0.0
0.0 0.0 0.0 0.0 0.0 0.0 0.0 0.0 0.0 0.0
0.0 0.0 0.0 0.0 0.0 0.0 0.0 0.0 0.0 0.0
0.0 0.0 0.0 0.0 0.0 0.0 0.0 0.0 0.0 0.0
0.0 0.0 0.0 0.0 0.0 0.0 0.0 0.0 0.0 0.0
0.0 0.0 0.0 0.0 0.0 0.0 0.0 0.0 0.0 0.0
0.0 0.0 0.0 0.0 0.0 0.0 0.0 0.0 0.0 0.0
0.0 0.0 0.0 0.0 0.0 0.0 0.0 0.0 0.0 0.0
pointenable- 
n n n n n n n n n n
n n n y y y y n n n
n n y y y y y y n n
n y y y y y y y y n
n y y y y y y y y n
n y y y y y y y y n
n y y y y y y y y n
n n y y y y y y n n
n n n y y y y n n n
n n n n n n n n n n
#righteye
timetest-209
fneg-0
fnegtests-7
fpos-7
fpostests-9
fixationlosses-5
fixationlossestests-10
firings-209
visualfield- 
0,0 0,0 0,0 0,0 0,0 0,0 0,0 0,0 0,0 0,0
0,0 0,0 0,0 2,4 2,3 1,3 1,3 0,0 0,0 0,0
0,0 0,0 2,3 3,3 3,3 2,3 2,3 2,3 0,0 0,0
0,0 2,4 3,3 2,3 3,3 2,3 3,3 3,3 3,4 0,0
0,0 0,0 0,0 2,3 3,3 3,3 2,3 2,3 3,4 0,0
0,0 0,0 0,0 3,3 3,3 3,3 4,4 4,4 3,4 0,0
0,0 3,4 4,5 3,3 3,3 4,5 4,5 3,4 4,5 0,0
0,0 0,0 1,3 3,3 1,3 4,5 3,3 4,4 0,0 0,0
0,0 0,0 0,0 4,4 4,4 2,4 4,5 0,0 0,0 0,0
0,0 0,0 0,0 0,0 0,0 0,0 0,0 0,0 0,0 0,0
minintensity- 
1.0 1.0 1.0 1.0 1.0 1.0 1.0 1.0 1.0 1.0
1.0 1.0 1.0 0.2767457621968783 0.23052432322106509 0.2906356903778699 0.2896115681304812 1.0 1.0 1.0
1.0 1.0 0.23027259212757323 0.22754458169446973 0.2218612266255041 0.2777012698009944 0.24495039640462848 0.27446175741168405 1.0 1.0
1.0 0.29420036695754515 0.22738230208004637 0.2507957632988024 0.22411670352805987 0.27209368458605404 0.22540164556699369 0.22965402281186303 0.2553318359219136 1.0
1.0 0.2300784756041332 1.0 0.245911662616973 0.22267796125434128 0.222259281789748 0.24642259348901904 0.42005491266562367 0.22752974829496692 1.0
1.0 0.23125024588533602 0.3758657018018362 0.2233290433030944 0.22202066997624037 0.22352596457669546 0.22578050019260998 0.22752974829496692 0.2550333432050607 1.0
1.0 0.23696812054694744 0.347227541772586 0.22878726373967478 0.22380722594789537 0.3717059982010939 0.24684192889360265 0.25126531920736317 0.24872196932428897 1.0
1.0 1.0 0.3174857113565629 0.22789340871213035 0.3125059767357107 0.3345512290258574 0.22410978549251281 0.21627796876821143 1.0 1.0
1.0 1.0 1.0 0.2195532365117958 0.2184285675401271 0.2408588172452532 0.29780759867957124 1.0 1.0 1.0
1.0 1.0 1.0 1.0 1.0 1.0 1.0 1.0 1.0 1.0
deviation- 
0.0 0.0 0.0 0.0 0.0 0.0 0.0 0.0 0.0 0.0
0.0 0.0 0.0 0.0 0.0 0.0 0.0 0.0 0.0 0.0
0.0 0.0 0.0 0.0 0.0 0.0 0.0 0.0 0.0 0.0
0.0 0.0 0.0 0.0 0.0 0.0 0.0 0.0 0.0 0.0
0.0 0.0 0.0 0.0 0.0 0.0 0.0 0.0 0.0 0.0
0.0 0.0 0.0 0.0 0.0 0.0 0.0 0.0 0.0 0.0
0.0 0.0 0.0 0.0 0.0 0.0 0.0 0.0 0.0 0.0
0.0 0.0 0.0 0.0 0.0 0.0 0.0 0.0 0.0 0.0
0.0 0.0 0.0 0.0 0.0 0.0 0.0 0.0 0.0 0.0
0.0 0.0 0.0 0.0 0.0 0.0 0.0 0.0 0.0 0.0
pointenable- 
n n n n n n n n n n
n n n y y y y n n n
n n y y y y y y n n
n y y y y y y y y n
n y y y y y y y y n
n y y y y y y y y n
n y y y y y y y y n
n n y y y y y y n n
n n n y y y y n n n
n n n n n n n n n n
