v1.0
#head
personName-Reimann
birthdate-01/01/1990
age-26
date-06/04/2016
stimulus-0
blindspot-1
blindspotsize-1
time-12:00:00
strategy-1
#righteye
timetest-206
fneg-0
fnegtests-7
fpos-2
fpostests-5
fixationlosses-0
fixationlossestests-10
firings-206
visualfield- 
0,0 0,0 0,0 0,0 0,0 0,0 0,0 0,0 0,0 0,0
0,0 0,0 0,0 2,4 2,3 2,3 2,3 0,0 0,0 0,0
0,0 0,0 2,3 2,3 2,3 2,3 2,3 2,3 0,0 0,0
0,0 2,4 3,3 2,3 2,3 3,3 2,3 3,3 2,4 0,0
0,0 2,4 2,3 2,3 2,3 2,3 2,3 0,0 0,0 0,0
0,0 2,4 2,3 2,3 2,3 3,3 3,4 0,0 0,0 0,0
0,0 3,4 2,3 2,3 2,3 3,4 3,5 3,4 4,5 0,0
0,0 0,0 2,3 2,3 2,3 2,3 3,3 2,4 0,0 0,0
0,0 0,0 0,0 3,4 3,4 4,4 4,5 0,0 0,0 0,0
0,0 0,0 0,0 0,0 0,0 0,0 0,0 0,0 0,0 0,0
minintensity- 
1.0 1.0 1.0 1.0 1.0 1.0 1.0 1.0 1.0 1.0
1.0 1.0 1.0 0.23919700027024995 0.25494440489607906 0.22118077568703345 0.2985054135097941 1.0 1.0 1.0
1.0 1.0 0.2591909337909746 0.2835343535795081 0.28479707312507857 0.27973527367348 0.2243896078839687 0.23259627038603245 1.0 1.0
1.0 0.29241615477002425 0.2594231526204154 0.2576052232033908 0.22392686342284054 0.23594139783193635 0.26256053972279986 0.27699251443011813 0.23264123288764493 1.0
1.0 0.26250863997448065 0.2448472932090144 0.24666417595278173 0.22204969420252216 0.22355519138405844 0.25156773104780045 0.22755949287397417 0.2550666830101153 1.0
1.0 0.2601647981948692 0.25118153187772024 0.24594380436660568 0.24536183795495053 0.24452437264031418 0.24645480217256807 0.22755949287397417 0.2550666830101153 1.0
1.0 0.2629763850760209 0.22750384611678254 0.25092981095431677 0.24825912423526356 0.22422230267135007 0.22552212503725666 0.22977678716205008 0.2738864663114017 1.0
1.0 1.0 0.2606204563296622 0.25515761354577476 0.24377672589213187 0.25219860603066385 0.24525624456945413 0.25003622454547225 1.0 1.0
1.0 1.0 1.0 0.2926853919022083 0.29131670955691236 0.2611905826505501 0.2902901828618634 1.0 1.0 1.0
1.0 1.0 1.0 1.0 1.0 1.0 1.0 1.0 1.0 1.0
deviation- 
0.0 0.0 0.0 0.0 0.0 0.0 0.0 0.0 0.0 0.0
0.0 0.0 0.0 0.0 0.0 0.0 0.0 0.0 0.0 0.0
0.0 0.0 0.0 0.0 0.0 0.0 0.0 0.0 0.0 0.0
0.0 0.0 0.0 0.0 0.0 0.0 0.0 0.0 0.0 0.0
0.0 0.0 0.0 0.0 0.0 0.0 0.0 0.0 0.0 0.0
0.0 0.0 0.0 0.0 0.0 0.0 0.0 0.0 0.0 0.0
0.0 0.0 0.0 0.0 0.0 0.0 0.0 0.0 0.0 0.0
0.0 0.0 0.0 0.0 0.0 0.0 0.0 0.0 0.0 0.0
0.0 0.0 0.0 0.0 0.0 0.0 0.0 0.0 0.0 0.0
0.0 0.0 0.0 0.0 0.0 0.0 0.0 0.0 0.0 0.0
pointenable- 
n n n n n n n n n n
n n n y y y y n n n
n n y y y y y y n n
n y y y y y y y y n
n y y y y y y y y n
n y y y y y y y y n
n y y y y y y y y n
n n y y y y y y n n
n n n y y y y n n n
n n n n n n n n n n
