v1.0
#head
personName-Dennis
birthdate-01/01/1990
age-26
date-12/04/2016
stimulus-0
blindspot-1
blindspotsize-1
time-12:00:00
strategy-1
#lefteye
timetest-206
fneg-2
fnegtests-7
fpos-1
fpostests-4
fixationlosses-0
fixationlossestests-10
firings-206
visualfield- 
0,0 0,0 0,0 0,0 0,0 0,0 0,0 0,0 0,0 0,0
0,0 0,0 0,0 1,4 2,3 2,3 1,5 0,0 0,0 0,0
0,0 0,0 3,3 2,3 3,3 3,3 2,3 2,3 0,0 0,0
0,0 3,4 1,3 3,3 3,3 2,3 3,3 2,3 3,4 0,0
0,0 0,0 0,0 3,3 3,3 3,3 3,3 4,4 3,4 0,0
0,0 0,0 0,0 3,3 3,3 3,3 3,4 4,4 3,4 0,0
0,0 3,4 2,3 2,3 2,3 4,4 4,5 4,4 4,5 0,0
0,0 0,0 2,3 2,3 3,3 2,3 2,3 3,4 0,0 0,0
0,0 0,0 0,0 4,4 3,4 4,5 4,5 0,0 0,0 0,0
0,0 0,0 0,0 0,0 0,0 0,0 0,0 0,0 0,0 0,0
minintensity- 
1.0 1.0 1.0 1.0 1.0 1.0 1.0 1.0 1.0 1.0
1.0 1.0 1.0 0.22006767949011477 0.23694238452202027 0.24142319266408727 0.38593051361022984 1.0 1.0 1.0
1.0 1.0 0.2591909337909746 0.25585615702857845 0.22859886201958332 0.25332343709122634 0.2721693107182347 0.23259627038603245 1.0 1.0
1.0 0.23709478275845758 0.2594231526204154 0.2576052232033908 0.2476398438524749 0.21807764041257127 0.3404938531802288 0.2258067551691347 0.23264123288764493 1.0
1.0 0.21566639449854952 0.28964228368019573 0.2233582318937528 0.22204969420252216 0.22355519138405844 0.25156773104780045 0.22755949287397417 0.2550666830101153 1.0
1.0 0.24513668178216472 0.2767461464476639 0.22299805355221936 0.22270707034639178 0.2222883376890736 0.22325355245520057 0.22755949287397417 0.2550666830101153 1.0
1.0 0.278666988233035 0.2820837723639353 0.22557184697376148 0.22423649615967167 0.24823070744036754 0.22552212503725666 0.28890258059061147 0.255468327936416 1.0
1.0 1.0 0.23056011012819067 0.25515761354577476 0.2221382449094255 0.22634917005892466 0.24525624456945413 0.25003622454547225 1.0 1.0
1.0 1.0 1.0 0.2621030574621834 0.23106447068026487 0.29131670955691236 0.5511532472175551 1.0 1.0 1.0
1.0 1.0 1.0 1.0 1.0 1.0 1.0 1.0 1.0 1.0
deviation- 
0.0 0.0 0.0 0.0 0.0 0.0 0.0 0.0 0.0 0.0
0.0 0.0 0.0 0.0 0.0 0.0 0.0 0.0 0.0 0.0
0.0 0.0 0.0 0.0 0.0 0.0 0.0 0.0 0.0 0.0
0.0 0.0 0.0 0.0 0.0 0.0 0.0 0.0 0.0 0.0
0.0 0.0 0.0 0.0 0.0 0.0 0.0 0.0 0.0 0.0
0.0 0.0 0.0 0.0 0.0 0.0 0.0 0.0 0.0 0.0
0.0 0.0 0.0 0.0 0.0 0.0 0.0 0.0 0.0 0.0
0.0 0.0 0.0 0.0 0.0 0.0 0.0 0.0 0.0 0.0
0.0 0.0 0.0 0.0 0.0 0.0 0.0 0.0 0.0 0.0
0.0 0.0 0.0 0.0 0.0 0.0 0.0 0.0 0.0 0.0
pointenable- 
n n n n n n n n n n
n n n y y y y n n n
n n y y y y y y n n
n y y y y y y y y n
n y y y y y y y y n
n y y y y y y y y n
n y y y y y y y y n
n n y y y y y y n n
n n n y y y y n n n
n n n n n n n n n n
