v1.0
#head
personName-Ricardo
birthdate-01/01/1990
age-26
date-12/04/2016
stimulus-0
blindspot-1
blindspotsize-1
time-12:00:00
strategy-1
#lefteye
timetest-212
fneg-2
fnegtests-7
fpos-1
fpostests-3
fixationlosses-9
fixationlossestests-10
firings-212
visualfield- 
0,0 0,0 0,0 0,0 0,0 0,0 0,0 0,0 0,0 0,0
0,0 0,0 0,0 2,4 1,3 3,5 1,3 0,0 0,0 0,0
0,0 0,0 2,3 2,3 3,3 2,3 3,3 3,3 0,0 0,0
0,0 3,4 1,3 3,3 3,3 3,3 3,3 3,3 3,4 0,0
0,0 0,0 0,0 3,3 3,3 3,3 3,3 4,4 3,4 0,0
0,0 0,0 0,0 3,3 3,3 3,3 4,4 4,4 4,4 0,0
0,0 3,4 3,3 3,3 3,3 4,4 5,5 4,4 5,5 0,0
0,0 0,0 2,3 3,3 3,3 3,3 3,3 4,4 0,0 0,0
0,0 0,0 0,0 3,4 2,4 4,4 3,5 0,0 0,0 0,0
0,0 0,0 0,0 0,0 0,0 0,0 0,0 0,0 0,0 0,0
minintensity- 
1.0 1.0 1.0 1.0 1.0 1.0 1.0 1.0 1.0 1.0
1.0 1.0 1.0 0.2583263210503851 0.23694238452202027 0.22118077568703345 0.23996517764269001 1.0 1.0 1.0
1.0 1.0 0.2591909337909746 0.2281779604776488 0.22859886201958332 0.22691160050897274 0.2243896078839687 0.21654801715637578 1.0 1.0
1.0 0.29241615477002425 0.22981851780681078 0.22890955309829847 0.22392686342284054 0.21807764041257127 0.2158005397210414 0.2258067551691347 0.21642755794042556 1.0
1.0 0.43999507214973504 0.6848946156593708 0.2233582318937528 0.22204969420252216 0.22355519138405844 0.22581001689281674 0.22755949287397417 0.22755949287397417 1.0
1.0 0.27519291460757367 0.5323708912823845 0.22299805355221936 0.22270707034639178 0.2222883376890736 0.22325355245520057 0.22755949287397417 0.2550666830101153 1.0
1.0 0.278666988233035 0.3093737354875116 0.22557184697376148 0.22423649615967167 0.22422230267135007 0.22552212503725666 0.22977678716205008 0.23705017465230394 1.0
1.0 1.0 0.2606204563296622 0.25515761354577476 0.2221382449094255 0.25219860603066385 0.22287799678820322 0.22526799423609567 1.0 1.0
1.0 1.0 1.0 0.2315207080860815 0.3214428065911207 0.37921259480209174 0.3200740943736708 1.0 1.0 1.0
1.0 1.0 1.0 1.0 1.0 1.0 1.0 1.0 1.0 1.0
deviation- 
0.0 0.0 0.0 0.0 0.0 0.0 0.0 0.0 0.0 0.0
0.0 0.0 0.0 0.0 0.0 0.0 0.0 0.0 0.0 0.0
0.0 0.0 0.0 0.0 0.0 0.0 0.0 0.0 0.0 0.0
0.0 0.0 0.0 0.0 0.0 0.0 0.0 0.0 0.0 0.0
0.0 0.0 0.0 0.0 0.0 0.0 0.0 0.0 0.0 0.0
0.0 0.0 0.0 0.0 0.0 0.0 0.0 0.0 0.0 0.0
0.0 0.0 0.0 0.0 0.0 0.0 0.0 0.0 0.0 0.0
0.0 0.0 0.0 0.0 0.0 0.0 0.0 0.0 0.0 0.0
0.0 0.0 0.0 0.0 0.0 0.0 0.0 0.0 0.0 0.0
0.0 0.0 0.0 0.0 0.0 0.0 0.0 0.0 0.0 0.0
pointenable- 
n n n n n n n n n n
n n n y y y y n n n
n n y y y y y y n n
n y y y y y y y y n
n y y y y y y y y n
n y y y y y y y y n
n y y y y y y y y n
n n y y y y y y n n
n n n y y y y n n n
n n n n n n n n n n
