y
y
DENNIS UFRGS1
09-10-1990
25
Direito
99.0
-1.16
1.63
Linha de Fronteira
0.0 0.0 0.0 0.0 0.0 0.0 0.0 0.0 0.0 0.0 
0.0 0.0 0.0 30.0 24.0 30.0 31.0 0.0 0.0 0.0 
0.0 0.0 31.0 29.0 26.0 30.0 31.0 32.0 0.0 0.0 
0.0 31.0 31.0 32.0 30.0 31.0 31.0 32.0 30.0 0.0 
31.0 31.0 33.0 34.0 32.0 33.0 31.0 24.0 29.0 0.0 
29.0 30.0 33.0 34.0 34.0 34.0 32.0 1.0 32.0 0.0 
0.0 24.0 30.0 33.0 32.0 33.0 33.0 33.0 34.0 0.0 
0.0 0.0 31.0 31.0 32.0 32.0 31.0 34.0 0.0 0.0 
0.0 0.0 0.0 31.0 31.0 31.0 29.0 0.0 0.0 0.0 
0.0 0.0 0.0 0.0 0.0 0.0 0.0 0.0 0.0 0.0 
0.0 0.0 0.0 0.0 0.0 0.0 0.0 0.0 0.0 0.0 
0.0 0.0 0.0 0.0 -5.0 1.0 2.0 0.0 0.0 0.0 
0.0 0.0 1.0 -3.0 -6.0 -1.0 0.0 1.0 0.0 0.0 
0.0 0.0 2.0 -1.0 -3.0 -3.0 -2.0 0.0 -1.0 0.0 
1.0 -1.0 0.0 -1.0 -2.0 -1.0 -2.0 0.0 -2.0 0.0 
0.0 -2.0 0.0 0.0 -1.0 0.0 -1.0 0.0 0.0 0.0 
0.0 7.0 -2.0 0.0 -2.0 0.0 0.0 1.0 2.0 0.0 
0.0 0.0 1.0 -2.0 -1.0 0.0 -1.0 1.0 0.0 0.0 
0.0 0.0 0.0 0.0 -1.0 -1.0 -2.0 0.0 0.0 0.0 
0.0 0.0 0.0 0.0 0.0 0.0 0.0 0.0 0.0 0.0 
0.0 0.0 0.0 0.0 0.0 0.0 0.0 0.0 0.0 0.0 
0.0 0.0 0.0 50.0 5.0 50.0 50.0 0.0 0.0 0.0 
0.0 0.0 50.0 50.0 1.0 50.0 50.0 50.0 0.0 0.0 
0.0 50.0 50.0 50.0 5.0 50.0 50.0 50.0 50.0 0.0 
50.0 50.0 50.0 50.0 50.0 50.0 50.0 0.0 50.0 0.0 
50.0 50.0 50.0 50.0 50.0 50.0 50.0 0.0 50.0 0.0 
0.0 1.0 50.0 50.0 50.0 50.0 50.0 50.0 50.0 0.0 
0.0 0.0 50.0 50.0 50.0 50.0 50.0 50.0 0.0 0.0 
0.0 0.0 0.0 50.0 50.0 50.0 50.0 0.0 0.0 0.0 
0.0 0.0 0.0 0.0 0.0 0.0 0.0 0.0 0.0 0.0 
0.0 0.0 0.0 0.0 0.0 0.0 0.0 0.0 0.0 0.0 
0.0 0.0 0.0 0.0 -6.0 0.0 1.0 0.0 0.0 0.0 
0.0 0.0 -1.0 -3.0 -6.0 -2.0 0.0 1.0 0.0 0.0 
0.0 -1.0 -2.0 -2.0 -3.0 -3.0 -2.0 0.0 -2.0 0.0 
0.0 -1.0 0.0 -1.0 -3.0 -2.0 -3.0 0.0 -3.0 0.0 
0.0 -2.0 -1.0 -1.0 -1.0 0.0 -2.0 0.0 0.0 0.0 
0.0 -7.0 -3.0 -1.0 -3.0 -1.0 -1.0 0.0 2.0 0.0 
0.0 0.0 -1.0 -2.0 -1.0 -1.0 -1.0 1.0 0.0 0.0 
0.0 0.0 0.0 0.0 -1.0 -1.0 -3.0 0.0 0.0 0.0 
0.0 0.0 0.0 0.0 0.0 0.0 0.0 0.0 0.0 0.0 
0.0 0.0 0.0 0.0 0.0 0.0 0.0 0.0 0.0 0.0 
0.0 0.0 0.0 50.0 5.0 50.0 50.0 0.0 0.0 0.0 
0.0 0.0 50.0 50.0 1.0 50.0 50.0 50.0 0.0 0.0 
0.0 50.0 50.0 50.0 5.0 50.0 50.0 50.0 50.0 0.0 
50.0 50.0 50.0 50.0 50.0 50.0 50.0 0.0 50.0 0.0 
50.0 50.0 50.0 50.0 50.0 50.0 50.0 0.0 50.0 0.0 
0.0 1.0 50.0 50.0 50.0 50.0 50.0 50.0 50.0 0.0 
0.0 0.0 50.0 50.0 50.0 50.0 50.0 50.0 0.0 0.0 
0.0 0.0 0.0 50.0 50.0 50.0 50.0 0.0 0.0 0.0 
0.0 0.0 0.0 0.0 0.0 0.0 0.0 0.0 0.0 0.0 
0%
0%
0/11
15:34
02:57
18-01-2016
