y
y
DENNIS UFRGS
09-10-1990
25
Esquerdo
98.0
-1.89
1.9
Linha de Fronteira
0.0 0.0 0.0 0.0 0.0 0.0 0.0 0.0 0.0 0.0 
0.0 0.0 0.0 30.0 29.0 28.0 28.0 0.0 0.0 0.0 
0.0 0.0 27.0 29.0 29.0 28.0 30.0 30.0 0.0 0.0 
0.0 30.0 26.0 28.0 30.0 30.0 31.0 29.0 20.0 0.0 
0.0 30.0 28.0 30.0 32.0 33.0 33.0 32.0 29.0 0.0 
0.0 29.0 3.0 32.0 33.0 34.0 33.0 33.0 30.0 0.0 
0.0 30.0 32.0 32.0 31.0 32.0 33.0 33.0 32.0 0.0 
0.0 0.0 33.0 32.0 32.0 31.0 33.0 30.0 0.0 0.0 
0.0 0.0 0.0 33.0 30.0 29.0 31.0 0.0 0.0 0.0 
0.0 0.0 0.0 0.0 0.0 0.0 0.0 0.0 0.0 0.0 
0.0 0.0 0.0 0.0 0.0 0.0 0.0 0.0 0.0 0.0 
0.0 0.0 0.0 1.0 -1.0 -2.0 -2.0 0.0 0.0 0.0 
0.0 0.0 4.0 -2.0 -2.0 -4.0 -2.0 -2.0 0.0 0.0 
0.0 1.0 5.0 -4.0 -3.0 -3.0 -2.0 -4.0 -11.0 0.0 
0.0 -2.0 0.0 -4.0 -2.0 -1.0 -2.0 -1.0 -2.0 0.0 
0.0 -3.0 0.0 -2.0 -1.0 -1.0 -1.0 0.0 -2.0 0.0 
0.0 -2.0 0.0 -1.0 -3.0 -2.0 0.0 0.0 0.0 0.0 
0.0 0.0 1.0 0.0 -1.0 -2.0 0.0 -2.0 0.0 0.0 
0.0 0.0 0.0 1.0 -2.0 -3.0 0.0 0.0 0.0 0.0 
0.0 0.0 0.0 0.0 0.0 0.0 0.0 0.0 0.0 0.0 
0.0 0.0 0.0 0.0 0.0 0.0 0.0 0.0 0.0 0.0 
0.0 0.0 0.0 50.0 50.0 50.0 50.0 0.0 0.0 0.0 
0.0 0.0 50.0 50.0 50.0 5.0 50.0 50.0 0.0 0.0 
0.0 50.0 2.0 5.0 5.0 5.0 50.0 2.0 0.5 0.0 
0.0 50.0 0.0 2.0 50.0 50.0 50.0 50.0 50.0 0.0 
0.0 50.0 0.0 50.0 50.0 50.0 50.0 50.0 50.0 0.0 
0.0 50.0 50.0 50.0 5.0 50.0 50.0 50.0 50.0 0.0 
0.0 0.0 50.0 50.0 50.0 50.0 50.0 50.0 0.0 0.0 
0.0 0.0 0.0 50.0 50.0 50.0 50.0 0.0 0.0 0.0 
0.0 0.0 0.0 0.0 0.0 0.0 0.0 0.0 0.0 0.0 
0.0 0.0 0.0 0.0 0.0 0.0 0.0 0.0 0.0 0.0 
0.0 0.0 0.0 1.0 -1.0 -2.0 -2.0 0.0 0.0 0.0 
0.0 0.0 -3.0 -2.0 -2.0 -4.0 -2.0 -1.0 0.0 0.0 
0.0 -1.0 -5.0 -4.0 -3.0 -3.0 -2.0 -4.0 -11.0 0.0 
0.0 -2.0 0.0 -4.0 -2.0 -1.0 -1.0 -1.0 -2.0 -2.0 
0.0 -3.0 0.0 -2.0 -1.0 -1.0 -1.0 0.0 -1.0 -3.0 
0.0 -2.0 0.0 -1.0 -3.0 -2.0 0.0 0.0 1.0 0.0 
0.0 0.0 1.0 0.0 -1.0 -2.0 0.0 -2.0 0.0 0.0 
0.0 0.0 0.0 1.0 -2.0 -3.0 0.0 0.0 0.0 0.0 
0.0 0.0 0.0 0.0 0.0 0.0 0.0 0.0 0.0 0.0 
0.0 0.0 0.0 0.0 0.0 0.0 0.0 0.0 0.0 0.0 
0.0 0.0 0.0 50.0 50.0 50.0 50.0 0.0 0.0 0.0 
0.0 0.0 50.0 50.0 50.0 5.0 50.0 50.0 0.0 0.0 
0.0 50.0 2.0 5.0 50.0 5.0 50.0 5.0 0.5 0.0 
0.0 50.0 0.0 5.0 50.0 50.0 50.0 50.0 50.0 0.0 
0.0 50.0 0.0 50.0 50.0 50.0 50.0 50.0 50.0 0.0 
0.0 50.0 50.0 50.0 50.0 50.0 50.0 50.0 50.0 0.0 
0.0 0.0 50.0 50.0 50.0 50.0 50.0 50.0 0.0 0.0 
0.0 0.0 0.0 50.0 50.0 50.0 50.0 0.0 0.0 0.0 
0.0 0.0 0.0 0.0 0.0 0.0 0.0 0.0 0.0 0.0 
0%
0%
1/11
16:04
02:51
18-01-2016
