y
y
DENNIS UFRGS1
09-10-1990
25
Esquerdo
98.0
-2.22
1.57
Linha de Fronteira
0.0 0.0 0.0 0.0 0.0 0.0 0.0 0.0 0.0 0.0 
0.0 0.0 0.0 26.0 30.0 28.0 27.0 0.0 0.0 0.0 
0.0 0.0 31.0 28.0 30.0 30.0 29.0 25.0 0.0 0.0 
0.0 28.0 29.0 27.0 30.0 31.0 30.0 28.0 29.0 0.0 
0.0 30.0 14.0 31.0 32.0 33.0 32.0 30.0 27.0 0.0 
0.0 33.0 28.0 32.0 33.0 32.0 33.0 30.0 30.0 0.0 
0.0 32.0 31.0 30.0 32.0 33.0 31.0 31.0 30.0 0.0 
0.0 0.0 31.0 31.0 31.0 30.0 31.0 29.0 0.0 0.0 
0.0 0.0 0.0 31.0 28.0 31.0 32.0 0.0 0.0 0.0 
0.0 0.0 0.0 0.0 0.0 0.0 0.0 0.0 0.0 0.0 
0.0 0.0 0.0 0.0 0.0 0.0 0.0 0.0 0.0 0.0 
0.0 0.0 0.0 -4.0 0.0 -2.0 -3.0 0.0 0.0 0.0 
0.0 0.0 1.0 -3.0 -2.0 -2.0 -3.0 -6.0 0.0 0.0 
0.0 3.0 3.0 -6.0 -3.0 -2.0 -3.0 -5.0 -2.0 0.0 
0.0 -2.0 0.0 -3.0 -2.0 -2.0 -2.0 -3.0 -5.0 0.0 
0.0 1.0 0.0 -2.0 -2.0 -2.0 -1.0 -3.0 -2.0 0.0 
0.0 0.0 1.0 -4.0 -2.0 -1.0 -2.0 -1.0 -1.0 0.0 
0.0 0.0 1.0 -2.0 -2.0 -3.0 -1.0 -3.0 0.0 0.0 
0.0 0.0 0.0 -1.0 -3.0 0.0 2.0 0.0 0.0 0.0 
0.0 0.0 0.0 0.0 0.0 0.0 0.0 0.0 0.0 0.0 
0.0 0.0 0.0 0.0 0.0 0.0 0.0 0.0 0.0 0.0 
0.0 0.0 0.0 50.0 50.0 50.0 50.0 0.0 0.0 0.0 
0.0 0.0 50.0 50.0 50.0 50.0 50.0 1.0 0.0 0.0 
0.0 50.0 50.0 1.0 50.0 50.0 5.0 1.0 50.0 0.0 
0.0 50.0 0.0 50.0 50.0 50.0 50.0 5.0 2.0 0.0 
0.0 50.0 0.0 50.0 50.0 50.0 50.0 5.0 50.0 0.0 
0.0 50.0 50.0 5.0 50.0 50.0 50.0 50.0 50.0 0.0 
0.0 0.0 50.0 50.0 50.0 50.0 50.0 5.0 0.0 0.0 
0.0 0.0 0.0 50.0 5.0 50.0 50.0 0.0 0.0 0.0 
0.0 0.0 0.0 0.0 0.0 0.0 0.0 0.0 0.0 0.0 
0.0 0.0 0.0 0.0 0.0 0.0 0.0 0.0 0.0 0.0 
0.0 0.0 0.0 -3.0 1.0 -1.0 -2.0 0.0 0.0 0.0 
0.0 0.0 1.0 -2.0 -2.0 -1.0 -3.0 -6.0 0.0 0.0 
0.0 -3.0 -3.0 -6.0 -3.0 -2.0 -3.0 -5.0 -2.0 0.0 
0.0 -1.0 0.0 -2.0 -1.0 -1.0 -2.0 -3.0 -5.0 -6.0 
0.0 1.0 0.0 -2.0 -1.0 -2.0 -1.0 -3.0 -1.0 0.0 
0.0 0.0 -1.0 -3.0 -2.0 -1.0 -2.0 -1.0 -1.0 0.0 
0.0 0.0 -1.0 -1.0 -2.0 -2.0 -1.0 -3.0 0.0 0.0 
0.0 0.0 0.0 -1.0 -3.0 0.0 2.0 0.0 0.0 0.0 
0.0 0.0 0.0 0.0 0.0 0.0 0.0 0.0 0.0 0.0 
0.0 0.0 0.0 0.0 0.0 0.0 0.0 0.0 0.0 0.0 
0.0 0.0 0.0 50.0 50.0 50.0 50.0 0.0 0.0 0.0 
0.0 0.0 50.0 50.0 50.0 50.0 50.0 1.0 0.0 0.0 
0.0 50.0 50.0 1.0 50.0 50.0 5.0 1.0 50.0 0.0 
0.0 50.0 0.0 50.0 50.0 50.0 50.0 50.0 2.0 0.0 
0.0 50.0 0.0 50.0 50.0 50.0 50.0 50.0 50.0 0.0 
0.0 50.0 50.0 5.0 50.0 50.0 50.0 50.0 50.0 0.0 
0.0 0.0 50.0 50.0 50.0 50.0 50.0 50.0 0.0 0.0 
0.0 0.0 0.0 50.0 50.0 50.0 50.0 0.0 0.0 0.0 
0.0 0.0 0.0 0.0 0.0 0.0 0.0 0.0 0.0 0.0 
0%
0%
0/11
15:39
02:49
18-01-2016
