y
y
FERNANDA UFRGS
22-09-1988
27
Esquerdo
97.0
-3.47
1.81
Linha de Fronteira
0.0 0.0 0.0 0.0 0.0 0.0 0.0 0.0 0.0 0.0 
0.0 0.0 0.0 23.0 28.0 24.0 28.0 0.0 0.0 0.0 
0.0 0.0 28.0 26.0 28.0 26.0 26.0 26.0 0.0 0.0 
0.0 30.0 29.0 29.0 30.0 27.0 27.0 26.0 29.0 0.0 
0.0 34.0 25.0 29.0 30.0 30.0 30.0 29.0 29.0 0.0 
0.0 29.0 0.0 30.0 31.0 31.0 30.0 31.0 30.0 0.0 
0.0 31.0 30.0 30.0 28.0 31.0 30.0 30.0 29.0 0.0 
0.0 0.0 31.0 30.0 25.0 30.0 30.0 29.0 0.0 0.0 
0.0 0.0 0.0 28.0 30.0 29.0 27.0 0.0 0.0 0.0 
0.0 0.0 0.0 0.0 0.0 0.0 0.0 0.0 0.0 0.0 
0.0 0.0 0.0 0.0 0.0 0.0 0.0 0.0 0.0 0.0 
0.0 0.0 0.0 -6.0 -1.0 -6.0 -1.0 0.0 0.0 0.0 
0.0 0.0 3.0 -5.0 -3.0 -5.0 -5.0 -5.0 0.0 0.0 
0.0 1.0 3.0 -4.0 -3.0 -6.0 -6.0 -6.0 -2.0 0.0 
0.0 2.0 0.0 -5.0 -4.0 -4.0 -4.0 -4.0 -3.0 0.0 
0.0 -3.0 0.0 -4.0 -3.0 -3.0 -5.0 -3.0 -2.0 0.0 
0.0 1.0 2.0 -4.0 -5.0 -3.0 -3.0 -2.0 -2.0 0.0 
0.0 0.0 1.0 -3.0 -8.0 -3.0 -2.0 -2.0 0.0 0.0 
0.0 0.0 0.0 -3.0 -1.0 -2.0 -4.0 0.0 0.0 0.0 
0.0 0.0 0.0 0.0 0.0 0.0 0.0 0.0 0.0 0.0 
0.0 0.0 0.0 0.0 0.0 0.0 0.0 0.0 0.0 0.0 
0.0 0.0 0.0 5.0 50.0 2.0 50.0 0.0 0.0 0.0 
0.0 0.0 50.0 5.0 50.0 2.0 1.0 2.0 0.0 0.0 
0.0 50.0 50.0 5.0 5.0 0.5 0.5 0.5 50.0 0.0 
0.0 50.0 0.0 2.0 2.0 2.0 1.0 2.0 50.0 0.0 
0.0 5.0 0.0 5.0 5.0 5.0 1.0 5.0 50.0 0.0 
0.0 50.0 50.0 5.0 1.0 5.0 5.0 50.0 50.0 0.0 
0.0 0.0 50.0 5.0 1.0 5.0 50.0 50.0 0.0 0.0 
0.0 0.0 0.0 5.0 50.0 50.0 5.0 0.0 0.0 0.0 
0.0 0.0 0.0 0.0 0.0 0.0 0.0 0.0 0.0 0.0 
0.0 0.0 0.0 0.0 0.0 0.0 0.0 0.0 0.0 0.0 
0.0 0.0 0.0 -5.0 0.0 -4.0 0.0 0.0 0.0 0.0 
0.0 0.0 -1.0 -4.0 -2.0 -4.0 -4.0 -4.0 0.0 0.0 
0.0 0.0 -1.0 -2.0 -2.0 -5.0 -5.0 -5.0 0.0 0.0 
0.0 4.0 0.0 -3.0 -3.0 -2.0 -3.0 -2.0 -1.0 0.0 
0.0 -2.0 0.0 -2.0 -2.0 -2.0 -3.0 -1.0 -1.0 -3.0 
0.0 0.0 -1.0 -2.0 -4.0 -2.0 -2.0 -1.0 -1.0 0.0 
0.0 0.0 0.0 -1.0 -6.0 -1.0 -1.0 -1.0 0.0 0.0 
0.0 0.0 0.0 -2.0 0.0 -1.0 -3.0 0.0 0.0 0.0 
0.0 0.0 0.0 0.0 0.0 0.0 0.0 0.0 0.0 0.0 
0.0 0.0 0.0 0.0 0.0 0.0 0.0 0.0 0.0 0.0 
0.0 0.0 0.0 50.0 50.0 5.0 50.0 0.0 0.0 0.0 
0.0 0.0 50.0 50.0 50.0 5.0 5.0 5.0 0.0 0.0 
0.0 50.0 50.0 50.0 50.0 1.0 1.0 1.0 50.0 0.0 
0.0 50.0 0.0 50.0 50.0 50.0 50.0 50.0 50.0 0.0 
0.0 50.0 0.0 50.0 50.0 50.0 5.0 50.0 50.0 0.0 
0.0 50.0 50.0 50.0 2.0 50.0 50.0 50.0 50.0 0.0 
0.0 0.0 50.0 50.0 1.0 50.0 50.0 50.0 0.0 0.0 
0.0 0.0 0.0 50.0 50.0 50.0 50.0 0.0 0.0 0.0 
0.0 0.0 0.0 0.0 0.0 0.0 0.0 0.0 0.0 0.0 
2%
3%
2/11
17:25
02:53
16-03-2016
