y
y
GUILHERME J
12-03-1993
23
Esquerdo
100.0
-0.38
1.25
Dentro dos limites normais
0.0 0.0 0.0 0.0 0.0 0.0 0.0 0.0 0.0 0.0 
0.0 0.0 0.0 29.0 27.0 27.0 29.0 0.0 0.0 0.0 
0.0 0.0 35.0 31.0 32.0 31.0 30.0 29.0 0.0 0.0 
0.0 29.0 32.0 32.0 33.0 33.0 33.0 33.0 32.0 0.0 
0.0 35.0 32.0 32.0 35.0 35.0 33.0 33.0 30.0 0.0 
0.0 32.0 3.0 33.0 35.0 35.0 35.0 33.0 31.0 0.0 
0.0 30.0 32.0 35.0 34.0 32.0 34.0 33.0 29.0 0.0 
0.0 0.0 34.0 33.0 34.0 32.0 31.0 33.0 0.0 0.0 
0.0 0.0 0.0 30.0 30.0 31.0 31.0 0.0 0.0 0.0 
0.0 0.0 0.0 0.0 0.0 0.0 0.0 0.0 0.0 0.0 
0.0 0.0 0.0 0.0 0.0 0.0 0.0 0.0 0.0 0.0 
0.0 0.0 0.0 0.0 -2.0 -3.0 -1.0 0.0 0.0 0.0 
0.0 0.0 4.0 0.0 0.0 0.0 -2.0 -3.0 0.0 0.0 
0.0 -3.0 0.0 -1.0 0.0 0.0 0.0 0.0 0.0 0.0 
0.0 3.0 0.0 -2.0 0.0 0.0 -1.0 0.0 -2.0 0.0 
0.0 0.0 0.0 -1.0 1.0 0.0 1.0 -1.0 -1.0 0.0 
0.0 2.0 -1.0 1.0 0.0 -2.0 0.0 0.0 -2.0 0.0 
0.0 0.0 1.0 0.0 1.0 -1.0 -2.0 1.0 0.0 0.0 
0.0 0.0 0.0 -2.0 -2.0 -1.0 0.0 0.0 0.0 0.0 
0.0 0.0 0.0 0.0 0.0 0.0 0.0 0.0 0.0 0.0 
0.0 0.0 0.0 0.0 0.0 0.0 0.0 0.0 0.0 0.0 
0.0 0.0 0.0 50.0 50.0 50.0 50.0 0.0 0.0 0.0 
0.0 0.0 50.0 50.0 50.0 50.0 50.0 50.0 0.0 0.0 
0.0 50.0 50.0 50.0 50.0 50.0 50.0 50.0 50.0 0.0 
0.0 50.0 0.0 50.0 50.0 50.0 50.0 50.0 50.0 0.0 
0.0 50.0 0.0 50.0 50.0 50.0 50.0 50.0 50.0 0.0 
0.0 50.0 50.0 50.0 50.0 50.0 50.0 50.0 50.0 0.0 
0.0 0.0 50.0 50.0 50.0 50.0 50.0 50.0 0.0 0.0 
0.0 0.0 0.0 50.0 50.0 50.0 50.0 0.0 0.0 0.0 
0.0 0.0 0.0 0.0 0.0 0.0 0.0 0.0 0.0 0.0 
0.0 0.0 0.0 0.0 0.0 0.0 0.0 0.0 0.0 0.0 
0.0 0.0 0.0 -1.0 -3.0 -4.0 -2.0 0.0 0.0 0.0 
0.0 0.0 3.0 0.0 0.0 -1.0 -2.0 -4.0 0.0 0.0 
0.0 -4.0 0.0 -1.0 -1.0 -1.0 -1.0 -1.0 0.0 0.0 
0.0 2.0 0.0 -3.0 0.0 -1.0 -2.0 -1.0 -2.0 0.0 
0.0 -1.0 0.0 -2.0 0.0 -1.0 0.0 -1.0 -1.0 -1.0 
0.0 -2.0 -1.0 0.0 0.0 -2.0 -1.0 -1.0 -3.0 0.0 
0.0 0.0 1.0 -1.0 0.0 -1.0 -2.0 0.0 0.0 0.0 
0.0 0.0 0.0 -2.0 -2.0 -1.0 -1.0 0.0 0.0 0.0 
0.0 0.0 0.0 0.0 0.0 0.0 0.0 0.0 0.0 0.0 
0.0 0.0 0.0 0.0 0.0 0.0 0.0 0.0 0.0 0.0 
0.0 0.0 0.0 50.0 50.0 50.0 50.0 0.0 0.0 0.0 
0.0 0.0 50.0 50.0 50.0 50.0 50.0 50.0 0.0 0.0 
0.0 50.0 50.0 50.0 50.0 50.0 50.0 50.0 50.0 0.0 
0.0 50.0 0.0 50.0 50.0 50.0 50.0 50.0 50.0 0.0 
0.0 50.0 0.0 50.0 50.0 50.0 50.0 50.0 50.0 0.0 
0.0 50.0 50.0 50.0 50.0 50.0 50.0 50.0 50.0 0.0 
0.0 0.0 50.0 50.0 50.0 50.0 50.0 50.0 0.0 0.0 
0.0 0.0 0.0 50.0 50.0 50.0 50.0 0.0 0.0 0.0 
0.0 0.0 0.0 0.0 0.0 0.0 0.0 0.0 0.0 0.0 
0%
4%
0/11
17:32
02:47
21-03-2016
