y
y
GUILHERME J
12-03-1993
23
Direito
100.0
0.65
1.17
Dentro dos limites normais
0.0 0.0 0.0 0.0 0.0 0.0 0.0 0.0 0.0 0.0 
0.0 0.0 0.0 35.0 30.0 29.0 30.0 0.0 0.0 0.0 
0.0 0.0 32.0 32.0 33.0 34.0 33.0 33.0 0.0 0.0 
0.0 32.0 31.0 33.0 35.0 35.0 35.0 32.0 33.0 0.0 
31.0 32.0 34.0 35.0 36.0 37.0 36.0 26.0 33.0 0.0 
30.0 33.0 34.0 33.0 35.0 35.0 35.0 3.0 32.0 0.0 
0.0 34.0 33.0 35.0 35.0 35.0 35.0 32.0 30.0 0.0 
0.0 0.0 33.0 33.0 32.0 34.0 33.0 34.0 0.0 0.0 
0.0 0.0 0.0 32.0 30.0 32.0 30.0 0.0 0.0 0.0 
0.0 0.0 0.0 0.0 0.0 0.0 0.0 0.0 0.0 0.0 
0.0 0.0 0.0 0.0 0.0 0.0 0.0 0.0 0.0 0.0 
0.0 0.0 0.0 5.0 0.0 0.0 1.0 0.0 0.0 0.0 
0.0 0.0 0.0 1.0 1.0 2.0 2.0 2.0 0.0 0.0 
0.0 0.0 -2.0 0.0 1.0 1.0 3.0 0.0 2.0 0.0 
2.0 0.0 0.0 0.0 2.0 2.0 2.0 0.0 1.0 0.0 
0.0 1.0 0.0 -1.0 0.0 0.0 1.0 0.0 0.0 0.0 
0.0 2.0 1.0 1.0 1.0 1.0 1.0 -1.0 -2.0 0.0 
0.0 0.0 1.0 0.0 -1.0 1.0 0.0 1.0 0.0 0.0 
0.0 0.0 0.0 1.0 -2.0 1.0 -1.0 0.0 0.0 0.0 
0.0 0.0 0.0 0.0 0.0 0.0 0.0 0.0 0.0 0.0 
0.0 0.0 0.0 0.0 0.0 0.0 0.0 0.0 0.0 0.0 
0.0 0.0 0.0 50.0 50.0 50.0 50.0 0.0 0.0 0.0 
0.0 0.0 50.0 50.0 50.0 50.0 50.0 50.0 0.0 0.0 
0.0 50.0 50.0 50.0 50.0 50.0 50.0 50.0 50.0 0.0 
50.0 50.0 50.0 50.0 50.0 50.0 50.0 0.0 50.0 0.0 
50.0 50.0 50.0 50.0 50.0 50.0 50.0 0.0 50.0 0.0 
0.0 50.0 50.0 50.0 50.0 50.0 50.0 50.0 50.0 0.0 
0.0 0.0 50.0 50.0 50.0 50.0 50.0 50.0 0.0 0.0 
0.0 0.0 0.0 50.0 50.0 50.0 50.0 0.0 0.0 0.0 
0.0 0.0 0.0 0.0 0.0 0.0 0.0 0.0 0.0 0.0 
0.0 0.0 0.0 0.0 0.0 0.0 0.0 0.0 0.0 0.0 
0.0 0.0 0.0 3.0 -2.0 -2.0 -1.0 0.0 0.0 0.0 
0.0 0.0 -2.0 -1.0 -1.0 0.0 0.0 1.0 0.0 0.0 
0.0 -2.0 -4.0 -2.0 -1.0 -1.0 1.0 -2.0 0.0 0.0 
0.0 -2.0 -2.0 -2.0 0.0 0.0 0.0 0.0 -1.0 0.0 
0.0 -1.0 -1.0 -3.0 -2.0 -2.0 0.0 0.0 -2.0 0.0 
0.0 0.0 -1.0 -1.0 -1.0 -1.0 -1.0 -3.0 -4.0 0.0 
0.0 0.0 -1.0 -1.0 -3.0 -1.0 -2.0 -1.0 0.0 0.0 
0.0 0.0 0.0 -1.0 -4.0 -1.0 -3.0 0.0 0.0 0.0 
0.0 0.0 0.0 0.0 0.0 0.0 0.0 0.0 0.0 0.0 
0.0 0.0 0.0 0.0 0.0 0.0 0.0 0.0 0.0 0.0 
0.0 0.0 0.0 50.0 50.0 50.0 50.0 0.0 0.0 0.0 
0.0 0.0 50.0 50.0 50.0 50.0 50.0 50.0 0.0 0.0 
0.0 50.0 5.0 50.0 50.0 50.0 50.0 50.0 50.0 0.0 
50.0 50.0 50.0 50.0 50.0 50.0 50.0 0.0 50.0 0.0 
50.0 50.0 50.0 50.0 50.0 50.0 50.0 0.0 50.0 0.0 
0.0 50.0 50.0 50.0 50.0 50.0 50.0 50.0 50.0 0.0 
0.0 0.0 50.0 50.0 50.0 50.0 50.0 50.0 0.0 0.0 
0.0 0.0 0.0 50.0 5.0 50.0 50.0 0.0 0.0 0.0 
0.0 0.0 0.0 0.0 0.0 0.0 0.0 0.0 0.0 0.0 
0%
5%
0/11
17:28
02:40
21-03-2016
