y
y
HENRIQUE UFRGS
20-01-1990
25
Direito
99.0
-0.24
1.42
Dentro dos limites normais
0.0 0.0 0.0 0.0 0.0 0.0 0.0 0.0 0.0 0.0 
0.0 0.0 0.0 32.0 31.0 31.0 33.0 0.0 0.0 0.0 
0.0 0.0 32.0 32.0 32.0 31.0 30.0 30.0 0.0 0.0 
0.0 32.0 31.0 33.0 34.0 32.0 30.0 31.0 31.0 0.0 
28.0 31.0 33.0 34.0 33.0 34.0 33.0 34.0 29.0 0.0 
28.0 32.0 34.0 34.0 33.0 34.0 34.0 0.0 27.0 0.0 
0.0 33.0 34.0 34.0 35.0 34.0 31.0 32.0 32.0 0.0 
0.0 0.0 34.0 33.0 34.0 33.0 32.0 33.0 0.0 0.0 
0.0 0.0 0.0 33.0 31.0 29.0 29.0 0.0 0.0 0.0 
0.0 0.0 0.0 0.0 0.0 0.0 0.0 0.0 0.0 0.0 
0.0 0.0 0.0 0.0 0.0 0.0 0.0 0.0 0.0 0.0 
0.0 0.0 0.0 2.0 2.0 2.0 4.0 0.0 0.0 0.0 
0.0 0.0 0.0 0.0 1.0 0.0 -1.0 -1.0 0.0 0.0 
0.0 0.0 -2.0 0.0 0.0 -1.0 -3.0 -1.0 0.0 0.0 
-2.0 0.0 0.0 0.0 -1.0 0.0 -1.0 0.0 -3.0 0.0 
-2.0 0.0 1.0 -1.0 -1.0 0.0 0.0 0.0 -5.0 0.0 
0.0 1.0 1.0 0.0 1.0 0.0 -2.0 -1.0 0.0 0.0 
0.0 0.0 2.0 1.0 1.0 0.0 0.0 1.0 0.0 0.0 
0.0 0.0 0.0 2.0 0.0 -3.0 -2.0 0.0 0.0 0.0 
0.0 0.0 0.0 0.0 0.0 0.0 0.0 0.0 0.0 0.0 
0.0 0.0 0.0 0.0 0.0 0.0 0.0 0.0 0.0 0.0 
0.0 0.0 0.0 50.0 50.0 50.0 50.0 0.0 0.0 0.0 
0.0 0.0 50.0 50.0 50.0 50.0 50.0 50.0 0.0 0.0 
0.0 50.0 50.0 50.0 50.0 50.0 50.0 50.0 50.0 0.0 
50.0 50.0 50.0 50.0 50.0 50.0 50.0 0.0 50.0 0.0 
50.0 50.0 50.0 50.0 50.0 50.0 50.0 0.0 2.0 0.0 
0.0 50.0 50.0 50.0 50.0 50.0 50.0 50.0 50.0 0.0 
0.0 0.0 50.0 50.0 50.0 50.0 50.0 50.0 0.0 0.0 
0.0 0.0 0.0 50.0 50.0 50.0 50.0 0.0 0.0 0.0 
0.0 0.0 0.0 0.0 0.0 0.0 0.0 0.0 0.0 0.0 
0.0 0.0 0.0 0.0 0.0 0.0 0.0 0.0 0.0 0.0 
0.0 0.0 0.0 0.0 0.0 0.0 2.0 0.0 0.0 0.0 
0.0 0.0 -1.0 -2.0 -1.0 -2.0 -2.0 -2.0 0.0 0.0 
0.0 -1.0 -3.0 -2.0 -1.0 -2.0 -4.0 -3.0 -1.0 0.0 
0.0 -2.0 -1.0 -2.0 -3.0 -2.0 -2.0 0.0 -4.0 0.0 
0.0 -1.0 -1.0 -2.0 -3.0 -1.0 -2.0 0.0 -6.0 0.0 
0.0 0.0 0.0 -1.0 -1.0 -2.0 -3.0 -2.0 -1.0 0.0 
0.0 0.0 1.0 -1.0 0.0 -2.0 -2.0 -1.0 0.0 0.0 
0.0 0.0 0.0 1.0 -2.0 -4.0 -4.0 0.0 0.0 0.0 
0.0 0.0 0.0 0.0 0.0 0.0 0.0 0.0 0.0 0.0 
0.0 0.0 0.0 0.0 0.0 0.0 0.0 0.0 0.0 0.0 
0.0 0.0 0.0 50.0 50.0 50.0 50.0 0.0 0.0 0.0 
0.0 0.0 50.0 50.0 50.0 50.0 50.0 50.0 0.0 0.0 
0.0 50.0 50.0 50.0 50.0 50.0 5.0 50.0 50.0 0.0 
50.0 50.0 50.0 50.0 50.0 50.0 50.0 0.0 5.0 0.0 
50.0 50.0 50.0 50.0 50.0 50.0 50.0 0.0 1.0 0.0 
0.0 50.0 50.0 50.0 50.0 50.0 5.0 50.0 50.0 0.0 
0.0 0.0 50.0 50.0 50.0 50.0 50.0 50.0 0.0 0.0 
0.0 0.0 0.0 50.0 50.0 5.0 5.0 0.0 0.0 0.0 
0.0 0.0 0.0 0.0 0.0 0.0 0.0 0.0 0.0 0.0 
0%
0%
0/11
07:34
02:21
15-12-2015
