y
y
HENRIQUE UFRGS
20-01-1990
25
Esquerdo
99.0
-0.69
1.47
Dentro dos limites normais
0.0 0.0 0.0 0.0 0.0 0.0 0.0 0.0 0.0 0.0 
0.0 0.0 0.0 34.0 31.0 32.0 30.0 0.0 0.0 0.0 
0.0 0.0 32.0 30.0 31.0 30.0 31.0 33.0 0.0 0.0 
0.0 36.0 31.0 32.0 33.0 33.0 32.0 30.0 30.0 0.0 
0.0 32.0 30.0 32.0 34.0 35.0 34.0 32.0 28.0 0.0 
0.0 31.0 0.0 32.0 33.0 34.0 34.0 33.0 30.0 0.0 
0.0 31.0 30.0 31.0 33.0 33.0 32.0 32.0 32.0 0.0 
0.0 0.0 32.0 32.0 32.0 30.0 31.0 32.0 0.0 0.0 
0.0 0.0 0.0 33.0 32.0 31.0 31.0 0.0 0.0 0.0 
0.0 0.0 0.0 0.0 0.0 0.0 0.0 0.0 0.0 0.0 
0.0 0.0 0.0 0.0 0.0 0.0 0.0 0.0 0.0 0.0 
0.0 0.0 0.0 5.0 2.0 2.0 0.0 0.0 0.0 0.0 
0.0 0.0 1.0 -1.0 0.0 -2.0 -1.0 2.0 0.0 0.0 
0.0 4.0 1.0 -1.0 0.0 -1.0 -1.0 -3.0 -1.0 0.0 
0.0 0.0 0.0 -2.0 0.0 0.0 0.0 -1.0 -4.0 0.0 
0.0 -1.0 0.0 -2.0 -2.0 0.0 0.0 -1.0 -2.0 0.0 
0.0 1.0 3.0 -2.0 -1.0 -1.0 -2.0 -1.0 0.0 0.0 
0.0 0.0 0.0 0.0 0.0 -2.0 -1.0 0.0 0.0 0.0 
0.0 0.0 0.0 1.0 1.0 0.0 0.0 0.0 0.0 0.0 
0.0 0.0 0.0 0.0 0.0 0.0 0.0 0.0 0.0 0.0 
0.0 0.0 0.0 0.0 0.0 0.0 0.0 0.0 0.0 0.0 
0.0 0.0 0.0 50.0 50.0 50.0 50.0 0.0 0.0 0.0 
0.0 0.0 50.0 50.0 50.0 50.0 50.0 50.0 0.0 0.0 
0.0 50.0 50.0 50.0 50.0 50.0 50.0 5.0 50.0 0.0 
0.0 50.0 0.0 50.0 50.0 50.0 50.0 50.0 5.0 0.0 
0.0 50.0 0.0 50.0 50.0 50.0 50.0 50.0 50.0 0.0 
0.0 50.0 5.0 50.0 50.0 50.0 50.0 50.0 50.0 0.0 
0.0 0.0 50.0 50.0 50.0 50.0 50.0 50.0 0.0 0.0 
0.0 0.0 0.0 50.0 50.0 50.0 50.0 0.0 0.0 0.0 
0.0 0.0 0.0 0.0 0.0 0.0 0.0 0.0 0.0 0.0 
0.0 0.0 0.0 0.0 0.0 0.0 0.0 0.0 0.0 0.0 
0.0 0.0 0.0 4.0 1.0 1.0 -1.0 0.0 0.0 0.0 
0.0 0.0 0.0 -1.0 -1.0 -3.0 -2.0 1.0 0.0 0.0 
0.0 3.0 -2.0 -2.0 -1.0 -1.0 -2.0 -4.0 -2.0 0.0 
0.0 -1.0 0.0 -3.0 -1.0 -1.0 -1.0 -2.0 -5.0 -5.0 
0.0 -2.0 0.0 -3.0 -3.0 -1.0 -1.0 -1.0 -3.0 -1.0 
0.0 -2.0 -4.0 -3.0 -2.0 -2.0 -3.0 -2.0 -1.0 0.0 
0.0 0.0 -1.0 -1.0 -1.0 -3.0 -2.0 -1.0 0.0 0.0 
0.0 0.0 0.0 0.0 0.0 -1.0 -1.0 0.0 0.0 0.0 
0.0 0.0 0.0 0.0 0.0 0.0 0.0 0.0 0.0 0.0 
0.0 0.0 0.0 0.0 0.0 0.0 0.0 0.0 0.0 0.0 
0.0 0.0 0.0 50.0 50.0 50.0 50.0 0.0 0.0 0.0 
0.0 0.0 50.0 50.0 50.0 50.0 50.0 50.0 0.0 0.0 
0.0 50.0 50.0 50.0 50.0 50.0 50.0 5.0 50.0 0.0 
0.0 50.0 0.0 50.0 50.0 50.0 50.0 50.0 5.0 0.0 
0.0 50.0 0.0 50.0 50.0 50.0 50.0 50.0 50.0 0.0 
0.0 50.0 5.0 50.0 50.0 50.0 50.0 50.0 50.0 0.0 
0.0 0.0 50.0 50.0 50.0 50.0 50.0 50.0 0.0 0.0 
0.0 0.0 0.0 50.0 50.0 50.0 50.0 0.0 0.0 0.0 
0.0 0.0 0.0 0.0 0.0 0.0 0.0 0.0 0.0 0.0 
0%
0%
0/10
07:38
02:34
15-12-2015
