y
y
JERONIMO UFRGS
18-09-1987
28
Esquerdo
99.0
0.61
1.27
Dentro dos limites normais
0.0 0.0 0.0 0.0 0.0 0.0 0.0 0.0 0.0 0.0 
0.0 0.0 0.0 34.0 29.0 30.0 30.0 0.0 0.0 0.0 
0.0 0.0 33.0 31.0 32.0 32.0 29.0 34.0 0.0 0.0 
0.0 31.0 34.0 33.0 34.0 33.0 35.0 32.0 33.0 0.0 
0.0 34.0 30.0 33.0 35.0 33.0 33.0 34.0 32.0 0.0 
0.0 33.0 1.0 35.0 36.0 33.0 35.0 34.0 32.0 0.0 
0.0 31.0 33.0 33.0 34.0 33.0 34.0 33.0 30.0 0.0 
0.0 0.0 34.0 33.0 34.0 34.0 33.0 34.0 0.0 0.0 
0.0 0.0 0.0 31.0 31.0 33.0 33.0 0.0 0.0 0.0 
0.0 0.0 0.0 0.0 0.0 0.0 0.0 0.0 0.0 0.0 
0.0 0.0 0.0 0.0 0.0 0.0 0.0 0.0 0.0 0.0 
0.0 0.0 0.0 5.0 0.0 0.0 1.0 0.0 0.0 0.0 
0.0 0.0 2.0 0.0 1.0 0.0 -2.0 3.0 0.0 0.0 
0.0 0.0 2.0 1.0 1.0 0.0 2.0 0.0 2.0 0.0 
0.0 3.0 0.0 -1.0 1.0 -1.0 -1.0 1.0 0.0 0.0 
0.0 2.0 0.0 1.0 2.0 -1.0 1.0 1.0 0.0 0.0 
0.0 0.0 1.0 0.0 1.0 -1.0 0.0 1.0 -1.0 0.0 
0.0 0.0 3.0 1.0 1.0 1.0 1.0 2.0 0.0 0.0 
0.0 0.0 0.0 0.0 -1.0 2.0 3.0 0.0 0.0 0.0 
0.0 0.0 0.0 0.0 0.0 0.0 0.0 0.0 0.0 0.0 
0.0 0.0 0.0 0.0 0.0 0.0 0.0 0.0 0.0 0.0 
0.0 0.0 0.0 50.0 50.0 50.0 50.0 0.0 0.0 0.0 
0.0 0.0 50.0 50.0 50.0 50.0 50.0 50.0 0.0 0.0 
0.0 50.0 50.0 50.0 50.0 50.0 50.0 50.0 50.0 0.0 
0.0 50.0 0.0 50.0 50.0 50.0 50.0 50.0 50.0 0.0 
0.0 50.0 0.0 50.0 50.0 50.0 50.0 50.0 50.0 0.0 
0.0 50.0 50.0 50.0 50.0 50.0 50.0 50.0 50.0 0.0 
0.0 0.0 50.0 50.0 50.0 50.0 50.0 50.0 0.0 0.0 
0.0 0.0 0.0 50.0 50.0 50.0 50.0 0.0 0.0 0.0 
0.0 0.0 0.0 0.0 0.0 0.0 0.0 0.0 0.0 0.0 
0.0 0.0 0.0 0.0 0.0 0.0 0.0 0.0 0.0 0.0 
0.0 0.0 0.0 3.0 -2.0 -2.0 -1.0 0.0 0.0 0.0 
0.0 0.0 0.0 -2.0 -1.0 -2.0 -5.0 1.0 0.0 0.0 
0.0 -2.0 0.0 -1.0 -1.0 -2.0 -1.0 -2.0 0.0 0.0 
0.0 0.0 0.0 -3.0 -1.0 -3.0 -3.0 -2.0 -2.0 -3.0 
0.0 0.0 0.0 -1.0 -1.0 -3.0 -1.0 -1.0 -2.0 -5.0 
0.0 -3.0 -1.0 -2.0 -1.0 -3.0 -2.0 -1.0 -3.0 0.0 
0.0 0.0 0.0 -1.0 -1.0 -1.0 -1.0 0.0 0.0 0.0 
0.0 0.0 0.0 -2.0 -3.0 0.0 1.0 0.0 0.0 0.0 
0.0 0.0 0.0 0.0 0.0 0.0 0.0 0.0 0.0 0.0 
0.0 0.0 0.0 0.0 0.0 0.0 0.0 0.0 0.0 0.0 
0.0 0.0 0.0 50.0 50.0 50.0 50.0 0.0 0.0 0.0 
0.0 0.0 50.0 50.0 50.0 50.0 2.0 50.0 0.0 0.0 
0.0 50.0 50.0 50.0 50.0 50.0 50.0 50.0 50.0 0.0 
0.0 50.0 0.0 50.0 50.0 5.0 50.0 50.0 50.0 0.0 
0.0 50.0 0.0 50.0 50.0 5.0 50.0 50.0 50.0 0.0 
0.0 50.0 50.0 50.0 50.0 50.0 50.0 50.0 50.0 0.0 
0.0 0.0 50.0 50.0 50.0 50.0 50.0 50.0 0.0 0.0 
0.0 0.0 0.0 50.0 50.0 50.0 50.0 0.0 0.0 0.0 
0.0 0.0 0.0 0.0 0.0 0.0 0.0 0.0 0.0 0.0 
0%
5%
1/10
16:21
02:30
02-03-2016
