y
y
JERONIMO UFRGS
18-09-1987
28
Esquerdo
99.0
0.39
1.13
Linha de Fronteira
0.0 0.0 0.0 0.0 0.0 0.0 0.0 0.0 0.0 0.0 
0.0 0.0 0.0 32.0 32.0 31.0 31.0 0.0 0.0 0.0 
0.0 0.0 33.0 33.0 32.0 32.0 31.0 31.0 0.0 0.0 
0.0 32.0 31.0 32.0 32.0 33.0 31.0 32.0 32.0 0.0 
0.0 34.0 30.0 34.0 33.0 34.0 34.0 34.0 32.0 0.0 
0.0 34.0 1.0 35.0 35.0 33.0 33.0 34.0 32.0 0.0 
0.0 34.0 33.0 34.0 34.0 33.0 35.0 32.0 33.0 0.0 
0.0 0.0 33.0 31.0 33.0 33.0 32.0 33.0 0.0 0.0 
0.0 0.0 0.0 32.0 32.0 32.0 33.0 0.0 0.0 0.0 
0.0 0.0 0.0 0.0 0.0 0.0 0.0 0.0 0.0 0.0 
0.0 0.0 0.0 0.0 0.0 0.0 0.0 0.0 0.0 0.0 
0.0 0.0 0.0 3.0 3.0 1.0 1.0 0.0 0.0 0.0 
0.0 0.0 2.0 2.0 1.0 0.0 -1.0 0.0 0.0 0.0 
0.0 1.0 -1.0 0.0 -1.0 0.0 -2.0 -1.0 1.0 0.0 
0.0 2.0 0.0 1.0 -1.0 0.0 0.0 1.0 1.0 0.0 
0.0 3.0 0.0 1.0 1.0 -2.0 -1.0 1.0 1.0 0.0 
0.0 2.0 0.0 1.0 0.0 -1.0 1.0 0.0 2.0 0.0 
0.0 0.0 1.0 -1.0 0.0 1.0 0.0 2.0 0.0 0.0 
0.0 0.0 0.0 0.0 1.0 1.0 2.0 0.0 0.0 0.0 
0.0 0.0 0.0 0.0 0.0 0.0 0.0 0.0 0.0 0.0 
0.0 0.0 0.0 0.0 0.0 0.0 0.0 0.0 0.0 0.0 
0.0 0.0 0.0 50.0 50.0 50.0 50.0 0.0 0.0 0.0 
0.0 0.0 50.0 50.0 50.0 50.0 50.0 50.0 0.0 0.0 
0.0 50.0 50.0 50.0 50.0 50.0 50.0 50.0 50.0 0.0 
0.0 50.0 0.0 50.0 50.0 50.0 50.0 50.0 50.0 0.0 
0.0 50.0 0.0 50.0 50.0 50.0 50.0 50.0 50.0 0.0 
0.0 50.0 50.0 50.0 50.0 50.0 50.0 50.0 50.0 0.0 
0.0 0.0 50.0 50.0 50.0 50.0 50.0 50.0 0.0 0.0 
0.0 0.0 0.0 50.0 50.0 50.0 50.0 0.0 0.0 0.0 
0.0 0.0 0.0 0.0 0.0 0.0 0.0 0.0 0.0 0.0 
0.0 0.0 0.0 0.0 0.0 0.0 0.0 0.0 0.0 0.0 
0.0 0.0 0.0 1.0 1.0 -1.0 -1.0 0.0 0.0 0.0 
0.0 0.0 0.0 0.0 -1.0 -2.0 -3.0 -2.0 0.0 0.0 
0.0 -1.0 -3.0 -2.0 -3.0 -2.0 -4.0 -3.0 -1.0 0.0 
0.0 0.0 0.0 -1.0 -3.0 -2.0 -2.0 -2.0 -2.0 0.0 
0.0 1.0 0.0 -1.0 -1.0 -4.0 -3.0 -1.0 -1.0 0.0 
0.0 0.0 -2.0 -1.0 -2.0 -3.0 -1.0 -2.0 0.0 0.0 
0.0 0.0 -1.0 -3.0 -2.0 -2.0 -2.0 0.0 0.0 0.0 
0.0 0.0 0.0 -2.0 -1.0 -1.0 0.0 0.0 0.0 0.0 
0.0 0.0 0.0 0.0 0.0 0.0 0.0 0.0 0.0 0.0 
0.0 0.0 0.0 0.0 0.0 0.0 0.0 0.0 0.0 0.0 
0.0 0.0 0.0 50.0 50.0 50.0 50.0 0.0 0.0 0.0 
0.0 0.0 50.0 50.0 50.0 50.0 50.0 50.0 0.0 0.0 
0.0 50.0 50.0 50.0 50.0 50.0 5.0 50.0 50.0 0.0 
0.0 50.0 0.0 50.0 50.0 50.0 50.0 50.0 50.0 0.0 
0.0 50.0 0.0 50.0 50.0 2.0 5.0 50.0 50.0 0.0 
0.0 50.0 50.0 50.0 50.0 50.0 50.0 50.0 50.0 0.0 
0.0 0.0 50.0 50.0 50.0 50.0 50.0 50.0 0.0 0.0 
0.0 0.0 0.0 50.0 50.0 50.0 50.0 0.0 0.0 0.0 
0.0 0.0 0.0 0.0 0.0 0.0 0.0 0.0 0.0 0.0 
0%
4%
1/10
16:33
02:28
02-03-2016
