y
y
JONAS UFRGS
16-05-1984
31
Direito
100.0
-0.67
1.34
Dentro dos limites normais
0.0 0.0 0.0 0.0 0.0 0.0 0.0 0.0 0.0 0.0 
0.0 0.0 0.0 29.0 29.0 29.0 28.0 0.0 0.0 0.0 
0.0 0.0 28.0 31.0 29.0 29.0 30.0 28.0 0.0 0.0 
0.0 26.0 30.0 33.0 32.0 33.0 32.0 31.0 31.0 0.0 
29.0 28.0 33.0 34.0 34.0 33.0 31.0 30.0 32.0 0.0 
29.0 30.0 33.0 33.0 34.0 34.0 32.0 0.0 28.0 0.0 
0.0 30.0 33.0 34.0 32.0 32.0 35.0 33.0 32.0 0.0 
0.0 0.0 34.0 33.0 31.0 32.0 31.0 30.0 0.0 0.0 
0.0 0.0 0.0 32.0 29.0 31.0 31.0 0.0 0.0 0.0 
0.0 0.0 0.0 0.0 0.0 0.0 0.0 0.0 0.0 0.0 
0.0 0.0 0.0 0.0 0.0 0.0 0.0 0.0 0.0 0.0 
0.0 0.0 0.0 0.0 0.0 0.0 -1.0 0.0 0.0 0.0 
0.0 0.0 -2.0 0.0 -2.0 -2.0 -1.0 -2.0 0.0 0.0 
0.0 4.0 -2.0 0.0 -1.0 0.0 0.0 -1.0 0.0 0.0 
0.0 -4.0 0.0 0.0 0.0 -1.0 -2.0 0.0 1.0 0.0 
0.0 -2.0 0.0 -1.0 0.0 0.0 -1.0 0.0 -4.0 0.0 
0.0 -1.0 1.0 1.0 -1.0 -2.0 1.0 1.0 1.0 0.0 
0.0 0.0 2.0 1.0 -2.0 -1.0 -1.0 -1.0 0.0 0.0 
0.0 0.0 0.0 1.0 -2.0 0.0 0.0 0.0 0.0 0.0 
0.0 0.0 0.0 0.0 0.0 0.0 0.0 0.0 0.0 0.0 
0.0 0.0 0.0 0.0 0.0 0.0 0.0 0.0 0.0 0.0 
0.0 0.0 0.0 50.0 50.0 50.0 50.0 0.0 0.0 0.0 
0.0 0.0 50.0 50.0 50.0 50.0 50.0 50.0 0.0 0.0 
0.0 5.0 50.0 50.0 50.0 50.0 50.0 50.0 50.0 0.0 
50.0 5.0 50.0 50.0 50.0 50.0 50.0 0.0 50.0 0.0 
50.0 50.0 50.0 50.0 50.0 50.0 50.0 0.0 5.0 0.0 
0.0 50.0 50.0 50.0 50.0 50.0 50.0 50.0 50.0 0.0 
0.0 0.0 50.0 50.0 50.0 50.0 50.0 50.0 0.0 0.0 
0.0 0.0 0.0 50.0 50.0 50.0 50.0 0.0 0.0 0.0 
0.0 0.0 0.0 0.0 0.0 0.0 0.0 0.0 0.0 0.0 
0.0 0.0 0.0 0.0 0.0 0.0 0.0 0.0 0.0 0.0 
0.0 0.0 0.0 -1.0 -1.0 -1.0 -1.0 0.0 0.0 0.0 
0.0 0.0 -3.0 -1.0 -3.0 -2.0 -2.0 -3.0 0.0 0.0 
0.0 -5.0 -2.0 -1.0 -2.0 -1.0 -1.0 -1.0 -1.0 0.0 
0.0 -4.0 -1.0 -1.0 -1.0 -2.0 -2.0 0.0 0.0 0.0 
0.0 -3.0 0.0 -2.0 -1.0 -1.0 -2.0 0.0 -4.0 0.0 
0.0 -1.0 0.0 0.0 -2.0 -3.0 1.0 0.0 0.0 0.0 
0.0 0.0 2.0 0.0 -2.0 -2.0 -1.0 -2.0 0.0 0.0 
0.0 0.0 0.0 0.0 -3.0 0.0 -1.0 0.0 0.0 0.0 
0.0 0.0 0.0 0.0 0.0 0.0 0.0 0.0 0.0 0.0 
0.0 0.0 0.0 0.0 0.0 0.0 0.0 0.0 0.0 0.0 
0.0 0.0 0.0 50.0 50.0 50.0 50.0 0.0 0.0 0.0 
0.0 0.0 50.0 50.0 50.0 50.0 50.0 50.0 0.0 0.0 
0.0 5.0 50.0 50.0 50.0 50.0 50.0 50.0 50.0 0.0 
50.0 5.0 50.0 50.0 50.0 50.0 50.0 0.0 50.0 0.0 
50.0 50.0 50.0 50.0 50.0 50.0 50.0 0.0 5.0 0.0 
0.0 50.0 50.0 50.0 50.0 50.0 50.0 50.0 50.0 0.0 
0.0 0.0 50.0 50.0 50.0 50.0 50.0 50.0 0.0 0.0 
0.0 0.0 0.0 50.0 50.0 50.0 50.0 0.0 0.0 0.0 
0.0 0.0 0.0 0.0 0.0 0.0 0.0 0.0 0.0 0.0 
0%
0%
0/10
16:44
02:47
30-03-2016
