y
y
JONAS UFRGS
16-05-1984
31
Esquerdo
99.0
-0.25
1.25
Dentro dos limites normais
0.0 0.0 0.0 0.0 0.0 0.0 0.0 0.0 0.0 0.0 
0.0 0.0 0.0 26.0 26.0 27.0 28.0 0.0 0.0 0.0 
0.0 0.0 31.0 30.0 31.0 31.0 32.0 32.0 0.0 0.0 
0.0 31.0 31.0 30.0 32.0 32.0 33.0 31.0 30.0 0.0 
0.0 29.0 22.0 32.0 32.0 34.0 34.0 31.0 30.0 0.0 
0.0 29.0 0.0 31.0 34.0 34.0 33.0 33.0 31.0 0.0 
0.0 34.0 30.0 34.0 33.0 32.0 34.0 33.0 33.0 0.0 
0.0 0.0 33.0 32.0 33.0 33.0 33.0 33.0 0.0 0.0 
0.0 0.0 0.0 33.0 33.0 32.0 33.0 0.0 0.0 0.0 
0.0 0.0 0.0 0.0 0.0 0.0 0.0 0.0 0.0 0.0 
0.0 0.0 0.0 0.0 0.0 0.0 0.0 0.0 0.0 0.0 
0.0 0.0 0.0 -2.0 -3.0 -2.0 -1.0 0.0 0.0 0.0 
0.0 0.0 1.0 0.0 -1.0 0.0 0.0 1.0 0.0 0.0 
0.0 1.0 1.0 -2.0 -1.0 -1.0 0.0 -2.0 -1.0 0.0 
0.0 -2.0 0.0 -1.0 -2.0 0.0 0.0 -2.0 -1.0 0.0 
0.0 -2.0 0.0 -2.0 0.0 0.0 -1.0 0.0 -1.0 0.0 
0.0 2.0 -3.0 1.0 -1.0 -1.0 0.0 1.0 2.0 0.0 
0.0 0.0 1.0 0.0 1.0 0.0 0.0 1.0 0.0 0.0 
0.0 0.0 0.0 1.0 1.0 1.0 2.0 0.0 0.0 0.0 
0.0 0.0 0.0 0.0 0.0 0.0 0.0 0.0 0.0 0.0 
0.0 0.0 0.0 0.0 0.0 0.0 0.0 0.0 0.0 0.0 
0.0 0.0 0.0 50.0 50.0 50.0 50.0 0.0 0.0 0.0 
0.0 0.0 50.0 50.0 50.0 50.0 50.0 50.0 0.0 0.0 
0.0 50.0 50.0 50.0 50.0 50.0 50.0 50.0 50.0 0.0 
0.0 50.0 0.0 50.0 50.0 50.0 50.0 50.0 50.0 0.0 
0.0 50.0 0.0 50.0 50.0 50.0 50.0 50.0 50.0 0.0 
0.0 50.0 5.0 50.0 50.0 50.0 50.0 50.0 50.0 0.0 
0.0 0.0 50.0 50.0 50.0 50.0 50.0 50.0 0.0 0.0 
0.0 0.0 0.0 50.0 50.0 50.0 50.0 0.0 0.0 0.0 
0.0 0.0 0.0 0.0 0.0 0.0 0.0 0.0 0.0 0.0 
0.0 0.0 0.0 0.0 0.0 0.0 0.0 0.0 0.0 0.0 
0.0 0.0 0.0 -4.0 -4.0 -3.0 -3.0 0.0 0.0 0.0 
0.0 0.0 -1.0 -2.0 -2.0 -1.0 -1.0 -1.0 0.0 0.0 
0.0 -1.0 -2.0 -4.0 -2.0 -2.0 -1.0 -3.0 -2.0 0.0 
0.0 -3.0 0.0 -2.0 -3.0 -1.0 -2.0 -3.0 -3.0 -1.0 
0.0 -4.0 0.0 -4.0 -1.0 -2.0 -2.0 -1.0 -2.0 0.0 
0.0 1.0 -4.0 0.0 -2.0 -3.0 -1.0 -1.0 0.0 0.0 
0.0 0.0 -1.0 -1.0 -1.0 -1.0 -1.0 0.0 0.0 0.0 
0.0 0.0 0.0 0.0 0.0 0.0 1.0 0.0 0.0 0.0 
0.0 0.0 0.0 0.0 0.0 0.0 0.0 0.0 0.0 0.0 
0.0 0.0 0.0 0.0 0.0 0.0 0.0 0.0 0.0 0.0 
0.0 0.0 0.0 50.0 5.0 50.0 50.0 0.0 0.0 0.0 
0.0 0.0 50.0 50.0 50.0 50.0 50.0 50.0 0.0 0.0 
0.0 50.0 50.0 5.0 50.0 50.0 50.0 50.0 50.0 0.0 
0.0 50.0 0.0 50.0 50.0 50.0 50.0 5.0 50.0 0.0 
0.0 50.0 0.0 5.0 50.0 50.0 50.0 50.0 50.0 0.0 
0.0 50.0 5.0 50.0 50.0 50.0 50.0 50.0 50.0 0.0 
0.0 0.0 50.0 50.0 50.0 50.0 50.0 50.0 0.0 0.0 
0.0 0.0 0.0 50.0 50.0 50.0 50.0 0.0 0.0 0.0 
0.0 0.0 0.0 0.0 0.0 0.0 0.0 0.0 0.0 0.0 
0%
3%
0/11
16:35
02:57
30-03-2016
