y
y
LUIZA UFRGS
23-03-1992
23
Direito
100.0
-0.73
0.9
Dentro dos limites normais
0.0 0.0 0.0 0.0 0.0 0.0 0.0 0.0 0.0 0.0 
0.0 0.0 0.0 30.0 29.0 27.0 29.0 0.0 0.0 0.0 
0.0 0.0 31.0 31.0 31.0 31.0 30.0 30.0 0.0 0.0 
0.0 31.0 32.0 33.0 33.0 32.0 30.0 31.0 32.0 0.0 
31.0 31.0 32.0 32.0 33.0 34.0 33.0 29.0 33.0 0.0 
31.0 31.0 31.0 35.0 34.0 33.0 34.0 13.0 32.0 0.0 
0.0 31.0 33.0 35.0 33.0 33.0 33.0 31.0 32.0 0.0 
0.0 0.0 30.0 32.0 31.0 32.0 32.0 32.0 0.0 0.0 
0.0 0.0 0.0 30.0 31.0 32.0 32.0 0.0 0.0 0.0 
0.0 0.0 0.0 0.0 0.0 0.0 0.0 0.0 0.0 0.0 
0.0 0.0 0.0 0.0 0.0 0.0 0.0 0.0 0.0 0.0 
0.0 0.0 0.0 0.0 0.0 -3.0 0.0 0.0 0.0 0.0 
0.0 0.0 0.0 -1.0 -1.0 -1.0 -1.0 -1.0 0.0 0.0 
0.0 0.0 -1.0 0.0 -1.0 -1.0 -3.0 -1.0 0.0 0.0 
1.0 1.0 1.0 -2.0 -1.0 -1.0 -1.0 0.0 1.0 0.0 
1.0 1.0 -2.0 1.0 -1.0 -2.0 0.0 0.0 0.0 0.0 
0.0 0.0 1.0 1.0 -1.0 -1.0 0.0 -2.0 0.0 0.0 
0.0 0.0 1.0 -1.0 -2.0 -1.0 -1.0 0.0 0.0 0.0 
0.0 0.0 0.0 -1.0 -1.0 0.0 0.0 0.0 0.0 0.0 
0.0 0.0 0.0 0.0 0.0 0.0 0.0 0.0 0.0 0.0 
0.0 0.0 0.0 0.0 0.0 0.0 0.0 0.0 0.0 0.0 
0.0 0.0 0.0 50.0 50.0 50.0 50.0 0.0 0.0 0.0 
0.0 0.0 50.0 50.0 50.0 50.0 50.0 50.0 0.0 0.0 
0.0 50.0 50.0 50.0 50.0 50.0 50.0 50.0 50.0 0.0 
50.0 50.0 50.0 50.0 50.0 50.0 50.0 0.0 50.0 0.0 
50.0 50.0 50.0 50.0 50.0 50.0 50.0 0.0 50.0 0.0 
0.0 50.0 50.0 50.0 50.0 50.0 50.0 50.0 50.0 0.0 
0.0 0.0 50.0 50.0 50.0 50.0 50.0 50.0 0.0 0.0 
0.0 0.0 0.0 50.0 50.0 50.0 50.0 0.0 0.0 0.0 
0.0 0.0 0.0 0.0 0.0 0.0 0.0 0.0 0.0 0.0 
0.0 0.0 0.0 0.0 0.0 0.0 0.0 0.0 0.0 0.0 
0.0 0.0 0.0 0.0 -1.0 -3.0 0.0 0.0 0.0 0.0 
0.0 0.0 -1.0 -1.0 -1.0 -1.0 -2.0 -1.0 0.0 0.0 
0.0 -1.0 -1.0 -1.0 -1.0 -2.0 -3.0 -1.0 0.0 0.0 
0.0 -1.0 -1.0 -3.0 -1.0 -1.0 -1.0 0.0 0.0 0.0 
0.0 -1.0 -3.0 0.0 -1.0 -2.0 -1.0 0.0 0.0 0.0 
0.0 -1.0 0.0 1.0 -2.0 -1.0 -1.0 -2.0 0.0 0.0 
0.0 0.0 -2.0 -1.0 -2.0 -1.0 -1.0 -1.0 0.0 0.0 
0.0 0.0 0.0 -1.0 -1.0 0.0 0.0 0.0 0.0 0.0 
0.0 0.0 0.0 0.0 0.0 0.0 0.0 0.0 0.0 0.0 
0.0 0.0 0.0 0.0 0.0 0.0 0.0 0.0 0.0 0.0 
0.0 0.0 0.0 50.0 50.0 50.0 50.0 0.0 0.0 0.0 
0.0 0.0 50.0 50.0 50.0 50.0 50.0 50.0 0.0 0.0 
0.0 50.0 50.0 50.0 50.0 50.0 50.0 50.0 50.0 0.0 
50.0 50.0 50.0 50.0 50.0 50.0 50.0 0.0 50.0 0.0 
50.0 50.0 50.0 50.0 50.0 50.0 50.0 0.0 50.0 0.0 
0.0 50.0 50.0 50.0 50.0 50.0 50.0 50.0 50.0 0.0 
0.0 0.0 50.0 50.0 50.0 50.0 50.0 50.0 0.0 0.0 
0.0 0.0 0.0 50.0 50.0 50.0 50.0 0.0 0.0 0.0 
0.0 0.0 0.0 0.0 0.0 0.0 0.0 0.0 0.0 0.0 
0%
0%
5/10
17:41
02:29
26-02-2016
