y
y
LUIZA UFRGS
23-03-1992
23
Esquerdo
99.0
-1.19
1.58
Dentro dos limites normais
0.0 0.0 0.0 0.0 0.0 0.0 0.0 0.0 0.0 0.0 
0.0 0.0 0.0 27.0 29.0 28.0 26.0 0.0 0.0 0.0 
0.0 0.0 32.0 31.0 31.0 30.0 29.0 29.0 0.0 0.0 
0.0 30.0 32.0 31.0 33.0 32.0 30.0 30.0 29.0 0.0 
0.0 29.0 30.0 31.0 34.0 34.0 33.0 31.0 26.0 0.0 
0.0 30.0 17.0 32.0 35.0 35.0 34.0 32.0 27.0 0.0 
0.0 31.0 33.0 32.0 34.0 33.0 35.0 33.0 31.0 0.0 
0.0 0.0 34.0 32.0 32.0 33.0 33.0 30.0 0.0 0.0 
0.0 0.0 0.0 32.0 30.0 30.0 32.0 0.0 0.0 0.0 
0.0 0.0 0.0 0.0 0.0 0.0 0.0 0.0 0.0 0.0 
0.0 0.0 0.0 0.0 0.0 0.0 0.0 0.0 0.0 0.0 
0.0 0.0 0.0 -2.0 0.0 -2.0 -4.0 0.0 0.0 0.0 
0.0 0.0 1.0 0.0 0.0 -1.0 -3.0 -2.0 0.0 0.0 
0.0 -2.0 0.0 -2.0 -1.0 -2.0 -3.0 -2.0 -2.0 0.0 
0.0 -3.0 0.0 -2.0 0.0 -1.0 -1.0 -2.0 -6.0 0.0 
0.0 -2.0 0.0 -2.0 0.0 0.0 0.0 -2.0 -5.0 0.0 
0.0 -1.0 0.0 -1.0 0.0 -1.0 1.0 0.0 0.0 0.0 
0.0 0.0 1.0 -1.0 0.0 0.0 1.0 -1.0 0.0 0.0 
0.0 0.0 0.0 1.0 -2.0 -1.0 1.0 0.0 0.0 0.0 
0.0 0.0 0.0 0.0 0.0 0.0 0.0 0.0 0.0 0.0 
0.0 0.0 0.0 0.0 0.0 0.0 0.0 0.0 0.0 0.0 
0.0 0.0 0.0 50.0 50.0 50.0 5.0 0.0 0.0 0.0 
0.0 0.0 50.0 50.0 50.0 50.0 50.0 50.0 0.0 0.0 
0.0 50.0 50.0 50.0 50.0 50.0 5.0 50.0 50.0 0.0 
0.0 50.0 0.0 50.0 50.0 50.0 50.0 50.0 1.0 0.0 
0.0 50.0 0.0 50.0 50.0 50.0 50.0 50.0 2.0 0.0 
0.0 50.0 50.0 50.0 50.0 50.0 50.0 50.0 50.0 0.0 
0.0 0.0 50.0 50.0 50.0 50.0 50.0 50.0 0.0 0.0 
0.0 0.0 0.0 50.0 50.0 50.0 50.0 0.0 0.0 0.0 
0.0 0.0 0.0 0.0 0.0 0.0 0.0 0.0 0.0 0.0 
0.0 0.0 0.0 0.0 0.0 0.0 0.0 0.0 0.0 0.0 
0.0 0.0 0.0 -2.0 -1.0 -2.0 -5.0 0.0 0.0 0.0 
0.0 0.0 0.0 -1.0 -1.0 -2.0 -3.0 -3.0 0.0 0.0 
0.0 -2.0 0.0 -2.0 -1.0 -2.0 -4.0 -3.0 -2.0 0.0 
0.0 -3.0 0.0 -3.0 -1.0 -1.0 -2.0 -2.0 -7.0 -4.0 
0.0 -2.0 0.0 -2.0 -1.0 -1.0 -1.0 -2.0 -5.0 1.0 
0.0 -1.0 0.0 -2.0 -1.0 -2.0 0.0 0.0 0.0 0.0 
0.0 0.0 1.0 -2.0 -1.0 0.0 0.0 -2.0 0.0 0.0 
0.0 0.0 0.0 0.0 -2.0 -2.0 0.0 0.0 0.0 0.0 
0.0 0.0 0.0 0.0 0.0 0.0 0.0 0.0 0.0 0.0 
0.0 0.0 0.0 0.0 0.0 0.0 0.0 0.0 0.0 0.0 
0.0 0.0 0.0 50.0 50.0 50.0 5.0 0.0 0.0 0.0 
0.0 0.0 50.0 50.0 50.0 50.0 50.0 50.0 0.0 0.0 
0.0 50.0 50.0 50.0 50.0 50.0 5.0 50.0 50.0 0.0 
0.0 50.0 0.0 50.0 50.0 50.0 50.0 50.0 1.0 0.0 
0.0 50.0 0.0 50.0 50.0 50.0 50.0 50.0 2.0 0.0 
0.0 50.0 50.0 50.0 50.0 50.0 50.0 50.0 50.0 0.0 
0.0 0.0 50.0 50.0 50.0 50.0 50.0 50.0 0.0 0.0 
0.0 0.0 0.0 50.0 50.0 50.0 50.0 0.0 0.0 0.0 
0.0 0.0 0.0 0.0 0.0 0.0 0.0 0.0 0.0 0.0 
0%
5%
1/1x
17:45
03:15
26-02-2016
