y
y
LUIZA UFRGS
23-03-1992
23
Esquerdo
98.0
-1.66
1.49
Dentro dos limites normais
0.0 0.0 0.0 0.0 0.0 0.0 0.0 0.0 0.0 0.0 
0.0 0.0 0.0 28.0 24.0 26.0 31.0 0.0 0.0 0.0 
0.0 0.0 32.0 31.0 31.0 28.0 31.0 28.0 0.0 0.0 
0.0 30.0 32.0 31.0 32.0 29.0 32.0 32.0 31.0 0.0 
0.0 32.0 32.0 31.0 32.0 33.0 34.0 33.0 30.0 0.0 
0.0 30.0 0.0 29.0 32.0 31.0 33.0 33.0 31.0 0.0 
0.0 32.0 32.0 32.0 30.0 31.0 34.0 31.0 31.0 0.0 
0.0 0.0 30.0 31.0 31.0 31.0 30.0 31.0 0.0 0.0 
0.0 0.0 0.0 31.0 31.0 30.0 27.0 0.0 0.0 0.0 
0.0 0.0 0.0 0.0 0.0 0.0 0.0 0.0 0.0 0.0 
0.0 0.0 0.0 0.0 0.0 0.0 0.0 0.0 0.0 0.0 
0.0 0.0 0.0 -1.0 -5.0 -3.0 1.0 0.0 0.0 0.0 
0.0 0.0 1.0 0.0 0.0 -4.0 -1.0 -3.0 0.0 0.0 
0.0 -1.0 0.0 -2.0 -1.0 -5.0 -1.0 -1.0 -1.0 0.0 
0.0 1.0 0.0 -3.0 -3.0 -2.0 -1.0 0.0 -2.0 0.0 
0.0 -2.0 0.0 -5.0 -3.0 -3.0 -1.0 0.0 -1.0 0.0 
0.0 0.0 1.0 -2.0 -4.0 -3.0 0.0 -2.0 -1.0 0.0 
0.0 0.0 3.0 -2.0 -2.0 -1.0 -2.0 -1.0 0.0 0.0 
0.0 0.0 0.0 -1.0 -1.0 -2.0 -3.0 0.0 0.0 0.0 
0.0 0.0 0.0 0.0 0.0 0.0 0.0 0.0 0.0 0.0 
0.0 0.0 0.0 0.0 0.0 0.0 0.0 0.0 0.0 0.0 
0.0 0.0 0.0 50.0 5.0 50.0 50.0 0.0 0.0 0.0 
0.0 0.0 50.0 50.0 50.0 5.0 50.0 50.0 0.0 0.0 
0.0 50.0 50.0 50.0 50.0 1.0 50.0 50.0 50.0 0.0 
0.0 50.0 0.0 5.0 50.0 50.0 50.0 50.0 50.0 0.0 
0.0 50.0 0.0 1.0 5.0 2.0 50.0 50.0 50.0 0.0 
0.0 50.0 50.0 50.0 2.0 5.0 50.0 50.0 50.0 0.0 
0.0 0.0 50.0 50.0 50.0 50.0 50.0 50.0 0.0 0.0 
0.0 0.0 0.0 50.0 50.0 50.0 5.0 0.0 0.0 0.0 
0.0 0.0 0.0 0.0 0.0 0.0 0.0 0.0 0.0 0.0 
0.0 0.0 0.0 0.0 0.0 0.0 0.0 0.0 0.0 0.0 
0.0 0.0 0.0 -1.0 -5.0 -3.0 1.0 0.0 0.0 0.0 
0.0 0.0 1.0 0.0 0.0 -4.0 -1.0 -3.0 0.0 0.0 
0.0 -1.0 0.0 -1.0 -1.0 -5.0 -1.0 -1.0 0.0 0.0 
0.0 1.0 0.0 -3.0 -2.0 -2.0 -1.0 0.0 -2.0 -2.0 
0.0 -2.0 0.0 -5.0 -3.0 -3.0 -1.0 0.0 0.0 -2.0 
0.0 0.0 0.0 -2.0 -4.0 -3.0 0.0 -2.0 0.0 0.0 
0.0 0.0 -3.0 -1.0 -2.0 -1.0 -2.0 -1.0 0.0 0.0 
0.0 0.0 0.0 -1.0 -1.0 -1.0 -3.0 0.0 0.0 0.0 
0.0 0.0 0.0 0.0 0.0 0.0 0.0 0.0 0.0 0.0 
0.0 0.0 0.0 0.0 0.0 0.0 0.0 0.0 0.0 0.0 
0.0 0.0 0.0 50.0 5.0 50.0 50.0 0.0 0.0 0.0 
0.0 0.0 50.0 50.0 50.0 5.0 50.0 50.0 0.0 0.0 
0.0 50.0 50.0 50.0 50.0 1.0 50.0 50.0 50.0 0.0 
0.0 50.0 0.0 50.0 50.0 50.0 50.0 50.0 50.0 0.0 
0.0 50.0 0.0 1.0 50.0 5.0 50.0 50.0 50.0 0.0 
0.0 50.0 50.0 50.0 2.0 50.0 50.0 50.0 50.0 0.0 
0.0 0.0 50.0 50.0 50.0 50.0 50.0 50.0 0.0 0.0 
0.0 0.0 0.0 50.0 50.0 50.0 50.0 0.0 0.0 0.0 
0.0 0.0 0.0 0.0 0.0 0.0 0.0 0.0 0.0 0.0 
0%
2%
3/13
17:56
03:06
26-02-2016
