y
y
MARCELO UFRGS
08-12-2010
5
Esquerdo
99.0
-2.78
1.3
Dentro dos limites normais
0.0 0.0 0.0 0.0 0.0 0.0 0.0 0.0 0.0 0.0 
0.0 0.0 0.0 27.0 27.0 27.0 28.0 0.0 0.0 0.0 
0.0 0.0 29.0 27.0 29.0 29.0 27.0 29.0 0.0 0.0 
0.0 31.0 31.0 30.0 31.0 31.0 29.0 30.0 30.0 0.0 
0.0 33.0 26.0 32.0 33.0 33.0 32.0 32.0 31.0 0.0 
0.0 32.0 0.0 33.0 34.0 33.0 31.0 32.0 31.0 0.0 
0.0 31.0 31.0 32.0 31.0 32.0 32.0 32.0 29.0 0.0 
0.0 0.0 29.0 31.0 31.0 32.0 32.0 35.0 0.0 0.0 
0.0 0.0 0.0 31.0 29.0 29.0 29.0 0.0 0.0 0.0 
0.0 0.0 0.0 0.0 0.0 0.0 0.0 0.0 0.0 0.0 
0.0 0.0 0.0 0.0 0.0 0.0 0.0 0.0 0.0 0.0 
0.0 0.0 0.0 -4.0 -4.0 -4.0 -4.0 0.0 0.0 0.0 
0.0 0.0 3.0 -5.0 -4.0 -4.0 -6.0 -4.0 0.0 0.0 
0.0 2.0 3.0 -4.0 -3.0 -3.0 -5.0 -4.0 -3.0 0.0 
0.0 -1.0 0.0 -3.0 -2.0 -2.0 -3.0 -2.0 -2.0 0.0 
0.0 -1.0 0.0 -2.0 -2.0 -2.0 -4.0 -2.0 -2.0 0.0 
0.0 2.0 3.0 -3.0 -4.0 -3.0 -2.0 -2.0 -3.0 0.0 
0.0 0.0 4.0 -3.0 -2.0 -2.0 -2.0 2.0 0.0 0.0 
0.0 0.0 0.0 -2.0 -4.0 -4.0 -3.0 0.0 0.0 0.0 
0.0 0.0 0.0 0.0 0.0 0.0 0.0 0.0 0.0 0.0 
0.0 0.0 0.0 0.0 0.0 0.0 0.0 0.0 0.0 0.0 
0.0 0.0 0.0 50.0 50.0 5.0 50.0 0.0 0.0 0.0 
0.0 0.0 50.0 5.0 5.0 5.0 1.0 5.0 0.0 0.0 
0.0 50.0 50.0 5.0 5.0 5.0 1.0 5.0 50.0 0.0 
0.0 50.0 0.0 5.0 50.0 50.0 5.0 50.0 50.0 0.0 
0.0 50.0 0.0 50.0 50.0 50.0 2.0 50.0 50.0 0.0 
0.0 50.0 5.0 50.0 2.0 5.0 50.0 50.0 5.0 0.0 
0.0 0.0 5.0 50.0 50.0 50.0 50.0 50.0 0.0 0.0 
0.0 0.0 0.0 50.0 5.0 5.0 50.0 0.0 0.0 0.0 
0.0 0.0 0.0 0.0 0.0 0.0 0.0 0.0 0.0 0.0 
0.0 0.0 0.0 0.0 0.0 0.0 0.0 0.0 0.0 0.0 
0.0 0.0 0.0 -2.0 -2.0 -2.0 -2.0 0.0 0.0 0.0 
0.0 0.0 -2.0 -3.0 -2.0 -2.0 -4.0 -2.0 0.0 0.0 
0.0 0.0 -1.0 -2.0 -2.0 -2.0 -3.0 -2.0 -1.0 0.0 
0.0 1.0 0.0 -1.0 -1.0 -1.0 -1.0 -1.0 -1.0 1.0 
0.0 1.0 0.0 0.0 0.0 -1.0 -2.0 0.0 0.0 1.0 
0.0 0.0 -1.0 -1.0 -2.0 -1.0 -1.0 0.0 -1.0 0.0 
0.0 0.0 -2.0 -1.0 -1.0 0.0 0.0 4.0 0.0 0.0 
0.0 0.0 0.0 0.0 -2.0 -2.0 -1.0 0.0 0.0 0.0 
0.0 0.0 0.0 0.0 0.0 0.0 0.0 0.0 0.0 0.0 
0.0 0.0 0.0 0.0 0.0 0.0 0.0 0.0 0.0 0.0 
0.0 0.0 0.0 50.0 50.0 50.0 50.0 0.0 0.0 0.0 
0.0 0.0 50.0 50.0 50.0 50.0 5.0 50.0 0.0 0.0 
0.0 50.0 50.0 50.0 50.0 50.0 5.0 50.0 50.0 0.0 
0.0 50.0 0.0 50.0 50.0 50.0 50.0 50.0 50.0 0.0 
0.0 50.0 0.0 50.0 50.0 50.0 50.0 50.0 50.0 0.0 
0.0 50.0 50.0 50.0 50.0 50.0 50.0 50.0 50.0 0.0 
0.0 0.0 50.0 50.0 50.0 50.0 50.0 50.0 0.0 0.0 
0.0 0.0 0.0 50.0 50.0 50.0 50.0 0.0 0.0 0.0 
0.0 0.0 0.0 0.0 0.0 0.0 0.0 0.0 0.0 0.0 
0%
3%
1/10
15:59
02:30
08-12-2015
