y
y
MARCELO UFRGS
07-12-1980
35
Direito
100.0
-0.32
1.28
Dentro dos limites normais
0.0 0.0 0.0 0.0 0.0 0.0 0.0 0.0 0.0 0.0 
0.0 0.0 0.0 30.0 30.0 30.0 31.0 0.0 0.0 0.0 
0.0 0.0 31.0 31.0 31.0 31.0 31.0 32.0 0.0 0.0 
0.0 31.0 32.0 32.0 31.0 32.0 31.0 31.0 29.0 0.0 
31.0 31.0 33.0 32.0 34.0 34.0 34.0 28.0 32.0 0.0 
29.0 31.0 33.0 34.0 34.0 35.0 34.0 0.0 35.0 0.0 
0.0 29.0 30.0 32.0 32.0 32.0 32.0 31.0 32.0 0.0 
0.0 0.0 28.0 31.0 31.0 31.0 33.0 33.0 0.0 0.0 
0.0 0.0 0.0 29.0 28.0 31.0 29.0 0.0 0.0 0.0 
0.0 0.0 0.0 0.0 0.0 0.0 0.0 0.0 0.0 0.0 
0.0 0.0 0.0 0.0 0.0 0.0 0.0 0.0 0.0 0.0 
0.0 0.0 0.0 1.0 1.0 2.0 2.0 0.0 0.0 0.0 
0.0 0.0 0.0 0.0 0.0 0.0 1.0 2.0 0.0 0.0 
0.0 1.0 0.0 -1.0 -2.0 -1.0 -1.0 0.0 -1.0 0.0 
2.0 0.0 0.0 -1.0 0.0 1.0 1.0 0.0 1.0 0.0 
0.0 0.0 0.0 0.0 0.0 1.0 1.0 0.0 4.0 0.0 
0.0 2.0 2.0 -1.0 -2.0 -1.0 -1.0 -2.0 1.0 0.0 
0.0 0.0 4.0 -1.0 -1.0 -2.0 0.0 1.0 0.0 0.0 
0.0 0.0 0.0 -1.0 -3.0 -1.0 -2.0 0.0 0.0 0.0 
0.0 0.0 0.0 0.0 0.0 0.0 0.0 0.0 0.0 0.0 
0.0 0.0 0.0 0.0 0.0 0.0 0.0 0.0 0.0 0.0 
0.0 0.0 0.0 50.0 50.0 50.0 50.0 0.0 0.0 0.0 
0.0 0.0 50.0 50.0 50.0 50.0 50.0 50.0 0.0 0.0 
0.0 50.0 50.0 50.0 50.0 50.0 50.0 50.0 50.0 0.0 
50.0 50.0 50.0 50.0 50.0 50.0 50.0 0.0 50.0 0.0 
50.0 50.0 50.0 50.0 50.0 50.0 50.0 0.0 50.0 0.0 
0.0 50.0 50.0 50.0 50.0 50.0 50.0 50.0 50.0 0.0 
0.0 0.0 5.0 50.0 50.0 50.0 50.0 50.0 0.0 0.0 
0.0 0.0 0.0 50.0 50.0 50.0 50.0 0.0 0.0 0.0 
0.0 0.0 0.0 0.0 0.0 0.0 0.0 0.0 0.0 0.0 
0.0 0.0 0.0 0.0 0.0 0.0 0.0 0.0 0.0 0.0 
0.0 0.0 0.0 0.0 0.0 0.0 1.0 0.0 0.0 0.0 
0.0 0.0 -1.0 -1.0 -1.0 -1.0 0.0 1.0 0.0 0.0 
0.0 -1.0 -1.0 -2.0 -3.0 -2.0 -2.0 -1.0 -3.0 0.0 
0.0 -1.0 -1.0 -3.0 -1.0 0.0 0.0 0.0 0.0 0.0 
0.0 -1.0 -1.0 -1.0 -1.0 -1.0 -1.0 0.0 2.0 0.0 
0.0 -3.0 -3.0 -2.0 -3.0 -2.0 -2.0 -3.0 0.0 0.0 
0.0 0.0 -5.0 -2.0 -2.0 -3.0 -1.0 0.0 0.0 0.0 
0.0 0.0 0.0 -3.0 -4.0 -2.0 -4.0 0.0 0.0 0.0 
0.0 0.0 0.0 0.0 0.0 0.0 0.0 0.0 0.0 0.0 
0.0 0.0 0.0 0.0 0.0 0.0 0.0 0.0 0.0 0.0 
0.0 0.0 0.0 50.0 50.0 50.0 50.0 0.0 0.0 0.0 
0.0 0.0 50.0 50.0 50.0 50.0 50.0 50.0 0.0 0.0 
0.0 50.0 50.0 50.0 50.0 50.0 50.0 50.0 50.0 0.0 
50.0 50.0 50.0 50.0 50.0 50.0 50.0 0.0 50.0 0.0 
50.0 50.0 50.0 50.0 50.0 50.0 50.0 0.0 50.0 0.0 
0.0 50.0 50.0 50.0 50.0 50.0 50.0 50.0 50.0 0.0 
0.0 0.0 2.0 50.0 50.0 50.0 50.0 50.0 0.0 0.0 
0.0 0.0 0.0 50.0 5.0 50.0 50.0 0.0 0.0 0.0 
0.0 0.0 0.0 0.0 0.0 0.0 0.0 0.0 0.0 0.0 
0%
0%
0/10
16:43
02:10
07-12-2015
