y
y
MARCELO UFRGS
06-10-1990
25
Esquerdo
100.0
-0.64
1.29
Dentro dos limites normais
0.0 0.0 0.0 0.0 0.0 0.0 0.0 0.0 0.0 0.0 
0.0 0.0 0.0 29.0 29.0 30.0 29.0 0.0 0.0 0.0 
0.0 0.0 31.0 29.0 30.0 32.0 32.0 35.0 0.0 0.0 
0.0 32.0 32.0 33.0 31.0 32.0 33.0 33.0 29.0 0.0 
0.0 31.0 28.0 34.0 32.0 32.0 34.0 33.0 31.0 0.0 
0.0 29.0 0.0 33.0 34.0 35.0 35.0 32.0 31.0 0.0 
0.0 28.0 29.0 31.0 33.0 34.0 33.0 33.0 31.0 0.0 
0.0 0.0 32.0 32.0 30.0 32.0 31.0 29.0 0.0 0.0 
0.0 0.0 0.0 29.0 30.0 31.0 30.0 0.0 0.0 0.0 
0.0 0.0 0.0 0.0 0.0 0.0 0.0 0.0 0.0 0.0 
0.0 0.0 0.0 0.0 0.0 0.0 0.0 0.0 0.0 0.0 
0.0 0.0 0.0 0.0 -1.0 1.0 -1.0 0.0 0.0 0.0 
0.0 0.0 0.0 -2.0 -1.0 0.0 0.0 4.0 0.0 0.0 
0.0 1.0 0.0 0.0 -2.0 -2.0 0.0 0.0 -2.0 0.0 
0.0 -1.0 0.0 0.0 -2.0 -2.0 0.0 0.0 -1.0 0.0 
0.0 -3.0 0.0 -1.0 0.0 0.0 1.0 -1.0 0.0 0.0 
0.0 4.0 4.0 -2.0 -1.0 0.0 0.0 0.0 0.0 0.0 
0.0 0.0 0.0 -1.0 -2.0 -1.0 -2.0 -3.0 0.0 0.0 
0.0 0.0 0.0 -3.0 -2.0 0.0 -1.0 0.0 0.0 0.0 
0.0 0.0 0.0 0.0 0.0 0.0 0.0 0.0 0.0 0.0 
0.0 0.0 0.0 0.0 0.0 0.0 0.0 0.0 0.0 0.0 
0.0 0.0 0.0 50.0 50.0 50.0 50.0 0.0 0.0 0.0 
0.0 0.0 50.0 50.0 50.0 50.0 50.0 50.0 0.0 0.0 
0.0 50.0 50.0 50.0 50.0 50.0 50.0 50.0 50.0 0.0 
0.0 50.0 0.0 50.0 50.0 50.0 50.0 50.0 50.0 0.0 
0.0 50.0 0.0 50.0 50.0 50.0 50.0 50.0 50.0 0.0 
0.0 5.0 5.0 50.0 50.0 50.0 50.0 50.0 50.0 0.0 
0.0 0.0 50.0 50.0 50.0 50.0 50.0 50.0 0.0 0.0 
0.0 0.0 0.0 5.0 50.0 50.0 50.0 0.0 0.0 0.0 
0.0 0.0 0.0 0.0 0.0 0.0 0.0 0.0 0.0 0.0 
0.0 0.0 0.0 0.0 0.0 0.0 0.0 0.0 0.0 0.0 
0.0 0.0 0.0 -1.0 -1.0 0.0 -1.0 0.0 0.0 0.0 
0.0 0.0 0.0 -2.0 -2.0 -1.0 0.0 3.0 0.0 0.0 
0.0 1.0 0.0 0.0 -2.0 -2.0 0.0 0.0 -2.0 0.0 
0.0 -1.0 0.0 0.0 -2.0 -2.0 -1.0 0.0 -1.0 0.0 
0.0 -3.0 0.0 -1.0 0.0 0.0 0.0 -1.0 -1.0 0.0 
0.0 -5.0 -4.0 -3.0 -1.0 -1.0 -1.0 0.0 -1.0 0.0 
0.0 0.0 -1.0 -1.0 -3.0 -1.0 -2.0 -3.0 0.0 0.0 
0.0 0.0 0.0 -3.0 -2.0 -1.0 -1.0 0.0 0.0 0.0 
0.0 0.0 0.0 0.0 0.0 0.0 0.0 0.0 0.0 0.0 
0.0 0.0 0.0 0.0 0.0 0.0 0.0 0.0 0.0 0.0 
0.0 0.0 0.0 50.0 50.0 50.0 50.0 0.0 0.0 0.0 
0.0 0.0 50.0 50.0 50.0 50.0 50.0 50.0 0.0 0.0 
0.0 50.0 50.0 50.0 50.0 50.0 50.0 50.0 50.0 0.0 
0.0 50.0 0.0 50.0 50.0 50.0 50.0 50.0 50.0 0.0 
0.0 50.0 0.0 50.0 50.0 50.0 50.0 50.0 50.0 0.0 
0.0 5.0 5.0 50.0 50.0 50.0 50.0 50.0 50.0 0.0 
0.0 0.0 50.0 50.0 50.0 50.0 50.0 50.0 0.0 0.0 
0.0 0.0 0.0 50.0 50.0 50.0 50.0 0.0 0.0 0.0 
0.0 0.0 0.0 0.0 0.0 0.0 0.0 0.0 0.0 0.0 
0%
4%
0/12
16:36
02:39
11-04-2016
