y
y
MARCELO UFRGS
06-10-1990
25
Direito
99.0
-0.53
1.3
Linha de Fronteira
0.0 0.0 0.0 0.0 0.0 0.0 0.0 0.0 0.0 0.0 
0.0 0.0 0.0 32.0 31.0 27.0 31.0 0.0 0.0 0.0 
0.0 0.0 33.0 32.0 32.0 29.0 32.0 32.0 0.0 0.0 
0.0 33.0 33.0 33.0 32.0 34.0 33.0 31.0 29.0 0.0 
31.0 33.0 34.0 33.0 34.0 33.0 33.0 31.0 32.0 0.0 
30.0 32.0 33.0 33.0 33.0 33.0 32.0 0.0 33.0 0.0 
0.0 29.0 32.0 31.0 31.0 32.0 29.0 31.0 32.0 0.0 
0.0 0.0 32.0 32.0 32.0 31.0 31.0 31.0 0.0 0.0 
0.0 0.0 0.0 32.0 31.0 31.0 31.0 0.0 0.0 0.0 
0.0 0.0 0.0 0.0 0.0 0.0 0.0 0.0 0.0 0.0 
0.0 0.0 0.0 0.0 0.0 0.0 0.0 0.0 0.0 0.0 
0.0 0.0 0.0 2.0 1.0 -2.0 1.0 0.0 0.0 0.0 
0.0 0.0 1.0 0.0 0.0 -3.0 1.0 2.0 0.0 0.0 
0.0 2.0 1.0 0.0 -1.0 1.0 0.0 -1.0 -2.0 0.0 
1.0 1.0 0.0 -1.0 -1.0 -1.0 -1.0 0.0 0.0 0.0 
0.0 0.0 0.0 -1.0 -1.0 -1.0 -2.0 0.0 1.0 0.0 
0.0 2.0 1.0 -2.0 -3.0 -2.0 -4.0 -1.0 0.0 0.0 
0.0 0.0 0.0 -1.0 -1.0 -1.0 -2.0 -1.0 0.0 0.0 
0.0 0.0 0.0 1.0 0.0 -1.0 -1.0 0.0 0.0 0.0 
0.0 0.0 0.0 0.0 0.0 0.0 0.0 0.0 0.0 0.0 
0.0 0.0 0.0 0.0 0.0 0.0 0.0 0.0 0.0 0.0 
0.0 0.0 0.0 50.0 50.0 50.0 50.0 0.0 0.0 0.0 
0.0 0.0 50.0 50.0 50.0 50.0 50.0 50.0 0.0 0.0 
0.0 50.0 50.0 50.0 50.0 50.0 50.0 50.0 50.0 0.0 
50.0 50.0 50.0 50.0 50.0 50.0 50.0 0.0 50.0 0.0 
50.0 50.0 50.0 50.0 50.0 50.0 50.0 0.0 50.0 0.0 
0.0 50.0 50.0 50.0 5.0 50.0 2.0 50.0 50.0 0.0 
0.0 0.0 50.0 50.0 50.0 50.0 50.0 50.0 0.0 0.0 
0.0 0.0 0.0 50.0 50.0 50.0 50.0 0.0 0.0 0.0 
0.0 0.0 0.0 0.0 0.0 0.0 0.0 0.0 0.0 0.0 
0.0 0.0 0.0 0.0 0.0 0.0 0.0 0.0 0.0 0.0 
0.0 0.0 0.0 1.0 0.0 -3.0 0.0 0.0 0.0 0.0 
0.0 0.0 0.0 -1.0 -1.0 -4.0 0.0 1.0 0.0 0.0 
0.0 0.0 -1.0 -1.0 -2.0 0.0 -1.0 -2.0 -3.0 0.0 
0.0 0.0 -1.0 -2.0 -2.0 -2.0 -2.0 0.0 -1.0 0.0 
0.0 -1.0 -1.0 -2.0 -2.0 -2.0 -3.0 0.0 -1.0 0.0 
0.0 -3.0 -2.0 -3.0 -4.0 -3.0 -6.0 -2.0 -1.0 0.0 
0.0 0.0 -1.0 -2.0 -2.0 -3.0 -3.0 -2.0 0.0 0.0 
0.0 0.0 0.0 0.0 -2.0 -2.0 -2.0 0.0 0.0 0.0 
0.0 0.0 0.0 0.0 0.0 0.0 0.0 0.0 0.0 0.0 
0.0 0.0 0.0 0.0 0.0 0.0 0.0 0.0 0.0 0.0 
0.0 0.0 0.0 50.0 50.0 50.0 50.0 0.0 0.0 0.0 
0.0 0.0 50.0 50.0 50.0 5.0 50.0 50.0 0.0 0.0 
0.0 50.0 50.0 50.0 50.0 50.0 50.0 50.0 50.0 0.0 
50.0 50.0 50.0 50.0 50.0 50.0 50.0 0.0 50.0 0.0 
50.0 50.0 50.0 50.0 50.0 50.0 50.0 0.0 50.0 0.0 
0.0 50.0 50.0 5.0 2.0 5.0 1.0 50.0 50.0 0.0 
0.0 0.0 50.0 50.0 50.0 50.0 50.0 50.0 0.0 0.0 
0.0 0.0 0.0 50.0 50.0 50.0 50.0 0.0 0.0 0.0 
0.0 0.0 0.0 0.0 0.0 0.0 0.0 0.0 0.0 0.0 
0%
5%
1/11
16:33
02:17
11-04-2016
