y
y
MARCELO UFRGS
08-12-1930
85
Direito
100.0
3.32
1.3
Alta Sensibilidade Anormal
0.0 0.0 0.0 0.0 0.0 0.0 0.0 0.0 0.0 0.0 
0.0 0.0 0.0 31.0 31.0 30.0 28.0 0.0 0.0 0.0 
0.0 0.0 32.0 32.0 32.0 32.0 30.0 27.0 0.0 0.0 
0.0 32.0 33.0 33.0 33.0 33.0 31.0 29.0 31.0 0.0 
31.0 32.0 34.0 35.0 35.0 34.0 34.0 28.0 32.0 0.0 
32.0 31.0 33.0 34.0 35.0 34.0 34.0 5.0 32.0 0.0 
0.0 30.0 30.0 32.0 34.0 35.0 34.0 31.0 32.0 0.0 
0.0 0.0 30.0 30.0 33.0 34.0 33.0 33.0 0.0 0.0 
0.0 0.0 0.0 30.0 31.0 32.0 30.0 0.0 0.0 0.0 
0.0 0.0 0.0 0.0 0.0 0.0 0.0 0.0 0.0 0.0 
0.0 0.0 0.0 0.0 0.0 0.0 0.0 0.0 0.0 0.0 
0.0 0.0 0.0 6.0 6.0 5.0 3.0 0.0 0.0 0.0 
0.0 0.0 5.0 4.0 4.0 4.0 3.0 0.0 0.0 0.0 
0.0 5.0 4.0 4.0 3.0 4.0 2.0 1.0 4.0 0.0 
5.0 4.0 4.0 4.0 4.0 3.0 4.0 0.0 4.0 0.0 
6.0 3.0 3.0 3.0 4.0 3.0 4.0 0.0 3.0 0.0 
0.0 2.0 0.0 1.0 3.0 4.0 4.0 1.0 3.0 0.0 
0.0 0.0 1.0 0.0 3.0 4.0 4.0 4.0 0.0 0.0 
0.0 0.0 0.0 2.0 3.0 4.0 2.0 0.0 0.0 0.0 
0.0 0.0 0.0 0.0 0.0 0.0 0.0 0.0 0.0 0.0 
0.0 0.0 0.0 0.0 0.0 0.0 0.0 0.0 0.0 0.0 
0.0 0.0 0.0 50.0 50.0 50.0 50.0 0.0 0.0 0.0 
0.0 0.0 50.0 50.0 50.0 50.0 50.0 50.0 0.0 0.0 
0.0 50.0 50.0 50.0 50.0 50.0 50.0 50.0 50.0 0.0 
50.0 50.0 50.0 50.0 50.0 50.0 50.0 0.0 50.0 0.0 
50.0 50.0 50.0 50.0 50.0 50.0 50.0 0.0 50.0 0.0 
0.0 50.0 50.0 50.0 50.0 50.0 50.0 50.0 50.0 0.0 
0.0 0.0 50.0 50.0 50.0 50.0 50.0 50.0 0.0 0.0 
0.0 0.0 0.0 50.0 50.0 50.0 50.0 0.0 0.0 0.0 
0.0 0.0 0.0 0.0 0.0 0.0 0.0 0.0 0.0 0.0 
0.0 0.0 0.0 0.0 0.0 0.0 0.0 0.0 0.0 0.0 
0.0 0.0 0.0 1.0 1.0 0.0 -1.0 0.0 0.0 0.0 
0.0 0.0 1.0 0.0 0.0 -1.0 -1.0 -4.0 0.0 0.0 
0.0 0.0 -1.0 -1.0 -1.0 -1.0 -2.0 -4.0 0.0 0.0 
0.0 -1.0 0.0 0.0 0.0 -2.0 0.0 0.0 -1.0 0.0 
0.0 -2.0 -2.0 -1.0 -1.0 -2.0 -1.0 0.0 -1.0 0.0 
0.0 -2.0 -4.0 -3.0 -2.0 -1.0 -1.0 -3.0 -1.0 0.0 
0.0 0.0 -3.0 -4.0 -2.0 -1.0 -1.0 -1.0 0.0 0.0 
0.0 0.0 0.0 -2.0 -2.0 -1.0 -3.0 0.0 0.0 0.0 
0.0 0.0 0.0 0.0 0.0 0.0 0.0 0.0 0.0 0.0 
0.0 0.0 0.0 0.0 0.0 0.0 0.0 0.0 0.0 0.0 
0.0 0.0 0.0 50.0 50.0 50.0 50.0 0.0 0.0 0.0 
0.0 0.0 50.0 50.0 50.0 50.0 50.0 5.0 0.0 0.0 
0.0 50.0 50.0 50.0 50.0 50.0 50.0 5.0 50.0 0.0 
50.0 50.0 50.0 50.0 50.0 50.0 50.0 0.0 50.0 0.0 
50.0 50.0 50.0 50.0 50.0 50.0 50.0 0.0 50.0 0.0 
0.0 50.0 2.0 5.0 50.0 50.0 50.0 50.0 50.0 0.0 
0.0 0.0 50.0 5.0 50.0 50.0 50.0 50.0 0.0 0.0 
0.0 0.0 0.0 50.0 50.0 50.0 50.0 0.0 0.0 0.0 
0.0 0.0 0.0 0.0 0.0 0.0 0.0 0.0 0.0 0.0 
0%
13%
3/10
16:41
02:12
08-12-2015
