y
y
MARCELO UFRGS
08-12-1960
55
Esquerdo
99.0
0.44
1.34
Dentro dos limites normais
0.0 0.0 0.0 0.0 0.0 0.0 0.0 0.0 0.0 0.0 
0.0 0.0 0.0 29.0 29.0 28.0 33.0 0.0 0.0 0.0 
0.0 0.0 30.0 30.0 31.0 31.0 31.0 31.0 0.0 0.0 
0.0 33.0 29.0 31.0 31.0 31.0 31.0 31.0 30.0 0.0 
0.0 33.0 28.0 32.0 33.0 33.0 32.0 30.0 30.0 0.0 
0.0 34.0 0.0 32.0 33.0 32.0 33.0 33.0 31.0 0.0 
0.0 31.0 31.0 30.0 32.0 32.0 32.0 32.0 31.0 0.0 
0.0 0.0 31.0 31.0 31.0 31.0 29.0 30.0 0.0 0.0 
0.0 0.0 0.0 31.0 31.0 32.0 29.0 0.0 0.0 0.0 
0.0 0.0 0.0 0.0 0.0 0.0 0.0 0.0 0.0 0.0 
0.0 0.0 0.0 0.0 0.0 0.0 0.0 0.0 0.0 0.0 
0.0 0.0 0.0 2.0 2.0 1.0 5.0 0.0 0.0 0.0 
0.0 0.0 1.0 1.0 1.0 1.0 1.0 2.0 0.0 0.0 
0.0 4.0 -1.0 0.0 -1.0 -1.0 0.0 0.0 1.0 0.0 
0.0 3.0 0.0 0.0 1.0 0.0 -1.0 -1.0 0.0 0.0 
0.0 4.0 0.0 0.0 0.0 -1.0 0.0 1.0 1.0 0.0 
0.0 1.0 1.0 -2.0 0.0 0.0 0.0 0.0 1.0 0.0 
0.0 0.0 0.0 0.0 0.0 0.0 -2.0 0.0 0.0 0.0 
0.0 0.0 0.0 1.0 1.0 2.0 0.0 0.0 0.0 0.0 
0.0 0.0 0.0 0.0 0.0 0.0 0.0 0.0 0.0 0.0 
0.0 0.0 0.0 0.0 0.0 0.0 0.0 0.0 0.0 0.0 
0.0 0.0 0.0 50.0 50.0 50.0 50.0 0.0 0.0 0.0 
0.0 0.0 50.0 50.0 50.0 50.0 50.0 50.0 0.0 0.0 
0.0 50.0 50.0 50.0 50.0 50.0 50.0 50.0 50.0 0.0 
0.0 50.0 0.0 50.0 50.0 50.0 50.0 50.0 50.0 0.0 
0.0 50.0 0.0 50.0 50.0 50.0 50.0 50.0 50.0 0.0 
0.0 50.0 50.0 50.0 50.0 50.0 50.0 50.0 50.0 0.0 
0.0 0.0 50.0 50.0 50.0 50.0 50.0 50.0 0.0 0.0 
0.0 0.0 0.0 50.0 50.0 50.0 50.0 0.0 0.0 0.0 
0.0 0.0 0.0 0.0 0.0 0.0 0.0 0.0 0.0 0.0 
0.0 0.0 0.0 0.0 0.0 0.0 0.0 0.0 0.0 0.0 
0.0 0.0 0.0 0.0 0.0 -1.0 3.0 0.0 0.0 0.0 
0.0 0.0 -1.0 -1.0 -1.0 -1.0 -1.0 0.0 0.0 0.0 
0.0 2.0 -3.0 -2.0 -3.0 -3.0 -2.0 -2.0 -1.0 0.0 
0.0 1.0 0.0 -2.0 -1.0 -2.0 -3.0 -3.0 -2.0 -1.0 
0.0 2.0 0.0 -2.0 -2.0 -3.0 -1.0 -1.0 -1.0 0.0 
0.0 -1.0 -3.0 -4.0 -2.0 -2.0 -2.0 -2.0 -1.0 0.0 
0.0 0.0 -2.0 -2.0 -2.0 -2.0 -4.0 -2.0 0.0 0.0 
0.0 0.0 0.0 -1.0 -1.0 0.0 -2.0 0.0 0.0 0.0 
0.0 0.0 0.0 0.0 0.0 0.0 0.0 0.0 0.0 0.0 
0.0 0.0 0.0 0.0 0.0 0.0 0.0 0.0 0.0 0.0 
0.0 0.0 0.0 50.0 50.0 50.0 50.0 0.0 0.0 0.0 
0.0 0.0 50.0 50.0 50.0 50.0 50.0 50.0 0.0 0.0 
0.0 50.0 50.0 50.0 50.0 50.0 50.0 50.0 50.0 0.0 
0.0 50.0 0.0 50.0 50.0 50.0 50.0 5.0 50.0 0.0 
0.0 50.0 0.0 50.0 50.0 5.0 50.0 50.0 50.0 0.0 
0.0 50.0 50.0 5.0 50.0 50.0 50.0 50.0 50.0 0.0 
0.0 0.0 50.0 50.0 50.0 50.0 2.0 50.0 0.0 0.0 
0.0 0.0 0.0 50.0 50.0 50.0 50.0 0.0 0.0 0.0 
0.0 0.0 0.0 0.0 0.0 0.0 0.0 0.0 0.0 0.0 
0%
6%
2/10
16:29
02:28
08-12-2015
