y
y
MARCELO UFRGS
09-12-1945
70
Direito
100.0
2.36
1.13
Dentro dos limites normais
0.0 0.0 0.0 0.0 0.0 0.0 0.0 0.0 0.0 0.0 
0.0 0.0 0.0 28.0 30.0 29.0 28.0 0.0 0.0 0.0 
0.0 0.0 32.0 32.0 33.0 30.0 30.0 29.0 0.0 0.0 
0.0 32.0 31.0 32.0 34.0 32.0 32.0 31.0 34.0 0.0 
31.0 31.0 34.0 34.0 35.0 33.0 33.0 26.0 28.0 0.0 
29.0 31.0 35.0 34.0 34.0 34.0 33.0 0.0 32.0 0.0 
0.0 30.0 34.0 35.0 34.0 33.0 33.0 31.0 32.0 0.0 
0.0 0.0 30.0 32.0 33.0 31.0 33.0 33.0 0.0 0.0 
0.0 0.0 0.0 32.0 30.0 32.0 33.0 0.0 0.0 0.0 
0.0 0.0 0.0 0.0 0.0 0.0 0.0 0.0 0.0 0.0 
0.0 0.0 0.0 0.0 0.0 0.0 0.0 0.0 0.0 0.0 
0.0 0.0 0.0 2.0 4.0 3.0 2.0 0.0 0.0 0.0 
0.0 0.0 4.0 3.0 4.0 1.0 2.0 2.0 0.0 0.0 
0.0 3.0 1.0 2.0 3.0 1.0 3.0 2.0 6.0 0.0 
5.0 2.0 3.0 3.0 3.0 2.0 2.0 0.0 -1.0 0.0 
2.0 1.0 4.0 2.0 2.0 2.0 2.0 0.0 2.0 0.0 
0.0 2.0 4.0 3.0 3.0 1.0 2.0 0.0 2.0 0.0 
0.0 0.0 1.0 2.0 3.0 1.0 3.0 3.0 0.0 0.0 
0.0 0.0 0.0 3.0 1.0 3.0 3.0 0.0 0.0 0.0 
0.0 0.0 0.0 0.0 0.0 0.0 0.0 0.0 0.0 0.0 
0.0 0.0 0.0 0.0 0.0 0.0 0.0 0.0 0.0 0.0 
0.0 0.0 0.0 50.0 50.0 50.0 50.0 0.0 0.0 0.0 
0.0 0.0 50.0 50.0 50.0 50.0 50.0 50.0 0.0 0.0 
0.0 50.0 50.0 50.0 50.0 50.0 50.0 50.0 50.0 0.0 
50.0 50.0 50.0 50.0 50.0 50.0 50.0 0.0 50.0 0.0 
50.0 50.0 50.0 50.0 50.0 50.0 50.0 0.0 50.0 0.0 
0.0 50.0 50.0 50.0 50.0 50.0 50.0 50.0 50.0 0.0 
0.0 0.0 50.0 50.0 50.0 50.0 50.0 50.0 0.0 0.0 
0.0 0.0 0.0 50.0 50.0 50.0 50.0 0.0 0.0 0.0 
0.0 0.0 0.0 0.0 0.0 0.0 0.0 0.0 0.0 0.0 
0.0 0.0 0.0 0.0 0.0 0.0 0.0 0.0 0.0 0.0 
0.0 0.0 0.0 -2.0 0.0 -1.0 -1.0 0.0 0.0 0.0 
0.0 0.0 0.0 -1.0 0.0 -2.0 -2.0 -2.0 0.0 0.0 
0.0 0.0 -3.0 -2.0 0.0 -2.0 -1.0 -2.0 2.0 0.0 
0.0 -1.0 -1.0 -1.0 0.0 -2.0 -2.0 0.0 -5.0 0.0 
0.0 -2.0 0.0 -1.0 -2.0 -1.0 -2.0 0.0 -2.0 0.0 
0.0 -2.0 0.0 0.0 -1.0 -3.0 -2.0 -3.0 -1.0 0.0 
0.0 0.0 -2.0 -2.0 -1.0 -3.0 -1.0 -1.0 0.0 0.0 
0.0 0.0 0.0 -1.0 -3.0 -1.0 0.0 0.0 0.0 0.0 
0.0 0.0 0.0 0.0 0.0 0.0 0.0 0.0 0.0 0.0 
0.0 0.0 0.0 0.0 0.0 0.0 0.0 0.0 0.0 0.0 
0.0 0.0 0.0 50.0 50.0 50.0 50.0 0.0 0.0 0.0 
0.0 0.0 50.0 50.0 50.0 50.0 50.0 50.0 0.0 0.0 
0.0 50.0 50.0 50.0 50.0 50.0 50.0 50.0 50.0 0.0 
50.0 50.0 50.0 50.0 50.0 50.0 50.0 0.0 5.0 0.0 
50.0 50.0 50.0 50.0 50.0 50.0 50.0 0.0 50.0 0.0 
0.0 50.0 50.0 50.0 50.0 50.0 50.0 50.0 50.0 0.0 
0.0 0.0 50.0 50.0 50.0 50.0 50.0 50.0 0.0 0.0 
0.0 0.0 0.0 50.0 50.0 50.0 50.0 0.0 0.0 0.0 
0.0 0.0 0.0 0.0 0.0 0.0 0.0 0.0 0.0 0.0 
0%
3%
1/11
16:34
02:45
09-12-2015
