y
y
MARCELO UFRGS
09-12-1945
70
Esquerdo
100.0
1.59
1.04
Dentro dos limites normais
0.0 0.0 0.0 0.0 0.0 0.0 0.0 0.0 0.0 0.0 
0.0 0.0 0.0 30.0 28.0 29.0 30.0 0.0 0.0 0.0 
0.0 0.0 31.0 30.0 32.0 31.0 30.0 32.0 0.0 0.0 
0.0 31.0 30.0 32.0 33.0 32.0 30.0 31.0 31.0 0.0 
0.0 32.0 29.0 32.0 33.0 33.0 33.0 32.0 31.0 0.0 
0.0 32.0 0.0 33.0 32.0 33.0 34.0 33.0 31.0 0.0 
0.0 31.0 31.0 32.0 32.0 33.0 33.0 31.0 31.0 0.0 
0.0 0.0 30.0 32.0 31.0 32.0 31.0 32.0 0.0 0.0 
0.0 0.0 0.0 29.0 31.0 31.0 31.0 0.0 0.0 0.0 
0.0 0.0 0.0 0.0 0.0 0.0 0.0 0.0 0.0 0.0 
0.0 0.0 0.0 0.0 0.0 0.0 0.0 0.0 0.0 0.0 
0.0 0.0 0.0 4.0 1.0 2.0 3.0 0.0 0.0 0.0 
0.0 0.0 3.0 2.0 3.0 2.0 1.0 4.0 0.0 0.0 
0.0 2.0 1.0 2.0 3.0 1.0 0.0 1.0 3.0 0.0 
0.0 3.0 0.0 1.0 1.0 1.0 1.0 2.0 2.0 0.0 
0.0 2.0 0.0 2.0 0.0 1.0 2.0 2.0 2.0 0.0 
0.0 1.0 1.0 1.0 0.0 2.0 2.0 0.0 2.0 0.0 
0.0 0.0 1.0 2.0 0.0 2.0 0.0 2.0 0.0 0.0 
0.0 0.0 0.0 -1.0 2.0 2.0 2.0 0.0 0.0 0.0 
0.0 0.0 0.0 0.0 0.0 0.0 0.0 0.0 0.0 0.0 
0.0 0.0 0.0 0.0 0.0 0.0 0.0 0.0 0.0 0.0 
0.0 0.0 0.0 50.0 50.0 50.0 50.0 0.0 0.0 0.0 
0.0 0.0 50.0 50.0 50.0 50.0 50.0 50.0 0.0 0.0 
0.0 50.0 50.0 50.0 50.0 50.0 50.0 50.0 50.0 0.0 
0.0 50.0 0.0 50.0 50.0 50.0 50.0 50.0 50.0 0.0 
0.0 50.0 0.0 50.0 50.0 50.0 50.0 50.0 50.0 0.0 
0.0 50.0 50.0 50.0 50.0 50.0 50.0 50.0 50.0 0.0 
0.0 0.0 50.0 50.0 50.0 50.0 50.0 50.0 0.0 0.0 
0.0 0.0 0.0 50.0 50.0 50.0 50.0 0.0 0.0 0.0 
0.0 0.0 0.0 0.0 0.0 0.0 0.0 0.0 0.0 0.0 
0.0 0.0 0.0 0.0 0.0 0.0 0.0 0.0 0.0 0.0 
0.0 0.0 0.0 1.0 -2.0 -1.0 0.0 0.0 0.0 0.0 
0.0 0.0 0.0 -1.0 0.0 -1.0 -2.0 1.0 0.0 0.0 
0.0 -1.0 -3.0 -1.0 -1.0 -2.0 -4.0 -2.0 -1.0 0.0 
0.0 -1.0 0.0 -2.0 -2.0 -2.0 -2.0 -2.0 -1.0 1.0 
0.0 -1.0 0.0 -1.0 -3.0 -3.0 -1.0 -1.0 -1.0 1.0 
0.0 -2.0 -3.0 -2.0 -3.0 -2.0 -1.0 -3.0 -1.0 0.0 
0.0 0.0 -3.0 -1.0 -3.0 -2.0 -3.0 -1.0 0.0 0.0 
0.0 0.0 0.0 -4.0 -2.0 -1.0 -1.0 0.0 0.0 0.0 
0.0 0.0 0.0 0.0 0.0 0.0 0.0 0.0 0.0 0.0 
0.0 0.0 0.0 0.0 0.0 0.0 0.0 0.0 0.0 0.0 
0.0 0.0 0.0 50.0 50.0 50.0 50.0 0.0 0.0 0.0 
0.0 0.0 50.0 50.0 50.0 50.0 50.0 50.0 0.0 0.0 
0.0 50.0 50.0 50.0 50.0 50.0 5.0 50.0 50.0 0.0 
0.0 50.0 0.0 50.0 50.0 50.0 50.0 50.0 50.0 0.0 
0.0 50.0 0.0 50.0 50.0 50.0 50.0 50.0 50.0 0.0 
0.0 50.0 50.0 50.0 50.0 50.0 50.0 50.0 50.0 0.0 
0.0 0.0 50.0 50.0 50.0 50.0 50.0 50.0 0.0 0.0 
0.0 0.0 0.0 5.0 50.0 50.0 50.0 0.0 0.0 0.0 
0.0 0.0 0.0 0.0 0.0 0.0 0.0 0.0 0.0 0.0 
0%
0%
0/12
16:37
02:27
09-12-2015
