y
y
MARCELO UFRGS
08-12-1960
55
Direito
100.0
1.01
1.21
Dentro dos limites normais
0.0 0.0 0.0 0.0 0.0 0.0 0.0 0.0 0.0 0.0 
0.0 0.0 0.0 28.0 30.0 28.0 30.0 0.0 0.0 0.0 
0.0 0.0 32.0 32.0 32.0 32.0 32.0 28.0 0.0 0.0 
0.0 31.0 31.0 34.0 33.0 32.0 32.0 31.0 31.0 0.0 
30.0 31.0 33.0 32.0 34.0 35.0 34.0 29.0 33.0 0.0 
29.0 31.0 33.0 34.0 34.0 34.0 34.0 0.0 32.0 0.0 
0.0 30.0 31.0 33.0 31.0 31.0 33.0 31.0 33.0 0.0 
0.0 0.0 30.0 30.0 31.0 32.0 31.0 35.0 0.0 0.0 
0.0 0.0 0.0 29.0 30.0 31.0 29.0 0.0 0.0 0.0 
0.0 0.0 0.0 0.0 0.0 0.0 0.0 0.0 0.0 0.0 
0.0 0.0 0.0 0.0 0.0 0.0 0.0 0.0 0.0 0.0 
0.0 0.0 0.0 1.0 3.0 1.0 3.0 0.0 0.0 0.0 
0.0 0.0 3.0 2.0 2.0 2.0 3.0 0.0 0.0 0.0 
0.0 2.0 0.0 2.0 1.0 1.0 1.0 1.0 1.0 0.0 
2.0 1.0 1.0 0.0 1.0 2.0 2.0 0.0 3.0 0.0 
1.0 1.0 1.0 1.0 1.0 2.0 2.0 0.0 2.0 0.0 
0.0 0.0 -1.0 1.0 -1.0 -1.0 1.0 0.0 2.0 0.0 
0.0 0.0 0.0 -1.0 0.0 0.0 0.0 4.0 0.0 0.0 
0.0 0.0 0.0 0.0 0.0 1.0 -1.0 0.0 0.0 0.0 
0.0 0.0 0.0 0.0 0.0 0.0 0.0 0.0 0.0 0.0 
0.0 0.0 0.0 0.0 0.0 0.0 0.0 0.0 0.0 0.0 
0.0 0.0 0.0 50.0 50.0 50.0 50.0 0.0 0.0 0.0 
0.0 0.0 50.0 50.0 50.0 50.0 50.0 50.0 0.0 0.0 
0.0 50.0 50.0 50.0 50.0 50.0 50.0 50.0 50.0 0.0 
50.0 50.0 50.0 50.0 50.0 50.0 50.0 0.0 50.0 0.0 
50.0 50.0 50.0 50.0 50.0 50.0 50.0 0.0 50.0 0.0 
0.0 50.0 50.0 50.0 50.0 50.0 50.0 50.0 50.0 0.0 
0.0 0.0 50.0 50.0 50.0 50.0 50.0 50.0 0.0 0.0 
0.0 0.0 0.0 50.0 50.0 50.0 50.0 0.0 0.0 0.0 
0.0 0.0 0.0 0.0 0.0 0.0 0.0 0.0 0.0 0.0 
0.0 0.0 0.0 0.0 0.0 0.0 0.0 0.0 0.0 0.0 
0.0 0.0 0.0 -2.0 0.0 -1.0 0.0 0.0 0.0 0.0 
0.0 0.0 0.0 0.0 0.0 0.0 0.0 -3.0 0.0 0.0 
0.0 -1.0 -2.0 0.0 -1.0 -1.0 -1.0 -2.0 -1.0 0.0 
0.0 -2.0 -1.0 -3.0 -1.0 0.0 0.0 0.0 0.0 0.0 
0.0 -2.0 -1.0 -1.0 -2.0 -1.0 -1.0 0.0 -1.0 0.0 
0.0 -2.0 -3.0 -2.0 -4.0 -4.0 -1.0 -3.0 0.0 0.0 
0.0 0.0 -3.0 -4.0 -3.0 -2.0 -3.0 2.0 0.0 0.0 
0.0 0.0 0.0 -3.0 -2.0 -2.0 -3.0 0.0 0.0 0.0 
0.0 0.0 0.0 0.0 0.0 0.0 0.0 0.0 0.0 0.0 
0.0 0.0 0.0 0.0 0.0 0.0 0.0 0.0 0.0 0.0 
0.0 0.0 0.0 50.0 50.0 50.0 50.0 0.0 0.0 0.0 
0.0 0.0 50.0 50.0 50.0 50.0 50.0 50.0 0.0 0.0 
0.0 50.0 50.0 50.0 50.0 50.0 50.0 50.0 50.0 0.0 
50.0 50.0 50.0 50.0 50.0 50.0 50.0 0.0 50.0 0.0 
50.0 50.0 50.0 50.0 50.0 50.0 50.0 0.0 50.0 0.0 
0.0 50.0 50.0 50.0 2.0 5.0 50.0 50.0 50.0 0.0 
0.0 0.0 50.0 5.0 50.0 50.0 50.0 50.0 0.0 0.0 
0.0 0.0 0.0 50.0 50.0 50.0 50.0 0.0 0.0 0.0 
0.0 0.0 0.0 0.0 0.0 0.0 0.0 0.0 0.0 0.0 
0%
3%
1/10
16:27
02:20
08-12-2015
