y
y
MATHIAS UFRGS
20-10-1993
22
Direito
99.0
-0.93
1.56
Dentro dos limites normais
0.0 0.0 0.0 0.0 0.0 0.0 0.0 0.0 0.0 0.0 
0.0 0.0 0.0 30.0 28.0 25.0 28.0 0.0 0.0 0.0 
0.0 0.0 32.0 31.0 29.0 28.0 29.0 31.0 0.0 0.0 
0.0 29.0 32.0 35.0 31.0 31.0 33.0 31.0 28.0 0.0 
27.0 31.0 33.0 33.0 32.0 32.0 34.0 30.0 31.0 0.0 
29.0 31.0 34.0 34.0 33.0 34.0 34.0 0.0 29.0 0.0 
0.0 35.0 32.0 35.0 33.0 32.0 33.0 31.0 32.0 0.0 
0.0 0.0 30.0 32.0 32.0 29.0 33.0 34.0 0.0 0.0 
0.0 0.0 0.0 32.0 30.0 31.0 32.0 0.0 0.0 0.0 
0.0 0.0 0.0 0.0 0.0 0.0 0.0 0.0 0.0 0.0 
0.0 0.0 0.0 0.0 0.0 0.0 0.0 0.0 0.0 0.0 
0.0 0.0 0.0 0.0 -1.0 -5.0 -2.0 0.0 0.0 0.0 
0.0 0.0 1.0 -1.0 -3.0 -4.0 -3.0 0.0 0.0 0.0 
0.0 2.0 -1.0 1.0 -2.0 -3.0 0.0 -1.0 -3.0 0.0 
3.0 -1.0 0.0 -1.0 -3.0 -2.0 0.0 0.0 -1.0 0.0 
1.0 -1.0 1.0 0.0 -2.0 -1.0 0.0 0.0 -3.0 0.0 
0.0 3.0 0.0 1.0 -2.0 -2.0 0.0 -1.0 0.0 0.0 
0.0 0.0 1.0 -1.0 0.0 -4.0 1.0 1.0 0.0 0.0 
0.0 0.0 0.0 1.0 -2.0 -1.0 0.0 0.0 0.0 0.0 
0.0 0.0 0.0 0.0 0.0 0.0 0.0 0.0 0.0 0.0 
0.0 0.0 0.0 0.0 0.0 0.0 0.0 0.0 0.0 0.0 
0.0 0.0 0.0 50.0 50.0 5.0 50.0 0.0 0.0 0.0 
0.0 0.0 50.0 50.0 5.0 5.0 50.0 50.0 0.0 0.0 
0.0 50.0 50.0 50.0 50.0 50.0 50.0 50.0 50.0 0.0 
50.0 50.0 50.0 50.0 5.0 50.0 50.0 0.0 50.0 0.0 
50.0 50.0 50.0 50.0 50.0 50.0 50.0 0.0 50.0 0.0 
0.0 50.0 50.0 50.0 50.0 50.0 50.0 50.0 50.0 0.0 
0.0 0.0 50.0 50.0 50.0 2.0 50.0 50.0 0.0 0.0 
0.0 0.0 0.0 50.0 50.0 50.0 50.0 0.0 0.0 0.0 
0.0 0.0 0.0 0.0 0.0 0.0 0.0 0.0 0.0 0.0 
0.0 0.0 0.0 0.0 0.0 0.0 0.0 0.0 0.0 0.0 
0.0 0.0 0.0 -1.0 -2.0 -5.0 -2.0 0.0 0.0 0.0 
0.0 0.0 0.0 -2.0 -4.0 -4.0 -3.0 -1.0 0.0 0.0 
0.0 -3.0 -1.0 1.0 -3.0 -3.0 -1.0 -2.0 -4.0 0.0 
0.0 -1.0 -1.0 -2.0 -3.0 -3.0 0.0 0.0 -2.0 0.0 
0.0 -1.0 0.0 0.0 -2.0 -1.0 -1.0 0.0 -3.0 0.0 
0.0 3.0 -1.0 0.0 -2.0 -2.0 -1.0 -2.0 0.0 0.0 
0.0 0.0 -2.0 -1.0 -1.0 -5.0 0.0 1.0 0.0 0.0 
0.0 0.0 0.0 0.0 -2.0 -2.0 0.0 0.0 0.0 0.0 
0.0 0.0 0.0 0.0 0.0 0.0 0.0 0.0 0.0 0.0 
0.0 0.0 0.0 0.0 0.0 0.0 0.0 0.0 0.0 0.0 
0.0 0.0 0.0 50.0 50.0 5.0 50.0 0.0 0.0 0.0 
0.0 0.0 50.0 50.0 5.0 5.0 50.0 50.0 0.0 0.0 
0.0 50.0 50.0 50.0 50.0 50.0 50.0 50.0 50.0 0.0 
50.0 50.0 50.0 50.0 5.0 50.0 50.0 0.0 50.0 0.0 
50.0 50.0 50.0 50.0 50.0 50.0 50.0 0.0 50.0 0.0 
0.0 50.0 50.0 50.0 50.0 50.0 50.0 50.0 50.0 0.0 
0.0 0.0 50.0 50.0 50.0 1.0 50.0 50.0 0.0 0.0 
0.0 0.0 0.0 50.0 50.0 50.0 50.0 0.0 0.0 0.0 
0.0 0.0 0.0 0.0 0.0 0.0 0.0 0.0 0.0 0.0 
0%
0%
1/11
16:28
02:31
14-01-2016
