y
y
MATHIAS UFRGS
20-10-1993
22
Esquerdo
99.0
-1.42
1.76
Dentro dos limites normais
0.0 0.0 0.0 0.0 0.0 0.0 0.0 0.0 0.0 0.0 
0.0 0.0 0.0 25.0 25.0 24.0 29.0 0.0 0.0 0.0 
0.0 0.0 30.0 30.0 29.0 30.0 30.0 31.0 0.0 0.0 
0.0 32.0 33.0 30.0 30.0 31.0 33.0 30.0 30.0 0.0 
0.0 33.0 34.0 33.0 33.0 32.0 33.0 31.0 30.0 0.0 
0.0 34.0 0.0 34.0 34.0 32.0 32.0 32.0 31.0 0.0 
0.0 30.0 31.0 33.0 33.0 33.0 34.0 31.0 28.0 0.0 
0.0 0.0 34.0 34.0 31.0 32.0 31.0 32.0 0.0 0.0 
0.0 0.0 0.0 36.0 30.0 26.0 30.0 0.0 0.0 0.0 
0.0 0.0 0.0 0.0 0.0 0.0 0.0 0.0 0.0 0.0 
0.0 0.0 0.0 0.0 0.0 0.0 0.0 0.0 0.0 0.0 
0.0 0.0 0.0 -4.0 -5.0 -6.0 -1.0 0.0 0.0 0.0 
0.0 0.0 1.0 -2.0 -2.0 -2.0 -2.0 -1.0 0.0 0.0 
0.0 0.0 1.0 -2.0 -3.0 -2.0 0.0 -2.0 -2.0 0.0 
0.0 1.0 0.0 -1.0 -1.0 -3.0 -1.0 -2.0 -2.0 0.0 
0.0 2.0 0.0 0.0 0.0 -3.0 -2.0 -1.0 -1.0 0.0 
0.0 2.0 -2.0 0.0 -2.0 -1.0 0.0 -2.0 -3.0 0.0 
0.0 0.0 1.0 1.0 -2.0 -1.0 -2.0 0.0 0.0 0.0 
0.0 0.0 0.0 4.0 -2.0 -5.0 -1.0 0.0 0.0 0.0 
0.0 0.0 0.0 0.0 0.0 0.0 0.0 0.0 0.0 0.0 
0.0 0.0 0.0 0.0 0.0 0.0 0.0 0.0 0.0 0.0 
0.0 0.0 0.0 50.0 5.0 2.0 50.0 0.0 0.0 0.0 
0.0 0.0 50.0 50.0 50.0 50.0 50.0 50.0 0.0 0.0 
0.0 50.0 50.0 50.0 5.0 50.0 50.0 50.0 50.0 0.0 
0.0 50.0 0.0 50.0 50.0 50.0 50.0 50.0 50.0 0.0 
0.0 50.0 0.0 50.0 50.0 5.0 50.0 50.0 50.0 0.0 
0.0 50.0 50.0 50.0 50.0 50.0 50.0 50.0 50.0 0.0 
0.0 0.0 50.0 50.0 50.0 50.0 50.0 50.0 0.0 0.0 
0.0 0.0 0.0 50.0 50.0 2.0 50.0 0.0 0.0 0.0 
0.0 0.0 0.0 0.0 0.0 0.0 0.0 0.0 0.0 0.0 
0.0 0.0 0.0 0.0 0.0 0.0 0.0 0.0 0.0 0.0 
0.0 0.0 0.0 -4.0 -5.0 -6.0 -1.0 0.0 0.0 0.0 
0.0 0.0 -1.0 -2.0 -2.0 -2.0 -3.0 -1.0 0.0 0.0 
0.0 0.0 1.0 -3.0 -3.0 -3.0 -1.0 -2.0 -2.0 0.0 
0.0 0.0 0.0 -1.0 -2.0 -3.0 -1.0 -3.0 -3.0 -7.0 
0.0 2.0 0.0 0.0 -1.0 -3.0 -2.0 -1.0 -2.0 -1.0 
0.0 -3.0 -2.0 -1.0 -2.0 -1.0 0.0 -2.0 -3.0 0.0 
0.0 0.0 1.0 1.0 -2.0 -1.0 -2.0 0.0 0.0 0.0 
0.0 0.0 0.0 4.0 -2.0 -6.0 -1.0 0.0 0.0 0.0 
0.0 0.0 0.0 0.0 0.0 0.0 0.0 0.0 0.0 0.0 
0.0 0.0 0.0 0.0 0.0 0.0 0.0 0.0 0.0 0.0 
0.0 0.0 0.0 50.0 5.0 2.0 50.0 0.0 0.0 0.0 
0.0 0.0 50.0 50.0 50.0 50.0 50.0 50.0 0.0 0.0 
0.0 50.0 50.0 50.0 5.0 50.0 50.0 50.0 50.0 0.0 
0.0 50.0 0.0 50.0 50.0 50.0 50.0 50.0 50.0 0.0 
0.0 50.0 0.0 50.0 50.0 50.0 50.0 50.0 50.0 0.0 
0.0 50.0 50.0 50.0 50.0 50.0 50.0 50.0 50.0 0.0 
0.0 0.0 50.0 50.0 50.0 50.0 50.0 50.0 0.0 0.0 
0.0 0.0 0.0 50.0 50.0 1.0 50.0 0.0 0.0 0.0 
0.0 0.0 0.0 0.0 0.0 0.0 0.0 0.0 0.0 0.0 
0%
0%
0/11
16:17
02:52
14-01-2016
