y
y
MATHIAS UFRGS
20-10-1993
22
Esquerdo
97.0
-2.13
1.68
Dentro dos limites normais
0.0 0.0 0.0 0.0 0.0 0.0 0.0 0.0 0.0 0.0 
0.0 0.0 0.0 20.0 24.0 27.0 28.0 0.0 0.0 0.0 
0.0 0.0 30.0 28.0 26.0 27.0 29.0 31.0 0.0 0.0 
0.0 31.0 29.0 31.0 29.0 30.0 32.0 30.0 31.0 0.0 
0.0 32.0 29.0 33.0 33.0 31.0 31.0 32.0 28.0 0.0 
0.0 32.0 0.0 34.0 34.0 33.0 34.0 33.0 30.0 0.0 
0.0 32.0 31.0 33.0 32.0 31.0 33.0 31.0 30.0 0.0 
0.0 0.0 32.0 31.0 31.0 31.0 30.0 31.0 0.0 0.0 
0.0 0.0 0.0 28.0 25.0 29.0 27.0 0.0 0.0 0.0 
0.0 0.0 0.0 0.0 0.0 0.0 0.0 0.0 0.0 0.0 
0.0 0.0 0.0 0.0 0.0 0.0 0.0 0.0 0.0 0.0 
0.0 0.0 0.0 -9.0 -5.0 -3.0 -2.0 0.0 0.0 0.0 
0.0 0.0 1.0 -3.0 -5.0 -5.0 -3.0 -1.0 0.0 0.0 
0.0 1.0 3.0 -2.0 -4.0 -4.0 -2.0 -2.0 -1.0 0.0 
0.0 0.0 0.0 -1.0 -2.0 -4.0 -4.0 -2.0 -4.0 0.0 
0.0 0.0 0.0 0.0 0.0 -1.0 -1.0 0.0 -2.0 0.0 
0.0 0.0 2.0 -1.0 -2.0 -3.0 -1.0 -2.0 -1.0 0.0 
0.0 0.0 0.0 -2.0 -2.0 -1.0 -2.0 -1.0 0.0 0.0 
0.0 0.0 0.0 -4.0 -6.0 -2.0 -4.0 0.0 0.0 0.0 
0.0 0.0 0.0 0.0 0.0 0.0 0.0 0.0 0.0 0.0 
0.0 0.0 0.0 0.0 0.0 0.0 0.0 0.0 0.0 0.0 
0.0 0.0 0.0 2.0 5.0 50.0 50.0 0.0 0.0 0.0 
0.0 0.0 50.0 5.0 2.0 2.0 50.0 50.0 0.0 0.0 
0.0 50.0 50.0 50.0 2.0 2.0 50.0 50.0 50.0 0.0 
0.0 50.0 0.0 50.0 50.0 2.0 2.0 50.0 5.0 0.0 
0.0 50.0 0.0 50.0 50.0 50.0 50.0 50.0 50.0 0.0 
0.0 50.0 50.0 50.0 50.0 5.0 50.0 50.0 50.0 0.0 
0.0 0.0 50.0 50.0 50.0 50.0 50.0 50.0 0.0 0.0 
0.0 0.0 0.0 5.0 1.0 50.0 5.0 0.0 0.0 0.0 
0.0 0.0 0.0 0.0 0.0 0.0 0.0 0.0 0.0 0.0 
0.0 0.0 0.0 0.0 0.0 0.0 0.0 0.0 0.0 0.0 
0.0 0.0 0.0 -9.0 -5.0 -3.0 -2.0 0.0 0.0 0.0 
0.0 0.0 -1.0 -3.0 -5.0 -4.0 -2.0 0.0 0.0 0.0 
0.0 0.0 -2.0 -2.0 -4.0 -4.0 -1.0 -2.0 0.0 0.0 
0.0 0.0 0.0 -1.0 -1.0 -4.0 -3.0 -1.0 -3.0 -1.0 
0.0 0.0 0.0 0.0 0.0 -1.0 0.0 0.0 -1.0 0.0 
0.0 0.0 -2.0 0.0 -2.0 -2.0 0.0 -2.0 -1.0 0.0 
0.0 0.0 0.0 -1.0 -1.0 -1.0 -2.0 -1.0 0.0 0.0 
0.0 0.0 0.0 -3.0 -6.0 -2.0 -3.0 0.0 0.0 0.0 
0.0 0.0 0.0 0.0 0.0 0.0 0.0 0.0 0.0 0.0 
0.0 0.0 0.0 0.0 0.0 0.0 0.0 0.0 0.0 0.0 
0.0 0.0 0.0 2.0 5.0 50.0 50.0 0.0 0.0 0.0 
0.0 0.0 50.0 50.0 2.0 5.0 50.0 50.0 0.0 0.0 
0.0 50.0 50.0 50.0 5.0 5.0 50.0 50.0 50.0 0.0 
0.0 50.0 0.0 50.0 50.0 5.0 5.0 50.0 50.0 0.0 
0.0 50.0 0.0 50.0 50.0 50.0 50.0 50.0 50.0 0.0 
0.0 50.0 50.0 50.0 50.0 50.0 50.0 50.0 50.0 0.0 
0.0 0.0 50.0 50.0 50.0 50.0 50.0 50.0 0.0 0.0 
0.0 0.0 0.0 50.0 1.0 50.0 50.0 0.0 0.0 0.0 
0.0 0.0 0.0 0.0 0.0 0.0 0.0 0.0 0.0 0.0 
0%
0%
0/10
16:32
02:44
14-01-2016
