y
y
REIMANN UFRGS
14-03-1983
33
Direito
99.0
-1.72
1.65
Fora dos limites normais
0.0 0.0 0.0 0.0 0.0 0.0 0.0 0.0 0.0 0.0 
0.0 0.0 0.0 29.0 29.0 27.0 27.0 0.0 0.0 0.0 
0.0 0.0 29.0 30.0 29.0 28.0 28.0 28.0 0.0 0.0 
0.0 29.0 29.0 28.0 28.0 28.0 28.0 29.0 30.0 0.0 
29.0 29.0 31.0 31.0 32.0 31.0 30.0 32.0 28.0 0.0 
30.0 29.0 33.0 32.0 33.0 33.0 33.0 5.0 30.0 0.0 
0.0 35.0 33.0 32.0 32.0 31.0 33.0 30.0 28.0 0.0 
0.0 0.0 30.0 32.0 30.0 31.0 31.0 32.0 0.0 0.0 
0.0 0.0 0.0 30.0 30.0 29.0 32.0 0.0 0.0 0.0 
0.0 0.0 0.0 0.0 0.0 0.0 0.0 0.0 0.0 0.0 
0.0 0.0 0.0 0.0 0.0 0.0 0.0 0.0 0.0 0.0 
0.0 0.0 0.0 0.0 -1.0 -2.0 -2.0 0.0 0.0 0.0 
0.0 0.0 2.0 -1.0 -2.0 -3.0 -2.0 -2.0 0.0 0.0 
0.0 2.0 3.0 -5.0 -5.0 -5.0 -4.0 -2.0 -1.0 0.0 
0.0 2.0 2.0 -3.0 -2.0 -2.0 -3.0 0.0 -4.0 0.0 
1.0 -2.0 0.0 -1.0 -1.0 -1.0 -1.0 0.0 -2.0 0.0 
0.0 4.0 1.0 -1.0 -2.0 -2.0 0.0 -2.0 -3.0 0.0 
0.0 0.0 -2.0 0.0 -2.0 -1.0 -1.0 0.0 0.0 0.0 
0.0 0.0 0.0 0.0 -1.0 -2.0 0.0 0.0 0.0 0.0 
0.0 0.0 0.0 0.0 0.0 0.0 0.0 0.0 0.0 0.0 
0.0 0.0 0.0 0.0 0.0 0.0 0.0 0.0 0.0 0.0 
0.0 0.0 0.0 50.0 50.0 50.0 50.0 0.0 0.0 0.0 
0.0 0.0 50.0 50.0 50.0 50.0 50.0 50.0 0.0 0.0 
0.0 50.0 5.0 1.0 1.0 1.0 5.0 50.0 50.0 0.0 
50.0 50.0 50.0 5.0 50.0 50.0 5.0 0.0 5.0 0.0 
50.0 50.0 50.0 50.0 50.0 50.0 50.0 0.0 50.0 0.0 
0.0 50.0 50.0 50.0 50.0 50.0 50.0 50.0 50.0 0.0 
0.0 0.0 50.0 50.0 50.0 50.0 50.0 50.0 0.0 0.0 
0.0 0.0 0.0 50.0 50.0 50.0 50.0 0.0 0.0 0.0 
0.0 0.0 0.0 0.0 0.0 0.0 0.0 0.0 0.0 0.0 
0.0 0.0 0.0 0.0 0.0 0.0 0.0 0.0 0.0 0.0 
0.0 0.0 0.0 0.0 0.0 -2.0 -1.0 0.0 0.0 0.0 
0.0 0.0 -2.0 -1.0 -2.0 -3.0 -2.0 -2.0 0.0 0.0 
0.0 -2.0 -3.0 -5.0 -5.0 -5.0 -4.0 -2.0 -1.0 0.0 
0.0 -2.0 -2.0 -2.0 -2.0 -2.0 -3.0 0.0 -4.0 0.0 
0.0 -2.0 0.0 -1.0 -1.0 -1.0 0.0 0.0 -2.0 0.0 
0.0 4.0 1.0 -1.0 -2.0 -2.0 0.0 -2.0 -3.0 0.0 
0.0 0.0 -2.0 0.0 -2.0 -1.0 -1.0 0.0 0.0 0.0 
0.0 0.0 0.0 0.0 0.0 -2.0 0.0 0.0 0.0 0.0 
0.0 0.0 0.0 0.0 0.0 0.0 0.0 0.0 0.0 0.0 
0.0 0.0 0.0 0.0 0.0 0.0 0.0 0.0 0.0 0.0 
0.0 0.0 0.0 50.0 50.0 50.0 50.0 0.0 0.0 0.0 
0.0 0.0 50.0 50.0 50.0 50.0 50.0 50.0 0.0 0.0 
0.0 50.0 50.0 1.0 1.0 2.0 5.0 50.0 50.0 0.0 
50.0 50.0 50.0 50.0 50.0 50.0 50.0 0.0 50.0 0.0 
50.0 50.0 50.0 50.0 50.0 50.0 50.0 0.0 50.0 0.0 
0.0 50.0 50.0 50.0 50.0 50.0 50.0 50.0 50.0 0.0 
0.0 0.0 50.0 50.0 50.0 50.0 50.0 50.0 0.0 0.0 
0.0 0.0 0.0 50.0 50.0 50.0 50.0 0.0 0.0 0.0 
0.0 0.0 0.0 0.0 0.0 0.0 0.0 0.0 0.0 0.0 
0%
0%
0/11
17:33
02:58
16-03-2016
