y
y
REIMANN UFRGS
14-03-1983
33
Direito
98.0
-2.23
1.64
Dentro dos limites normais
0.0 0.0 0.0 0.0 0.0 0.0 0.0 0.0 0.0 0.0 
0.0 0.0 0.0 28.0 29.0 29.0 29.0 0.0 0.0 0.0 
0.0 0.0 28.0 30.0 29.0 29.0 30.0 31.0 0.0 0.0 
0.0 27.0 27.0 29.0 29.0 29.0 30.0 32.0 27.0 0.0 
27.0 29.0 30.0 31.0 31.0 32.0 30.0 30.0 28.0 0.0 
30.0 30.0 32.0 31.0 32.0 31.0 32.0 3.0 24.0 0.0 
0.0 27.0 31.0 31.0 32.0 30.0 31.0 29.0 30.0 0.0 
0.0 0.0 28.0 31.0 32.0 30.0 29.0 30.0 0.0 0.0 
0.0 0.0 0.0 30.0 31.0 28.0 33.0 0.0 0.0 0.0 
0.0 0.0 0.0 0.0 0.0 0.0 0.0 0.0 0.0 0.0 
0.0 0.0 0.0 0.0 0.0 0.0 0.0 0.0 0.0 0.0 
0.0 0.0 0.0 -1.0 0.0 0.0 0.0 0.0 0.0 0.0 
0.0 0.0 3.0 -1.0 -2.0 -2.0 -1.0 1.0 0.0 0.0 
0.0 4.0 5.0 -4.0 -4.0 -4.0 -2.0 1.0 -4.0 0.0 
2.0 3.0 3.0 -3.0 -3.0 -2.0 -3.0 0.0 -3.0 0.0 
1.0 1.0 1.0 -3.0 -2.0 -3.0 -2.0 0.0 -8.0 0.0 
0.0 4.0 1.0 -2.0 -1.0 -4.0 -2.0 -3.0 -2.0 0.0 
0.0 0.0 4.0 -1.0 -1.0 -2.0 -3.0 -2.0 0.0 0.0 
0.0 0.0 0.0 -1.0 0.0 -3.0 2.0 0.0 0.0 0.0 
0.0 0.0 0.0 0.0 0.0 0.0 0.0 0.0 0.0 0.0 
0.0 0.0 0.0 0.0 0.0 0.0 0.0 0.0 0.0 0.0 
0.0 0.0 0.0 50.0 50.0 50.0 50.0 0.0 0.0 0.0 
0.0 0.0 50.0 50.0 50.0 50.0 50.0 50.0 0.0 0.0 
0.0 5.0 1.0 1.0 1.0 5.0 50.0 50.0 5.0 0.0 
50.0 50.0 5.0 5.0 50.0 50.0 5.0 0.0 5.0 0.0 
50.0 50.0 50.0 5.0 50.0 5.0 50.0 0.0 1.0 0.0 
0.0 5.0 50.0 50.0 50.0 2.0 50.0 5.0 50.0 0.0 
0.0 0.0 5.0 50.0 50.0 50.0 5.0 50.0 0.0 0.0 
0.0 0.0 0.0 50.0 50.0 5.0 50.0 0.0 0.0 0.0 
0.0 0.0 0.0 0.0 0.0 0.0 0.0 0.0 0.0 0.0 
0.0 0.0 0.0 0.0 0.0 0.0 0.0 0.0 0.0 0.0 
0.0 0.0 0.0 -1.0 0.0 0.0 1.0 0.0 0.0 0.0 
0.0 0.0 -2.0 -1.0 -2.0 -1.0 0.0 1.0 0.0 0.0 
0.0 -3.0 -4.0 -4.0 -4.0 -3.0 -2.0 1.0 -4.0 0.0 
0.0 -2.0 -2.0 -3.0 -2.0 -2.0 -2.0 0.0 -3.0 0.0 
0.0 -1.0 -1.0 -2.0 -1.0 -3.0 -1.0 0.0 -7.0 0.0 
0.0 -4.0 -1.0 -2.0 -1.0 -4.0 -2.0 -3.0 -1.0 0.0 
0.0 0.0 -3.0 -1.0 0.0 -2.0 -2.0 -1.0 0.0 0.0 
0.0 0.0 0.0 0.0 0.0 -3.0 2.0 0.0 0.0 0.0 
0.0 0.0 0.0 0.0 0.0 0.0 0.0 0.0 0.0 0.0 
0.0 0.0 0.0 0.0 0.0 0.0 0.0 0.0 0.0 0.0 
0.0 0.0 0.0 50.0 50.0 50.0 50.0 0.0 0.0 0.0 
0.0 0.0 50.0 50.0 50.0 50.0 50.0 50.0 0.0 0.0 
0.0 50.0 2.0 2.0 2.0 50.0 50.0 50.0 50.0 0.0 
50.0 50.0 50.0 50.0 50.0 50.0 50.0 0.0 50.0 0.0 
50.0 50.0 50.0 50.0 50.0 50.0 50.0 0.0 1.0 0.0 
0.0 5.0 50.0 50.0 50.0 5.0 50.0 50.0 50.0 0.0 
0.0 0.0 50.0 50.0 50.0 50.0 50.0 50.0 0.0 0.0 
0.0 0.0 0.0 50.0 50.0 50.0 50.0 0.0 0.0 0.0 
0.0 0.0 0.0 0.0 0.0 0.0 0.0 0.0 0.0 0.0 
0%
4%
0/10
17:07
03:11
16-03-2016
