y
y
RODRIGO UFRGS
15-09-1993
22
Direito
99.0
-1.03
1.34
Dentro dos limites normais
0.0 0.0 0.0 0.0 0.0 0.0 0.0 0.0 0.0 0.0 
0.0 0.0 0.0 27.0 28.0 27.0 29.0 0.0 0.0 0.0 
0.0 0.0 29.0 32.0 33.0 32.0 30.0 27.0 0.0 0.0 
0.0 32.0 33.0 33.0 34.0 33.0 33.0 28.0 31.0 0.0 
30.0 30.0 33.0 33.0 33.0 33.0 33.0 30.0 28.0 0.0 
25.0 32.0 34.0 34.0 34.0 34.0 32.0 7.0 31.0 0.0 
0.0 32.0 32.0 32.0 33.0 33.0 32.0 29.0 32.0 0.0 
0.0 0.0 30.0 29.0 31.0 31.0 30.0 33.0 0.0 0.0 
0.0 0.0 0.0 32.0 28.0 31.0 32.0 0.0 0.0 0.0 
0.0 0.0 0.0 0.0 0.0 0.0 0.0 0.0 0.0 0.0 
0.0 0.0 0.0 0.0 0.0 0.0 0.0 0.0 0.0 0.0 
0.0 0.0 0.0 -3.0 -2.0 -2.0 -1.0 0.0 0.0 0.0 
0.0 0.0 -2.0 0.0 1.0 0.0 -1.0 -4.0 0.0 0.0 
0.0 0.0 0.0 0.0 1.0 0.0 0.0 -4.0 0.0 0.0 
0.0 -1.0 0.0 -1.0 -2.0 -1.0 0.0 0.0 -4.0 0.0 
-5.0 0.0 0.0 -1.0 -1.0 -1.0 -2.0 0.0 -1.0 0.0 
0.0 0.0 1.0 -2.0 -1.0 -1.0 -2.0 -4.0 0.0 0.0 
0.0 0.0 2.0 -3.0 -2.0 -2.0 -2.0 1.0 0.0 0.0 
0.0 0.0 0.0 1.0 -3.0 -1.0 0.0 0.0 0.0 0.0 
0.0 0.0 0.0 0.0 0.0 0.0 0.0 0.0 0.0 0.0 
0.0 0.0 0.0 0.0 0.0 0.0 0.0 0.0 0.0 0.0 
0.0 0.0 0.0 50.0 50.0 50.0 50.0 0.0 0.0 0.0 
0.0 0.0 50.0 50.0 50.0 50.0 50.0 5.0 0.0 0.0 
0.0 50.0 50.0 50.0 50.0 50.0 50.0 5.0 50.0 0.0 
50.0 50.0 50.0 50.0 50.0 50.0 50.0 0.0 5.0 0.0 
5.0 50.0 50.0 50.0 50.0 50.0 50.0 0.0 50.0 0.0 
0.0 50.0 50.0 50.0 50.0 50.0 50.0 5.0 50.0 0.0 
0.0 0.0 50.0 5.0 50.0 50.0 50.0 50.0 0.0 0.0 
0.0 0.0 0.0 50.0 5.0 50.0 50.0 0.0 0.0 0.0 
0.0 0.0 0.0 0.0 0.0 0.0 0.0 0.0 0.0 0.0 
0.0 0.0 0.0 0.0 0.0 0.0 0.0 0.0 0.0 0.0 
0.0 0.0 0.0 -3.0 -3.0 -2.0 -1.0 0.0 0.0 0.0 
0.0 0.0 -2.0 0.0 0.0 0.0 -2.0 -5.0 0.0 0.0 
0.0 0.0 0.0 0.0 0.0 0.0 0.0 -4.0 -1.0 0.0 
0.0 -2.0 0.0 -2.0 -2.0 -2.0 -1.0 0.0 -5.0 0.0 
0.0 0.0 0.0 -1.0 -1.0 -1.0 -2.0 0.0 -2.0 0.0 
0.0 0.0 -1.0 -2.0 -2.0 -2.0 -2.0 -4.0 -1.0 0.0 
0.0 0.0 -2.0 -3.0 -2.0 -2.0 -3.0 1.0 0.0 0.0 
0.0 0.0 0.0 1.0 -4.0 -1.0 0.0 0.0 0.0 0.0 
0.0 0.0 0.0 0.0 0.0 0.0 0.0 0.0 0.0 0.0 
0.0 0.0 0.0 0.0 0.0 0.0 0.0 0.0 0.0 0.0 
0.0 0.0 0.0 50.0 50.0 50.0 50.0 0.0 0.0 0.0 
0.0 0.0 50.0 50.0 50.0 50.0 50.0 5.0 0.0 0.0 
0.0 50.0 50.0 50.0 50.0 50.0 50.0 5.0 50.0 0.0 
50.0 50.0 50.0 50.0 50.0 50.0 50.0 0.0 5.0 0.0 
5.0 50.0 50.0 50.0 50.0 50.0 50.0 0.0 50.0 0.0 
0.0 50.0 50.0 50.0 50.0 50.0 50.0 5.0 50.0 0.0 
0.0 0.0 50.0 5.0 50.0 50.0 50.0 50.0 0.0 0.0 
0.0 0.0 0.0 50.0 5.0 50.0 50.0 0.0 0.0 0.0 
0.0 0.0 0.0 0.0 0.0 0.0 0.0 0.0 0.0 0.0 
0%
0%
1/10
15:51
02:40
04-02-2016
