y
y
SERGIO UFRGS
20-08-1987
28
Direito
98.0
-1.17
1.5
Linha de Fronteira
0.0 0.0 0.0 0.0 0.0 0.0 0.0 0.0 0.0 0.0 
0.0 0.0 0.0 27.0 29.0 29.0 30.0 0.0 0.0 0.0 
0.0 0.0 31.0 32.0 31.0 29.0 28.0 30.0 0.0 0.0 
0.0 29.0 28.0 33.0 31.0 30.0 33.0 31.0 31.0 0.0 
29.0 30.0 32.0 33.0 32.0 33.0 32.0 30.0 29.0 0.0 
29.0 30.0 33.0 32.0 31.0 32.0 33.0 33.0 28.0 0.0 
0.0 30.0 33.0 33.0 30.0 32.0 34.0 31.0 30.0 0.0 
0.0 0.0 34.0 33.0 32.0 32.0 33.0 33.0 0.0 0.0 
0.0 0.0 0.0 29.0 29.0 31.0 29.0 0.0 0.0 0.0 
0.0 0.0 0.0 0.0 0.0 0.0 0.0 0.0 0.0 0.0 
0.0 0.0 0.0 0.0 0.0 0.0 0.0 0.0 0.0 0.0 
0.0 0.0 0.0 -2.0 0.0 0.0 1.0 0.0 0.0 0.0 
0.0 0.0 0.0 0.0 0.0 -2.0 -3.0 -1.0 0.0 0.0 
0.0 2.0 -4.0 0.0 -2.0 -3.0 0.0 -1.0 0.0 0.0 
1.0 2.0 1.0 -1.0 -2.0 -1.0 -2.0 0.0 -2.0 0.0 
1.0 -2.0 0.0 -2.0 -4.0 -2.0 0.0 0.0 -4.0 0.0 
0.0 -1.0 1.0 -1.0 -4.0 -2.0 0.0 -2.0 -2.0 0.0 
0.0 0.0 2.0 0.0 -1.0 0.0 1.0 1.0 0.0 0.0 
0.0 0.0 0.0 -1.0 -2.0 0.0 -3.0 0.0 0.0 0.0 
0.0 0.0 0.0 0.0 0.0 0.0 0.0 0.0 0.0 0.0 
0.0 0.0 0.0 0.0 0.0 0.0 0.0 0.0 0.0 0.0 
0.0 0.0 0.0 50.0 50.0 50.0 50.0 0.0 0.0 0.0 
0.0 0.0 50.0 50.0 50.0 50.0 50.0 50.0 0.0 0.0 
0.0 50.0 2.0 50.0 50.0 5.0 50.0 50.0 50.0 0.0 
50.0 50.0 50.0 50.0 50.0 50.0 50.0 0.0 50.0 0.0 
50.0 50.0 50.0 50.0 2.0 50.0 50.0 0.0 5.0 0.0 
0.0 50.0 50.0 50.0 2.0 50.0 50.0 50.0 50.0 0.0 
0.0 0.0 50.0 50.0 50.0 50.0 50.0 50.0 0.0 0.0 
0.0 0.0 0.0 50.0 50.0 50.0 50.0 0.0 0.0 0.0 
0.0 0.0 0.0 0.0 0.0 0.0 0.0 0.0 0.0 0.0 
0.0 0.0 0.0 0.0 0.0 0.0 0.0 0.0 0.0 0.0 
0.0 0.0 0.0 -3.0 0.0 -1.0 1.0 0.0 0.0 0.0 
0.0 0.0 -1.0 0.0 -1.0 -2.0 -3.0 -1.0 0.0 0.0 
0.0 -3.0 -4.0 -1.0 -2.0 -4.0 0.0 -1.0 0.0 0.0 
0.0 -2.0 -2.0 -1.0 -3.0 -2.0 -2.0 0.0 -3.0 0.0 
0.0 -2.0 0.0 -2.0 -4.0 -3.0 -1.0 0.0 -5.0 0.0 
0.0 -1.0 1.0 -1.0 -4.0 -3.0 0.0 -2.0 -2.0 0.0 
0.0 0.0 2.0 0.0 -1.0 -1.0 0.0 0.0 0.0 0.0 
0.0 0.0 0.0 -2.0 -3.0 0.0 -3.0 0.0 0.0 0.0 
0.0 0.0 0.0 0.0 0.0 0.0 0.0 0.0 0.0 0.0 
0.0 0.0 0.0 0.0 0.0 0.0 0.0 0.0 0.0 0.0 
0.0 0.0 0.0 50.0 50.0 50.0 50.0 0.0 0.0 0.0 
0.0 0.0 50.0 50.0 50.0 50.0 50.0 50.0 0.0 0.0 
0.0 50.0 2.0 50.0 50.0 5.0 50.0 50.0 50.0 0.0 
50.0 50.0 50.0 50.0 50.0 50.0 50.0 0.0 50.0 0.0 
50.0 50.0 50.0 50.0 1.0 50.0 50.0 0.0 5.0 0.0 
0.0 50.0 50.0 50.0 1.0 50.0 50.0 50.0 50.0 0.0 
0.0 0.0 50.0 50.0 50.0 50.0 50.0 50.0 0.0 0.0 
0.0 0.0 0.0 50.0 50.0 50.0 50.0 0.0 0.0 0.0 
0.0 0.0 0.0 0.0 0.0 0.0 0.0 0.0 0.0 0.0 
0%
0%
9/11
16:14
02:55
29-02-2016
