y
y
VINICIUS B
15-08-1992
23
Direito
97.0
-2.92
1.76
Linha de Fronteira
0.0 0.0 0.0 0.0 0.0 0.0 0.0 0.0 0.0 0.0 
0.0 0.0 0.0 27.0 24.0 25.0 25.0 0.0 0.0 0.0 
0.0 0.0 28.0 29.0 27.0 27.0 25.0 28.0 0.0 0.0 
0.0 26.0 27.0 30.0 31.0 30.0 30.0 31.0 31.0 0.0 
28.0 27.0 27.0 29.0 32.0 32.0 30.0 30.0 29.0 0.0 
25.0 29.0 28.0 31.0 33.0 33.0 32.0 25.0 31.0 0.0 
0.0 29.0 31.0 34.0 30.0 31.0 33.0 28.0 32.0 0.0 
0.0 0.0 30.0 32.0 32.0 31.0 31.0 31.0 0.0 0.0 
0.0 0.0 0.0 28.0 30.0 28.0 28.0 0.0 0.0 0.0 
0.0 0.0 0.0 0.0 0.0 0.0 0.0 0.0 0.0 0.0 
0.0 0.0 0.0 0.0 0.0 0.0 0.0 0.0 0.0 0.0 
0.0 0.0 0.0 -3.0 -6.0 -4.0 -4.0 0.0 0.0 0.0 
0.0 0.0 3.0 -3.0 -5.0 -4.0 -6.0 -3.0 0.0 0.0 
0.0 6.0 5.0 -3.0 -3.0 -3.0 -3.0 -1.0 -1.0 0.0 
2.0 5.0 6.0 -5.0 -2.0 -2.0 -4.0 0.0 -3.0 0.0 
5.0 3.0 5.0 -3.0 -2.0 -1.0 -2.0 0.0 -1.0 0.0 
0.0 2.0 -2.0 1.0 -4.0 -3.0 -1.0 -5.0 0.0 0.0 
0.0 0.0 2.0 -1.0 -1.0 -2.0 -2.0 -1.0 0.0 0.0 
0.0 0.0 0.0 -3.0 -1.0 -3.0 -3.0 0.0 0.0 0.0 
0.0 0.0 0.0 0.0 0.0 0.0 0.0 0.0 0.0 0.0 
0.0 0.0 0.0 0.0 0.0 0.0 0.0 0.0 0.0 0.0 
0.0 0.0 0.0 50.0 2.0 5.0 50.0 0.0 0.0 0.0 
0.0 0.0 5.0 5.0 2.0 5.0 2.0 50.0 0.0 0.0 
0.0 2.0 1.0 5.0 5.0 5.0 5.0 50.0 50.0 0.0 
50.0 2.0 0.5 1.0 50.0 50.0 5.0 0.0 50.0 0.0 
5.0 5.0 1.0 5.0 50.0 50.0 50.0 0.0 50.0 0.0 
0.0 50.0 50.0 50.0 2.0 5.0 50.0 2.0 50.0 0.0 
0.0 0.0 50.0 50.0 50.0 50.0 50.0 50.0 0.0 0.0 
0.0 0.0 0.0 5.0 50.0 5.0 5.0 0.0 0.0 0.0 
0.0 0.0 0.0 0.0 0.0 0.0 0.0 0.0 0.0 0.0 
0.0 0.0 0.0 0.0 0.0 0.0 0.0 0.0 0.0 0.0 
0.0 0.0 0.0 -2.0 -5.0 -3.0 -3.0 0.0 0.0 0.0 
0.0 0.0 -2.0 -2.0 -4.0 -3.0 -5.0 -2.0 0.0 0.0 
0.0 -5.0 -4.0 -2.0 -2.0 -2.0 -2.0 0.0 0.0 0.0 
0.0 -4.0 -5.0 -4.0 -1.0 -1.0 -3.0 0.0 -2.0 0.0 
0.0 -2.0 -4.0 -2.0 -1.0 0.0 -1.0 0.0 0.0 0.0 
0.0 -1.0 -1.0 2.0 -3.0 -2.0 0.0 -4.0 1.0 0.0 
0.0 0.0 -1.0 0.0 0.0 -1.0 0.0 0.0 0.0 0.0 
0.0 0.0 0.0 -2.0 0.0 -2.0 -2.0 0.0 0.0 0.0 
0.0 0.0 0.0 0.0 0.0 0.0 0.0 0.0 0.0 0.0 
0.0 0.0 0.0 0.0 0.0 0.0 0.0 0.0 0.0 0.0 
0.0 0.0 0.0 50.0 5.0 50.0 50.0 0.0 0.0 0.0 
0.0 0.0 50.0 50.0 5.0 50.0 5.0 50.0 0.0 0.0 
0.0 5.0 2.0 50.0 50.0 50.0 50.0 50.0 50.0 0.0 
50.0 5.0 0.5 2.0 50.0 50.0 50.0 0.0 50.0 0.0 
50.0 50.0 2.0 50.0 50.0 50.0 50.0 0.0 50.0 0.0 
0.0 50.0 50.0 50.0 50.0 50.0 50.0 5.0 50.0 0.0 
0.0 0.0 50.0 50.0 50.0 50.0 50.0 50.0 0.0 0.0 
0.0 0.0 0.0 50.0 50.0 50.0 50.0 0.0 0.0 0.0 
0.0 0.0 0.0 0.0 0.0 0.0 0.0 0.0 0.0 0.0 
4%
0%
2/11
16:30
03:50
18-03-2016
