y
y
VINICIUS B
15-08-1992
23
Esquerdo
98.0
-1.32
1.47
Linha de Fronteira
0.0 0.0 0.0 0.0 0.0 0.0 0.0 0.0 0.0 0.0 
0.0 0.0 0.0 32.0 27.0 28.0 28.0 0.0 0.0 0.0 
0.0 0.0 30.0 29.0 30.0 29.0 29.0 29.0 0.0 0.0 
0.0 31.0 29.0 31.0 33.0 29.0 30.0 30.0 30.0 0.0 
0.0 32.0 28.0 33.0 34.0 32.0 32.0 32.0 31.0 0.0 
0.0 31.0 25.0 32.0 33.0 31.0 33.0 33.0 31.0 0.0 
0.0 33.0 33.0 33.0 31.0 30.0 34.0 33.0 33.0 0.0 
0.0 0.0 31.0 33.0 31.0 31.0 33.0 30.0 0.0 0.0 
0.0 0.0 0.0 32.0 29.0 29.0 32.0 0.0 0.0 0.0 
0.0 0.0 0.0 0.0 0.0 0.0 0.0 0.0 0.0 0.0 
0.0 0.0 0.0 0.0 0.0 0.0 0.0 0.0 0.0 0.0 
0.0 0.0 0.0 3.0 -2.0 -2.0 -2.0 0.0 0.0 0.0 
0.0 0.0 1.0 -2.0 -1.0 -3.0 -3.0 -2.0 0.0 0.0 
0.0 1.0 3.0 -2.0 -1.0 -4.0 -3.0 -2.0 -1.0 0.0 
0.0 0.0 0.0 -1.0 0.0 -2.0 -2.0 -1.0 -1.0 0.0 
0.0 -1.0 0.0 -2.0 -1.0 -4.0 -2.0 0.0 -1.0 0.0 
0.0 1.0 0.0 -1.0 -3.0 -4.0 0.0 0.0 1.0 0.0 
0.0 0.0 -1.0 1.0 -2.0 -1.0 0.0 -1.0 0.0 0.0 
0.0 0.0 0.0 0.0 -2.0 -2.0 1.0 0.0 0.0 0.0 
0.0 0.0 0.0 0.0 0.0 0.0 0.0 0.0 0.0 0.0 
0.0 0.0 0.0 0.0 0.0 0.0 0.0 0.0 0.0 0.0 
0.0 0.0 0.0 50.0 50.0 50.0 50.0 0.0 0.0 0.0 
0.0 0.0 50.0 50.0 50.0 50.0 50.0 50.0 0.0 0.0 
0.0 50.0 50.0 50.0 50.0 2.0 2.0 50.0 50.0 0.0 
0.0 50.0 0.0 50.0 50.0 50.0 50.0 50.0 50.0 0.0 
0.0 50.0 0.0 50.0 50.0 2.0 50.0 50.0 50.0 0.0 
0.0 50.0 50.0 50.0 5.0 2.0 50.0 50.0 50.0 0.0 
0.0 0.0 50.0 50.0 50.0 50.0 50.0 50.0 0.0 0.0 
0.0 0.0 0.0 50.0 50.0 50.0 50.0 0.0 0.0 0.0 
0.0 0.0 0.0 0.0 0.0 0.0 0.0 0.0 0.0 0.0 
0.0 0.0 0.0 0.0 0.0 0.0 0.0 0.0 0.0 0.0 
0.0 0.0 0.0 2.0 -3.0 -2.0 -3.0 0.0 0.0 0.0 
0.0 0.0 -2.0 -3.0 -2.0 -3.0 -3.0 -3.0 0.0 0.0 
0.0 -1.0 -3.0 -2.0 -1.0 -5.0 -4.0 -3.0 -2.0 0.0 
0.0 -1.0 0.0 -1.0 -1.0 -3.0 -3.0 -2.0 -2.0 3.0 
0.0 -2.0 0.0 -2.0 -2.0 -4.0 -2.0 -1.0 -2.0 0.0 
0.0 0.0 0.0 -1.0 -3.0 -5.0 -1.0 0.0 1.0 0.0 
0.0 0.0 -1.0 0.0 -3.0 -2.0 0.0 -2.0 0.0 0.0 
0.0 0.0 0.0 0.0 -3.0 -3.0 0.0 0.0 0.0 0.0 
0.0 0.0 0.0 0.0 0.0 0.0 0.0 0.0 0.0 0.0 
0.0 0.0 0.0 0.0 0.0 0.0 0.0 0.0 0.0 0.0 
0.0 0.0 0.0 50.0 50.0 50.0 50.0 0.0 0.0 0.0 
0.0 0.0 50.0 50.0 50.0 50.0 50.0 50.0 0.0 0.0 
0.0 50.0 50.0 50.0 50.0 1.0 2.0 50.0 50.0 0.0 
0.0 50.0 0.0 50.0 50.0 50.0 50.0 50.0 50.0 0.0 
0.0 50.0 0.0 50.0 50.0 1.0 50.0 50.0 50.0 0.0 
0.0 50.0 50.0 50.0 50.0 1.0 50.0 50.0 50.0 0.0 
0.0 0.0 50.0 50.0 50.0 50.0 50.0 50.0 0.0 0.0 
0.0 0.0 0.0 50.0 50.0 50.0 50.0 0.0 0.0 0.0 
0.0 0.0 0.0 0.0 0.0 0.0 0.0 0.0 0.0 0.0 
0%
4%
3/10
17:13
03:16
18-03-2016
