y
y
VINICIUS A
14-10-1987
28
Direito
98.0
-3.18
1.81
Fora dos limites normais
0.0 0.0 0.0 0.0 0.0 0.0 0.0 0.0 0.0 0.0 
0.0 0.0 0.0 25.0 23.0 24.0 27.0 0.0 0.0 0.0 
0.0 0.0 25.0 27.0 27.0 26.0 29.0 30.0 0.0 0.0 
0.0 27.0 29.0 31.0 31.0 32.0 31.0 29.0 24.0 0.0 
27.0 28.0 29.0 32.0 33.0 32.0 33.0 0.0 25.0 0.0 
24.0 27.0 31.0 31.0 33.0 33.0 32.0 1.0 29.0 0.0 
0.0 26.0 30.0 33.0 32.0 31.0 30.0 30.0 26.0 0.0 
0.0 0.0 27.0 28.0 30.0 28.0 30.0 28.0 0.0 0.0 
0.0 0.0 0.0 28.0 26.0 25.0 25.0 0.0 0.0 0.0 
0.0 0.0 0.0 0.0 0.0 0.0 0.0 0.0 0.0 0.0 
0.0 0.0 0.0 0.0 0.0 0.0 0.0 0.0 0.0 0.0 
0.0 0.0 0.0 -4.0 -6.0 -5.0 -2.0 0.0 0.0 0.0 
0.0 0.0 6.0 -4.0 -5.0 -5.0 -2.0 -1.0 0.0 0.0 
0.0 4.0 4.0 -2.0 -2.0 -1.0 -1.0 -3.0 -7.0 0.0 
3.0 3.0 4.0 -2.0 -1.0 -2.0 -1.0 0.0 -7.0 0.0 
5.0 5.0 2.0 -3.0 -1.0 -1.0 -1.0 0.0 -3.0 0.0 
0.0 5.0 2.0 -1.0 -2.0 -2.0 -3.0 -3.0 -6.0 0.0 
0.0 0.0 4.0 -4.0 -2.0 -4.0 -3.0 -4.0 0.0 0.0 
0.0 0.0 0.0 -3.0 -5.0 -7.0 -7.0 0.0 0.0 0.0 
0.0 0.0 0.0 0.0 0.0 0.0 0.0 0.0 0.0 0.0 
0.0 0.0 0.0 0.0 0.0 0.0 0.0 0.0 0.0 0.0 
0.0 0.0 0.0 5.0 2.0 5.0 50.0 0.0 0.0 0.0 
0.0 0.0 1.0 5.0 2.0 2.0 50.0 50.0 0.0 0.0 
0.0 5.0 2.0 50.0 50.0 50.0 50.0 50.0 1.0 0.0 
50.0 5.0 2.0 50.0 50.0 50.0 50.0 0.0 1.0 0.0 
5.0 2.0 50.0 5.0 50.0 50.0 50.0 0.0 50.0 0.0 
0.0 2.0 50.0 50.0 50.0 50.0 5.0 5.0 2.0 0.0 
0.0 0.0 5.0 2.0 50.0 2.0 5.0 5.0 0.0 0.0 
0.0 0.0 0.0 50.0 2.0 1.0 1.0 0.0 0.0 0.0 
0.0 0.0 0.0 0.0 0.0 0.0 0.0 0.0 0.0 0.0 
0.0 0.0 0.0 0.0 0.0 0.0 0.0 0.0 0.0 0.0 
0.0 0.0 0.0 -3.0 -5.0 -4.0 -1.0 0.0 0.0 0.0 
0.0 0.0 -4.0 -3.0 -3.0 -4.0 0.0 1.0 0.0 0.0 
0.0 -2.0 -2.0 -1.0 -1.0 0.0 0.0 -1.0 -6.0 0.0 
0.0 -2.0 -2.0 -1.0 0.0 -1.0 0.0 0.0 -5.0 0.0 
0.0 -4.0 -1.0 -1.0 0.0 0.0 0.0 0.0 -2.0 0.0 
0.0 -4.0 -1.0 1.0 0.0 -1.0 -2.0 -1.0 -4.0 0.0 
0.0 0.0 -3.0 -3.0 -1.0 -3.0 -1.0 -3.0 0.0 0.0 
0.0 0.0 0.0 -2.0 -4.0 -5.0 -5.0 0.0 0.0 0.0 
0.0 0.0 0.0 0.0 0.0 0.0 0.0 0.0 0.0 0.0 
0.0 0.0 0.0 0.0 0.0 0.0 0.0 0.0 0.0 0.0 
0.0 0.0 0.0 50.0 5.0 50.0 50.0 0.0 0.0 0.0 
0.0 0.0 5.0 50.0 50.0 5.0 50.0 50.0 0.0 0.0 
0.0 50.0 50.0 50.0 50.0 50.0 50.0 50.0 2.0 0.0 
50.0 50.0 50.0 50.0 50.0 50.0 50.0 0.0 2.0 0.0 
50.0 5.0 50.0 50.0 50.0 50.0 50.0 0.0 50.0 0.0 
0.0 5.0 50.0 50.0 50.0 50.0 50.0 50.0 5.0 0.0 
0.0 0.0 50.0 50.0 50.0 50.0 50.0 50.0 0.0 0.0 
0.0 0.0 0.0 50.0 5.0 1.0 2.0 0.0 0.0 0.0 
0.0 0.0 0.0 0.0 0.0 0.0 0.0 0.0 0.0 0.0 
2%
3%
0/11
16:57
03:27
18-03-2016
