y
y
VINICIUS A
14-10-1987
28
Esquerdo
99.0
-3.46
1.46
Dentro dos limites normais
0.0 0.0 0.0 0.0 0.0 0.0 0.0 0.0 0.0 0.0 
0.0 0.0 0.0 27.0 26.0 26.0 24.0 0.0 0.0 0.0 
0.0 0.0 27.0 29.0 29.0 29.0 28.0 28.0 0.0 0.0 
0.0 30.0 30.0 30.0 29.0 29.0 29.0 27.0 23.0 0.0 
0.0 28.0 24.0 30.0 32.0 32.0 31.0 28.0 28.0 0.0 
0.0 29.0 0.0 31.0 33.0 33.0 32.0 31.0 27.0 0.0 
0.0 29.0 28.0 30.0 31.0 31.0 30.0 30.0 26.0 0.0 
0.0 0.0 30.0 29.0 28.0 28.0 28.0 29.0 0.0 0.0 
0.0 0.0 0.0 26.0 27.0 26.0 24.0 0.0 0.0 0.0 
0.0 0.0 0.0 0.0 0.0 0.0 0.0 0.0 0.0 0.0 
0.0 0.0 0.0 0.0 0.0 0.0 0.0 0.0 0.0 0.0 
0.0 0.0 0.0 -2.0 -4.0 -3.0 -6.0 0.0 0.0 0.0 
0.0 0.0 4.0 -2.0 -2.0 -3.0 -3.0 -3.0 0.0 0.0 
0.0 1.0 1.0 -3.0 -4.0 -5.0 -4.0 -5.0 -8.0 0.0 
0.0 -3.0 0.0 -4.0 -2.0 -2.0 -3.0 -5.0 -3.0 0.0 
0.0 -3.0 0.0 -3.0 -1.0 -2.0 -2.0 -3.0 -5.0 0.0 
0.0 3.0 4.0 -3.0 -3.0 -2.0 -4.0 -3.0 -5.0 0.0 
0.0 0.0 2.0 -4.0 -5.0 -5.0 -4.0 -3.0 0.0 0.0 
0.0 0.0 0.0 -6.0 -4.0 -5.0 -7.0 0.0 0.0 0.0 
0.0 0.0 0.0 0.0 0.0 0.0 0.0 0.0 0.0 0.0 
0.0 0.0 0.0 0.0 0.0 0.0 0.0 0.0 0.0 0.0 
0.0 0.0 0.0 50.0 50.0 50.0 2.0 0.0 0.0 0.0 
0.0 0.0 5.0 50.0 50.0 5.0 5.0 5.0 0.0 0.0 
0.0 50.0 50.0 5.0 2.0 1.0 2.0 1.0 1.0 0.0 
0.0 5.0 0.0 5.0 50.0 50.0 5.0 1.0 5.0 0.0 
0.0 50.0 0.0 5.0 50.0 50.0 50.0 5.0 2.0 0.0 
0.0 50.0 2.0 5.0 5.0 50.0 2.0 50.0 2.0 0.0 
0.0 0.0 50.0 5.0 2.0 1.0 2.0 50.0 0.0 0.0 
0.0 0.0 0.0 1.0 5.0 2.0 1.0 0.0 0.0 0.0 
0.0 0.0 0.0 0.0 0.0 0.0 0.0 0.0 0.0 0.0 
0.0 0.0 0.0 0.0 0.0 0.0 0.0 0.0 0.0 0.0 
0.0 0.0 0.0 0.0 -1.0 -1.0 -4.0 0.0 0.0 0.0 
0.0 0.0 -2.0 0.0 0.0 -1.0 -1.0 -1.0 0.0 0.0 
0.0 1.0 1.0 -1.0 -2.0 -3.0 -1.0 -3.0 -6.0 0.0 
0.0 -1.0 0.0 -2.0 0.0 0.0 -1.0 -3.0 -1.0 -3.0 
0.0 0.0 0.0 -1.0 1.0 0.0 0.0 0.0 -3.0 -2.0 
0.0 -1.0 -2.0 -1.0 -1.0 0.0 -1.0 0.0 -3.0 0.0 
0.0 0.0 0.0 -2.0 -3.0 -3.0 -2.0 0.0 0.0 0.0 
0.0 0.0 0.0 -4.0 -2.0 -3.0 -5.0 0.0 0.0 0.0 
0.0 0.0 0.0 0.0 0.0 0.0 0.0 0.0 0.0 0.0 
0.0 0.0 0.0 0.0 0.0 0.0 0.0 0.0 0.0 0.0 
0.0 0.0 0.0 50.0 50.0 50.0 50.0 0.0 0.0 0.0 
0.0 0.0 50.0 50.0 50.0 50.0 50.0 50.0 0.0 0.0 
0.0 50.0 50.0 50.0 50.0 50.0 50.0 50.0 1.0 0.0 
0.0 50.0 0.0 50.0 50.0 50.0 50.0 50.0 50.0 0.0 
0.0 50.0 0.0 50.0 50.0 50.0 50.0 50.0 50.0 0.0 
0.0 50.0 50.0 50.0 50.0 50.0 50.0 50.0 50.0 0.0 
0.0 0.0 50.0 50.0 50.0 50.0 50.0 50.0 0.0 0.0 
0.0 0.0 0.0 50.0 50.0 50.0 5.0 0.0 0.0 0.0 
0.0 0.0 0.0 0.0 0.0 0.0 0.0 0.0 0.0 0.0 
0%
2%
0/10
17:01
02:53
18-03-2016
