y
y
VINICIUS B
15-08-1992
23
Esquerdo
99.0
-1.82
1.42
Dentro dos limites normais
0.0 0.0 0.0 0.0 0.0 0.0 0.0 0.0 0.0 0.0 
0.0 0.0 0.0 28.0 28.0 29.0 26.0 0.0 0.0 0.0 
0.0 0.0 31.0 29.0 28.0 31.0 30.0 30.0 0.0 0.0 
0.0 29.0 32.0 32.0 32.0 33.0 32.0 29.0 29.0 0.0 
0.0 33.0 28.0 34.0 32.0 33.0 31.0 31.0 30.0 0.0 
0.0 33.0 7.0 35.0 32.0 33.0 31.0 32.0 31.0 0.0 
0.0 30.0 29.0 32.0 32.0 31.0 32.0 30.0 30.0 0.0 
0.0 0.0 30.0 30.0 31.0 27.0 30.0 27.0 0.0 0.0 
0.0 0.0 0.0 30.0 33.0 30.0 27.0 0.0 0.0 0.0 
0.0 0.0 0.0 0.0 0.0 0.0 0.0 0.0 0.0 0.0 
0.0 0.0 0.0 0.0 0.0 0.0 0.0 0.0 0.0 0.0 
0.0 0.0 0.0 -1.0 -2.0 -1.0 -3.0 0.0 0.0 0.0 
0.0 0.0 0.0 -2.0 -3.0 -1.0 -1.0 -2.0 0.0 0.0 
0.0 -2.0 0.0 -1.0 -1.0 -1.0 -1.0 -4.0 -2.0 0.0 
0.0 1.0 0.0 0.0 -2.0 -1.0 -3.0 -2.0 -2.0 0.0 
0.0 1.0 0.0 1.0 -2.0 -2.0 -3.0 -2.0 -1.0 0.0 
0.0 2.0 4.0 -1.0 -2.0 -3.0 -2.0 -2.0 -1.0 0.0 
0.0 0.0 2.0 -3.0 -2.0 -6.0 -3.0 -4.0 0.0 0.0 
0.0 0.0 0.0 -1.0 1.0 -1.0 -3.0 0.0 0.0 0.0 
0.0 0.0 0.0 0.0 0.0 0.0 0.0 0.0 0.0 0.0 
0.0 0.0 0.0 0.0 0.0 0.0 0.0 0.0 0.0 0.0 
0.0 0.0 0.0 50.0 50.0 50.0 50.0 0.0 0.0 0.0 
0.0 0.0 50.0 50.0 5.0 50.0 50.0 50.0 0.0 0.0 
0.0 50.0 50.0 50.0 50.0 50.0 50.0 2.0 50.0 0.0 
0.0 50.0 0.0 50.0 50.0 50.0 5.0 50.0 50.0 0.0 
0.0 50.0 0.0 50.0 50.0 50.0 5.0 50.0 50.0 0.0 
0.0 50.0 5.0 50.0 50.0 2.0 50.0 50.0 50.0 0.0 
0.0 0.0 50.0 5.0 50.0 1.0 5.0 5.0 0.0 0.0 
0.0 0.0 0.0 50.0 50.0 50.0 5.0 0.0 0.0 0.0 
0.0 0.0 0.0 0.0 0.0 0.0 0.0 0.0 0.0 0.0 
0.0 0.0 0.0 0.0 0.0 0.0 0.0 0.0 0.0 0.0 
0.0 0.0 0.0 -1.0 -2.0 -1.0 -3.0 0.0 0.0 0.0 
0.0 0.0 0.0 -2.0 -3.0 -1.0 -1.0 -1.0 0.0 0.0 
0.0 -2.0 0.0 -1.0 -1.0 -1.0 -1.0 -4.0 -2.0 0.0 
0.0 1.0 0.0 0.0 -2.0 -1.0 -3.0 -2.0 -2.0 -1.0 
0.0 1.0 0.0 1.0 -2.0 -2.0 -3.0 -1.0 -1.0 0.0 
0.0 -2.0 -4.0 -1.0 -2.0 -3.0 -2.0 -2.0 -1.0 0.0 
0.0 0.0 -2.0 -3.0 -2.0 -6.0 -3.0 -4.0 0.0 0.0 
0.0 0.0 0.0 -1.0 1.0 -1.0 -3.0 0.0 0.0 0.0 
0.0 0.0 0.0 0.0 0.0 0.0 0.0 0.0 0.0 0.0 
0.0 0.0 0.0 0.0 0.0 0.0 0.0 0.0 0.0 0.0 
0.0 0.0 0.0 50.0 50.0 50.0 50.0 0.0 0.0 0.0 
0.0 0.0 50.0 50.0 50.0 50.0 50.0 50.0 0.0 0.0 
0.0 50.0 50.0 50.0 50.0 50.0 50.0 5.0 50.0 0.0 
0.0 50.0 0.0 50.0 50.0 50.0 50.0 50.0 50.0 0.0 
0.0 50.0 0.0 50.0 50.0 50.0 50.0 50.0 50.0 0.0 
0.0 50.0 5.0 50.0 50.0 5.0 50.0 50.0 50.0 0.0 
0.0 0.0 50.0 50.0 50.0 1.0 50.0 5.0 0.0 0.0 
0.0 0.0 0.0 50.0 50.0 50.0 50.0 0.0 0.0 0.0 
0.0 0.0 0.0 0.0 0.0 0.0 0.0 0.0 0.0 0.0 
6%
6%
3/11
16:36
03:41
18-03-2016
