v1.0
#head
personName-Sergio
birthdate-01/01/1990
age-26
date-12/04/2016
stimulus-0
blindspot-1
blindspotsize-1
time-12:00:00
strategy-1
#righteye
timetest-205
fneg-0
fnegtests-7
fpos-3
fpostests-6
fixationlosses-3
fixationlossestests-10
firings-205
visualfield- 
0,0 0,0 0,0 0,0 0,0 0,0 0,0 0,0 0,0 0,0
0,0 0,0 0,0 1,4 2,3 2,3 2,3 0,0 0,0 0,0
0,0 0,0 2,3 3,3 3,3 3,3 3,3 2,3 0,0 0,0
0,0 2,4 3,3 3,3 3,3 3,3 3,3 3,5 3,4 0,0
0,0 2,4 2,3 3,3 4,5 3,3 2,3 0,0 0,0 0,0
0,0 2,4 3,3 3,3 3,3 3,3 4,4 0,0 0,0 0,0
0,0 2,4 2,3 3,3 2,3 4,4 5,5 3,4 3,5 0,0
0,0 0,0 3,3 2,3 3,3 2,3 3,3 3,4 0,0 0,0
0,0 0,0 0,0 3,4 3,4 4,4 3,4 0,0 0,0 0,0
0,0 0,0 0,0 0,0 0,0 0,0 0,0 0,0 0,0 0,0
minintensity- 
1.0 1.0 1.0 1.0 1.0 1.0 1.0 1.0 1.0 1.0
1.0 1.0 1.0 0.23919700027024995 0.23694238452202027 0.22118077568703345 0.25947857964100673 1.0 1.0 1.0
1.0 1.0 0.22984534885884686 0.25585615702857845 0.22859886201958332 0.25332343709122634 0.2243896078839687 0.2486445236156891 1.0 1.0
1.0 0.23709478275845758 0.2594231526204154 0.22890955309829847 0.2476398438524749 0.21807764041257127 0.2158005397210414 0.2513996273450632 0.2650686126003365 1.0
1.0 0.26250863997448065 0.2224497979734237 0.2233582318937528 0.22204969420252216 0.22355519138405844 0.22581001689281674 0.22755949287397417 0.2825738582431473 1.0
1.0 0.2601647981948692 0.22561691730777664 0.22299805355221936 0.3194288894551651 0.2222883376890736 0.22325355245520057 0.2550666830101153 0.3375882385154296 1.0
1.0 0.2629763850760209 0.22750384611678254 0.22557184697376148 0.22423649615967167 0.22422230267135007 0.22552212503725666 0.4623691926607735 0.23705017465230394 1.0
1.0 1.0 0.2606204563296622 0.22782868873624693 0.2221382449094255 0.22634917005892466 0.22287799678820322 0.22526799423609567 1.0 1.0
1.0 1.0 1.0 0.2315207080860815 0.29131670955691236 0.29131670955691236 0.2902901828618634 1.0 1.0 1.0
1.0 1.0 1.0 1.0 1.0 1.0 1.0 1.0 1.0 1.0
deviation- 
0.0 0.0 0.0 0.0 0.0 0.0 0.0 0.0 0.0 0.0
0.0 0.0 0.0 0.0 0.0 0.0 0.0 0.0 0.0 0.0
0.0 0.0 0.0 0.0 0.0 0.0 0.0 0.0 0.0 0.0
0.0 0.0 0.0 0.0 0.0 0.0 0.0 0.0 0.0 0.0
0.0 0.0 0.0 0.0 0.0 0.0 0.0 0.0 0.0 0.0
0.0 0.0 0.0 0.0 0.0 0.0 0.0 0.0 0.0 0.0
0.0 0.0 0.0 0.0 0.0 0.0 0.0 0.0 0.0 0.0
0.0 0.0 0.0 0.0 0.0 0.0 0.0 0.0 0.0 0.0
0.0 0.0 0.0 0.0 0.0 0.0 0.0 0.0 0.0 0.0
0.0 0.0 0.0 0.0 0.0 0.0 0.0 0.0 0.0 0.0
pointenable- 
n n n n n n n n n n
n n n y y y y n n n
n n y y y y y y n n
n y y y y y y y y n
n y y y y y y y y n
n y y y y y y y y n
n y y y y y y y y n
n n y y y y y y n n
n n n y y y y n n n
n n n n n n n n n n
