v1.0
#head
personName-Sergio
birthdate-01/01/1990
age-26
date-12/04/2016
stimulus-0
blindspot-1
blindspotsize-1
time-12:00:00
strategy-1
#lefteye
timetest-207
fneg-0
fnegtests-7
fpos-4
fpostests-7
fixationlosses-4
fixationlossestests-10
firings-207
visualfield- 
0,0 0,0 0,0 0,0 0,0 0,0 0,0 0,0 0,0 0,0
0,0 0,0 0,0 0,4 2,3 2,3 1,3 0,0 0,0 0,0
0,0 0,0 3,3 3,3 2,3 3,3 2,3 1,3 0,0 0,0
0,0 3,4 2,3 3,3 3,3 3,3 2,3 3,3 3,4 0,0
0,0 0,0 0,0 3,3 2,3 3,3 4,5 3,4 3,4 0,0
0,0 0,0 0,0 2,3 3,3 2,3 4,4 4,4 4,4 0,0
0,0 3,4 3,3 3,3 3,3 4,4 5,5 4,4 5,5 0,0
0,0 0,0 2,3 3,3 2,3 2,3 3,4 4,5 0,0 0,0
0,0 0,0 0,0 2,4 3,4 2,4 4,5 0,0 0,0 0,0
0,0 0,0 0,0 0,0 0,0 0,0 0,0 0,0 0,0 0,0
minintensity- 
1.0 1.0 1.0 1.0 1.0 1.0 1.0 1.0 1.0 1.0
1.0 1.0 1.0 0.31571425351863674 0.23694238452202027 0.28190799674604106 0.2985054135097941 1.0 1.0 1.0
1.0 1.0 0.2591909337909746 0.2281779604776488 0.25669796011244755 0.25332343709122634 0.2721693107182347 0.35770761628166564 1.0 1.0
1.0 0.2555352400956465 0.22981851780681078 0.22890955309829847 0.22392686342284054 0.21807764041257127 0.2158005397210414 0.2258067551691347 0.21642755794042556 1.0
1.0 0.23128047135615684 0.2448472932090144 0.24666417595278173 0.22204969420252216 0.22355519138405844 0.22581001689281674 0.22755949287397417 0.22755949287397417 1.0
1.0 0.34903480993500247 0.22561691730777664 0.22299805355221936 0.24536183795495053 0.2222883376890736 0.32161481789040025 0.2550666830101153 0.2550666830101153 1.0
1.0 0.278666988233035 0.2547938092403589 0.22557184697376148 0.22423649615967167 0.22422230267135007 0.2508303670813071 0.22977678716205008 0.29230460468638736 1.0
1.0 1.0 0.23056011012819067 0.22782868873624693 0.24377672589213187 0.22634917005892466 0.26763447743093827 0.27480443993508197 1.0 1.0
1.0 1.0 1.0 0.3232677263422333 0.29131670955691236 0.2611905826505501 0.3200740943736708 1.0 1.0 1.0
1.0 1.0 1.0 1.0 1.0 1.0 1.0 1.0 1.0 1.0
deviation- 
0.0 0.0 0.0 0.0 0.0 0.0 0.0 0.0 0.0 0.0
0.0 0.0 0.0 0.0 0.0 0.0 0.0 0.0 0.0 0.0
0.0 0.0 0.0 0.0 0.0 0.0 0.0 0.0 0.0 0.0
0.0 0.0 0.0 0.0 0.0 0.0 0.0 0.0 0.0 0.0
0.0 0.0 0.0 0.0 0.0 0.0 0.0 0.0 0.0 0.0
0.0 0.0 0.0 0.0 0.0 0.0 0.0 0.0 0.0 0.0
0.0 0.0 0.0 0.0 0.0 0.0 0.0 0.0 0.0 0.0
0.0 0.0 0.0 0.0 0.0 0.0 0.0 0.0 0.0 0.0
0.0 0.0 0.0 0.0 0.0 0.0 0.0 0.0 0.0 0.0
0.0 0.0 0.0 0.0 0.0 0.0 0.0 0.0 0.0 0.0
pointenable- 
n n n n n n n n n n
n n n y y y y n n n
n n y y y y y y n n
n y y y y y y y y n
n y y y y y y y y n
n y y y y y y y y n
n y y y y y y y y n
n n y y y y y y n n
n n n y y y y n n n
n n n n n n n n n n
