v1.0
#head
personName-Luiza
birthdate-01/01/1990
age-26
date-13/04/2016
stimulus-0
blindspot-1
blindspotsize-1
time-12:00:00
strategy-1
#righteye
timetest-202
fneg-0
fnegtests-7
fpos-5
fpostests-7
fixationlosses-3
fixationlossestests-10
firings-202
visualfield- 
0,0 0,0 0,0 0,0 0,0 0,0 0,0 0,0 0,0 0,0
0,0 0,0 0,0 2,4 2,3 1,3 1,3 0,0 0,0 0,0
0,0 0,0 2,3 2,3 2,3 3,3 2,3 2,3 0,0 0,0
0,0 2,4 2,3 3,3 3,3 3,3 3,3 2,3 2,4 0,0
0,0 2,4 3,3 3,3 2,3 2,3 3,3 0,0 0,0 0,0
0,0 3,4 2,3 2,3 3,3 3,3 4,4 0,0 0,0 0,0
0,0 2,4 2,3 3,3 3,3 3,4 4,5 3,4 3,5 0,0
0,0 0,0 2,3 2,3 1,3 2,3 2,3 2,4 0,0 0,0
0,0 0,0 0,0 3,4 2,4 2,4 2,4 0,0 0,0 0,0
0,0 0,0 0,0 0,0 0,0 0,0 0,0 0,0 0,0 0,0
minintensity- 
1.0 1.0 1.0 1.0 1.0 1.0 1.0 1.0 1.0 1.0
1.0 1.0 1.0 0.23919700027024995 0.2729464103340609 0.28190799674604106 0.2789919965754004 1.0 1.0 1.0
1.0 1.0 0.2591909337909746 0.2835343535795081 0.3128961861377096 0.25332343709122634 0.24827945184121827 0.26469277684534576 1.0 1.0
1.0 0.27397568252370896 0.2594231526204154 0.22890955309829847 0.22392686342284054 0.25380515525130143 0.23138721135800303 0.27699251443011813 0.2488549227439907 1.0
1.0 0.23128047135615684 0.2448472932090144 0.24666417595278173 0.22204969420252216 0.22355519138405844 0.22581001689281674 0.31008106328239754 0.22755949287397417 1.0
1.0 0.2601647981948692 0.22561691730777664 0.22299805355221936 0.24536183795495053 0.24452437264031418 0.22325355245520057 1.0 0.22755949287397417 1.0
1.0 0.23159513403461354 0.2547938092403589 0.22557184697376148 0.22423649615967167 0.22422230267135007 0.22552212503725666 0.25933969133089396 0.2738864663114017 1.0
1.0 1.0 0.2606204563296622 0.25515761354577476 0.2221382449094255 0.22634917005892466 0.24525624456945413 0.25003622454547225 1.0 1.0
1.0 1.0 1.0 0.2621030574621834 0.29131670955691236 0.3214428065911207 0.2902901828618634 1.0 1.0 1.0
1.0 1.0 1.0 1.0 1.0 1.0 1.0 1.0 1.0 1.0
deviation- 
0.0 0.0 0.0 0.0 0.0 0.0 0.0 0.0 0.0 0.0
0.0 0.0 0.0 0.0 0.0 0.0 0.0 0.0 0.0 0.0
0.0 0.0 0.0 0.0 0.0 0.0 0.0 0.0 0.0 0.0
0.0 0.0 0.0 0.0 0.0 0.0 0.0 0.0 0.0 0.0
0.0 0.0 0.0 0.0 0.0 0.0 0.0 0.0 0.0 0.0
0.0 0.0 0.0 0.0 0.0 0.0 0.0 0.0 0.0 0.0
0.0 0.0 0.0 0.0 0.0 0.0 0.0 0.0 0.0 0.0
0.0 0.0 0.0 0.0 0.0 0.0 0.0 0.0 0.0 0.0
0.0 0.0 0.0 0.0 0.0 0.0 0.0 0.0 0.0 0.0
0.0 0.0 0.0 0.0 0.0 0.0 0.0 0.0 0.0 0.0
pointenable- 
n n n n n n n n n n
n n n y y y y n n n
n n y y y y y y n n
n y y y y y y y y n
n y y y y y y y y n
n y y y y y y y y n
n y y y y y y y y n
n n y y y y y y n n
n n n y y y y n n n
n n n n n n n n n n
