#head
personName-Lizeth
birthdate-01/01/1990
age-26
date-07/04/2016
stimulus-0
blindspot-1
blindspotsize-1
time-17:34:29
strategy-1
#lefteye
timetest-209
fneg-6
fnegtests-7
fpos-1
fpostests-4
fixationlosses-3
fixationlossestests-10
firings-209
visualfield- 
0,0 0,0 0,0 0,0 0,0 0,0 0,0 0,0 0,0 0,0
0,0 0,0 0,0 1,4 2,3 2,3 0,3 0,0 0,0 0,0
0,0 0,0 2,3 2,3 2,3 2,3 2,3 1,3 0,0 0,0
0,0 2,4 1,3 2,3 2,3 2,3 1,3 2,3 3,4 0,0
0,0 0,0 0,0 3,3 3,3 2,3 2,3 3,4 2,4 0,0
0,0 0,0 0,0 3,3 3,3 2,3 2,4 2,4 2,4 0,0
0,0 2,4 2,3 2,3 2,3 1,5 2,5 2,4 2,5 0,0
0,0 0,0 2,3 2,3 3,3 2,3 2,3 2,4 0,0 0,0
0,0 0,0 0,0 1,4 2,4 2,4 2,4 0,0 0,0 0,0
0,0 0,0 0,0 0,0 0,0 0,0 0,0 0,0 0,0 0,0
minintensity- 
1.0 1.0 1.0 1.0 1.0 1.0 1.0 1.0 1.0 1.0
1.0 1.0 1.0 0.3225120357294076 0.2906356903778699 0.2906356903778699 0.31932587762642073 1.0 1.0 1.0
1.0 1.0 0.2602954550908357 0.2548394342246287 0.26508422154789074 0.25188408958876657 0.24495039640462848 0.2991991001608084 1.0 1.0
1.0 0.2628358831774308 0.3092084614685794 0.2507957632988024 0.24812649143891774 0.24809809492977003 0.3012858354163687 0.25920113000652406 0.23692352915367643 1.0
1.0 0.43525047552230567 0.35977877135621295 0.22296890800092306 0.22267796125434128 0.2444924101946229 0.24642259348901904 0.2550333432050607 0.3100405330252484 1.0
1.0 0.23125024588533602 0.22242072175279032 0.2233290433030944 0.22202066997624037 0.24702577576851786 0.3030435406158207 0.3100405330252484 0.3100405330252484 1.0
1.0 0.27382932547669286 0.25928454475214546 0.25746761186214756 0.2475075362785888 0.5730635733995738 0.3247336176876038 0.30242372279752444 0.3297470588361005 1.0
1.0 1.0 0.28817671580849985 0.25553708825995 0.22831379105716076 0.2530075304290776 0.24796984182071485 0.2964191667877146 1.0 1.0
1.0 1.0 1.0 0.35314541459572757 0.2723083512325203 0.2812489948478437 0.2783398068721895 1.0 1.0 1.0
1.0 1.0 1.0 1.0 1.0 1.0 1.0 1.0 1.0 1.0
deviation- 
0.0 0.0 0.0 0.0 0.0 0.0 0.0 0.0 0.0 0.0
0.0 0.0 0.0 0.0 0.0 0.0 0.0 0.0 0.0 0.0
0.0 0.0 0.0 0.0 0.0 0.0 0.0 0.0 0.0 0.0
0.0 0.0 0.0 0.0 0.0 0.0 0.0 0.0 0.0 0.0
0.0 0.0 0.0 0.0 0.0 0.0 0.0 0.0 0.0 0.0
0.0 0.0 0.0 0.0 0.0 0.0 0.0 0.0 0.0 0.0
0.0 0.0 0.0 0.0 0.0 0.0 0.0 0.0 0.0 0.0
0.0 0.0 0.0 0.0 0.0 0.0 0.0 0.0 0.0 0.0
0.0 0.0 0.0 0.0 0.0 0.0 0.0 0.0 0.0 0.0
0.0 0.0 0.0 0.0 0.0 0.0 0.0 0.0 0.0 0.0
pointenable- 
n n n n n n n n n n
n n n y y y y n n n
n n y y y y y y n n
n y y y y y y y y n
n y y y y y y y y n
n y y y y y y y y n
n y y y y y y y y n
n n y y y y y y n n
n n n y y y y n n n
n n n n n n n n n n
#righteye
timetest-209
fneg-6
fnegtests-7
fpos-1
fpostests-4
fixationlosses-3
fixationlossestests-10
firings-209
visualfield- 
0,0 0,0 0,0 0,0 0,0 0,0 0,0 0,0 0,0 0,0
0,0 0,0 0,0 1,4 2,3 2,3 0,3 0,0 0,0 0,0
0,0 0,0 2,3 2,3 2,3 2,3 2,3 1,3 0,0 0,0
0,0 2,4 1,3 2,3 2,3 2,3 1,3 2,3 3,4 0,0
0,0 0,0 0,0 3,3 3,3 2,3 2,3 3,4 2,4 0,0
0,0 0,0 0,0 3,3 3,3 2,3 2,4 2,4 2,4 0,0
0,0 2,4 2,3 2,3 2,3 1,5 2,5 2,4 2,5 0,0
0,0 0,0 2,3 2,3 3,3 2,3 2,3 2,4 0,0 0,0
0,0 0,0 0,0 1,4 2,4 2,4 2,4 0,0 0,0 0,0
0,0 0,0 0,0 0,0 0,0 0,0 0,0 0,0 0,0 0,0
minintensity- 
1.0 1.0 1.0 1.0 1.0 1.0 1.0 1.0 1.0 1.0
1.0 1.0 1.0 0.3225120357294076 0.2906356903778699 0.2906356903778699 0.31932587762642073 1.0 1.0 1.0
1.0 1.0 0.2602954550908357 0.2548394342246287 0.26508422154789074 0.25188408958876657 0.24495039640462848 0.2991991001608084 1.0 1.0
1.0 0.2628358831774308 0.3092084614685794 0.2507957632988024 0.24812649143891774 0.24809809492977003 0.3012858354163687 0.25920113000652406 0.23692352915367643 1.0
1.0 0.43525047552230567 0.35977877135621295 0.22296890800092306 0.22267796125434128 0.2444924101946229 0.24642259348901904 0.2550333432050607 0.3100405330252484 1.0
1.0 0.23125024588533602 0.22242072175279032 0.2233290433030944 0.22202066997624037 0.24702577576851786 0.3030435406158207 0.3100405330252484 0.3100405330252484 1.0
1.0 0.27382932547669286 0.25928454475214546 0.25746761186214756 0.2475075362785888 0.5730635733995738 0.3247336176876038 0.30242372279752444 0.3297470588361005 1.0
1.0 1.0 0.28817671580849985 0.25553708825995 0.22831379105716076 0.2530075304290776 0.24796984182071485 0.2964191667877146 1.0 1.0
1.0 1.0 1.0 0.35314541459572757 0.2723083512325203 0.2812489948478437 0.2783398068721895 1.0 1.0 1.0
1.0 1.0 1.0 1.0 1.0 1.0 1.0 1.0 1.0 1.0
deviation- 
0.0 0.0 0.0 0.0 0.0 0.0 0.0 0.0 0.0 0.0
0.0 0.0 0.0 0.0 0.0 0.0 0.0 0.0 0.0 0.0
0.0 0.0 0.0 0.0 0.0 0.0 0.0 0.0 0.0 0.0
0.0 0.0 0.0 0.0 0.0 0.0 0.0 0.0 0.0 0.0
0.0 0.0 0.0 0.0 0.0 0.0 0.0 0.0 0.0 0.0
0.0 0.0 0.0 0.0 0.0 0.0 0.0 0.0 0.0 0.0
0.0 0.0 0.0 0.0 0.0 0.0 0.0 0.0 0.0 0.0
0.0 0.0 0.0 0.0 0.0 0.0 0.0 0.0 0.0 0.0
0.0 0.0 0.0 0.0 0.0 0.0 0.0 0.0 0.0 0.0
0.0 0.0 0.0 0.0 0.0 0.0 0.0 0.0 0.0 0.0
pointenable- 
n n n n n n n n n n
n n n y y y y n n n
n n y y y y y y n n
n y y y y y y y y n
n y y y y y y y y n
n y y y y y y y y n
n y y y y y y y y n
n n y y y y y y n n
n n n y y y y n n n
n n n n n n n n n n
