45
Esquerdo
0.0 0.0 0.0 0.0 0.0 0.0 0.0 0.0 0.0 0.0 
0.0 0.0 0.0 15.0 12.0 15.0 11.0 0.0 0.0 0.0 
0.0 0.0 17.0 15.0 16.0 17.0 13.0 20.0 0.0 0.0 
0.0 16.0 12.0 15.0 21.0 19.0 16.0 14.0 20.0 0.0 
0.0 19.0 22.0 16.0 21.0 15.0 17.0 20.0 19.0 0.0 
0.0 15.0 0.0 18.0 16.0 15.0 15.0 19.0 12.0 0.0 
0.0 14.0 21.0 18.0 18.0 18.0 15.0 15.0 12.0 0.0 
0.0 0.0 19.0 18.0 20.0 14.0 15.0 15.0 0.0 0.0 
0.0 0.0 0.0 15.0 18.0 15.0 14.0 0.0 0.0 0.0 
0.0 0.0 0.0 0.0 0.0 0.0 0.0 0.0 0.0 0.0 
0.0 0.0 0.0 0.0 0.0 0.0 0.0 0.0 0.0 0.0 
0.0 0.0 0.0 -12.0 -16.0 -13.0 -18.0 0.0 0.0 0.0 
0.0 0.0 12.0 -15.0 -15.0 -14.0 -18.0 -10.0 0.0 0.0 
0.0 14.0 18.0 -17.0 -11.0 -13.0 -17.0 -17.0 -10.0 0.0 
0.0 -11.0 0.0 -17.0 -13.0 -18.0 -16.0 -12.0 -11.0 0.0 
0.0 -16.0 0.0 -14.0 -17.0 -18.0 -18.0 -13.0 -18.0 0.0 
0.0 17.0 10.0 -14.0 -15.0 -15.0 -18.0 -16.0 -19.0 0.0 
0.0 0.0 12.0 -13.0 -12.0 -17.0 -17.0 -15.0 0.0 0.0 
0.0 0.0 0.0 -16.0 -13.0 -16.0 -15.0 0.0 0.0 0.0 
0.0 0.0 0.0 0.0 0.0 0.0 0.0 0.0 0.0 0.0 
0.0 0.0 0.0 0.0 0.0 0.0 0.0 0.0 0.0 0.0 
0.0 0.0 0.0 0.5 0.5 0.5 0.5 0.0 0.0 0.0 
0.0 0.0 0.5 0.5 0.5 0.5 0.5 0.5 0.0 0.0 
0.0 0.5 0.5 0.5 0.5 0.5 0.5 0.5 0.5 0.0 
0.0 0.5 0.0 0.5 0.5 0.5 0.5 0.5 0.5 0.0 
0.0 0.5 0.0 0.5 0.5 0.5 0.5 0.5 0.5 0.0 
0.0 0.5 1.0 0.5 0.5 0.5 0.5 0.5 0.5 0.0 
0.0 0.0 1.0 0.5 0.5 0.5 0.5 0.5 0.0 0.0 
0.0 0.0 0.0 0.5 0.5 0.5 0.5 0.0 0.0 0.0 
0.0 0.0 0.0 0.0 0.0 0.0 0.0 0.0 0.0 0.0 
