v1.0
#head
personName-Reimann
birthdate-01/01/1990
age-26
date-07/04/2016
stimulus-0
blindspot-1
blindspotsize-1
time-12:00:00
strategy-1
#righteye
timetest-204
fneg-1
fnegtests-7
fpos-0
fpostests-3
fixationlosses-5
fixationlossestests-10
firings-204
visualfield- 
0,0 0,0 0,0 0,0 0,0 0,0 0,0 0,0 0,0 0,0
0,0 0,0 0,0 3,4 2,3 2,3 2,3 0,0 0,0 0,0
0,0 0,0 2,3 3,3 2,3 2,3 2,3 2,3 0,0 0,0
0,0 3,4 2,3 2,3 2,3 2,3 2,3 2,3 2,4 0,0
0,0 0,0 0,0 2,3 2,3 2,3 1,3 3,4 2,4 0,0
0,0 0,0 0,0 2,3 2,3 2,3 3,4 3,4 3,4 0,0
0,0 2,4 2,3 2,3 2,3 3,4 4,5 2,4 3,5 0,0
0,0 0,0 2,3 2,3 1,3 1,3 1,3 3,4 0,0 0,0
0,0 0,0 0,0 2,4 2,4 3,4 3,5 0,0 0,0 0,0
0,0 0,0 0,0 0,0 0,0 0,0 0,0 0,0 0,0 0,0
minintensity- 
1.0 1.0 1.0 1.0 1.0 1.0 1.0 1.0 1.0 1.0
1.0 1.0 1.0 0.23919700027024995 0.2729464103340609 0.3021504137230949 0.33753221750642753 1.0 1.0 1.0
1.0 1.0 0.28853653364286913 0.25585615702857845 0.3128961861377096 0.3061471102557336 0.29605913975571746 0.2807410151552356 1.0 1.0
1.0 0.27397568252370896 0.2594231526204154 0.28630090821760945 0.2476398438524749 0.2895326700900316 0.2781471964506351 0.30258537169692024 0.3623506921019055 1.0
1.0 0.23128047135615684 0.28964228368019573 0.26997012001181064 0.2660444622287913 0.24705806512717468 0.277325430299675 0.2550666830101153 0.3375882385154296 1.0
1.0 0.27519291460757367 1.0 0.24594380436660568 0.24536183795495053 0.24452437264031418 0.2928573016073031 0.2825738582431473 0.2550666830101153 1.0
1.0 0.247285752100754 0.2547938092403589 0.25092981095431677 0.24825912423526356 0.2722391271185114 0.2761386389436104 0.22977678716205008 0.2738864663114017 1.0
1.0 1.0 0.2606204563296622 0.22782868873624693 0.2221382449094255 0.25219860603066385 0.26763447743093827 0.25003622454547225 1.0 1.0
1.0 1.0 1.0 0.24681187530609397 0.2611905826505501 0.2611905826505501 0.26050624147790213 1.0 1.0 1.0
1.0 1.0 1.0 1.0 1.0 1.0 1.0 1.0 1.0 1.0
deviation- 
0.0 0.0 0.0 0.0 0.0 0.0 0.0 0.0 0.0 0.0
0.0 0.0 0.0 0.0 0.0 0.0 0.0 0.0 0.0 0.0
0.0 0.0 0.0 0.0 0.0 0.0 0.0 0.0 0.0 0.0
0.0 0.0 0.0 0.0 0.0 0.0 0.0 0.0 0.0 0.0
0.0 0.0 0.0 0.0 0.0 0.0 0.0 0.0 0.0 0.0
0.0 0.0 0.0 0.0 0.0 0.0 0.0 0.0 0.0 0.0
0.0 0.0 0.0 0.0 0.0 0.0 0.0 0.0 0.0 0.0
0.0 0.0 0.0 0.0 0.0 0.0 0.0 0.0 0.0 0.0
0.0 0.0 0.0 0.0 0.0 0.0 0.0 0.0 0.0 0.0
0.0 0.0 0.0 0.0 0.0 0.0 0.0 0.0 0.0 0.0
pointenable- 
n n n n n n n n n n
n n n y y y y n n n
n n y y y y y y n n
n y y y y y y y y n
n y y y y y y y y n
n y y y y y y y y n
n y y y y y y y y n
n n y y y y y y n n
n n n y y y y n n n
n n n n n n n n n n
