#head
personName-Marcelo da Mata
birthdate-01/01/1990
age-26
date-07/04/2016
stimulus-0
blindspot-1
blindspotsize-1
time-20:18:03
strategy-1
#lefteye
timetest-205
fneg-0
fnegtests-7
fpos-0
fpostests-3
fixationlosses-1
fixationlossestests-10
firings-205
visualfield- 
0,0 0,0 0,0 0,0 0,0 0,0 0,0 0,0 0,0 0,0
0,0 0,0 0,0 3,4 2,3 2,3 2,3 0,0 0,0 0,0
0,0 0,0 3,3 3,3 3,3 2,3 2,3 3,3 0,0 0,0
0,0 3,4 2,3 2,3 2,3 2,3 3,3 3,3 3,4 0,0
0,0 0,0 0,0 2,3 3,3 3,3 3,3 4,4 3,4 0,0
0,0 0,0 0,0 3,3 3,3 3,3 4,4 4,4 3,4 0,0
0,0 3,4 2,3 3,3 3,3 3,4 4,5 4,4 4,5 0,0
0,0 0,0 2,3 2,3 2,3 2,3 2,3 3,4 0,0 0,0
0,0 0,0 0,0 3,4 2,4 3,5 3,4 0,0 0,0 0,0
0,0 0,0 0,0 0,0 0,0 0,0 0,0 0,0 0,0 0,0
minintensity- 
1.0 1.0 1.0 1.0 1.0 1.0 1.0 1.0 1.0 1.0
1.0 1.0 1.0 0.24623491317519203 0.2605800067994675 0.2605800067994675 0.2896115681304812 1.0 1.0 1.0
1.0 1.0 0.23027259212757323 0.22754458169446973 0.2218612266255041 0.25188408958876657 0.24495039640462848 0.22498707191343517 1.0 1.0
1.0 0.24715364128737358 0.2546576885428907 0.2507957632988024 0.24812649143891774 0.24809809492977003 0.22540164556699369 0.22965402281186303 0.2553318359219136 1.0
1.0 0.2300784756041332 1.0 0.245911662616973 0.22267796125434128 0.222259281789748 0.22322437343694607 0.22752974829496692 0.2550333432050607 1.0
1.0 0.2624743383857989 0.24481529012070755 0.2233290433030944 0.22202066997624037 0.22352596457669546 0.22578050019260998 0.22752974829496692 0.2550333432050607 1.0
1.0 0.25539872301182015 0.25928454475214546 0.22878726373967478 0.22380722594789537 0.2358153442918007 0.23126359113480244 0.2256861174122826 0.23251695142192666 1.0
1.0 1.0 0.25886772026043686 0.25553708825995 0.25637785295001075 0.2530075304290776 0.22410978549251281 0.2483344479760127 1.0 1.0
1.0 1.0 1.0 0.25772243025006203 0.2723083512325203 0.2610539060465485 0.2588720150648078 1.0 1.0 1.0
1.0 1.0 1.0 1.0 1.0 1.0 1.0 1.0 1.0 1.0
deviation- 
0.0 0.0 0.0 0.0 0.0 0.0 0.0 0.0 0.0 0.0
0.0 0.0 0.0 0.0 0.0 0.0 0.0 0.0 0.0 0.0
0.0 0.0 0.0 0.0 0.0 0.0 0.0 0.0 0.0 0.0
0.0 0.0 0.0 0.0 0.0 0.0 0.0 0.0 0.0 0.0
0.0 0.0 0.0 0.0 0.0 0.0 0.0 0.0 0.0 0.0
0.0 0.0 0.0 0.0 0.0 0.0 0.0 0.0 0.0 0.0
0.0 0.0 0.0 0.0 0.0 0.0 0.0 0.0 0.0 0.0
0.0 0.0 0.0 0.0 0.0 0.0 0.0 0.0 0.0 0.0
0.0 0.0 0.0 0.0 0.0 0.0 0.0 0.0 0.0 0.0
0.0 0.0 0.0 0.0 0.0 0.0 0.0 0.0 0.0 0.0
pointenable- 
n n n n n n n n n n
n n n y y y y n n n
n n y y y y y y n n
n y y y y y y y y n
n y y y y y y y y n
n y y y y y y y y n
n y y y y y y y y n
n n y y y y y y n n
n n n y y y y n n n
n n n n n n n n n n
#righteye
timetest-205
fneg-0
fnegtests-7
fpos-0
fpostests-3
fixationlosses-1
fixationlossestests-10
firings-205
visualfield- 
0,0 0,0 0,0 0,0 0,0 0,0 0,0 0,0 0,0 0,0
0,0 0,0 0,0 3,4 2,3 2,3 2,3 0,0 0,0 0,0
0,0 0,0 3,3 3,3 3,3 2,3 2,3 3,3 0,0 0,0
0,0 3,4 2,3 2,3 2,3 2,3 3,3 3,3 3,4 0,0
0,0 0,0 0,0 2,3 3,3 3,3 3,3 4,4 3,4 0,0
0,0 0,0 0,0 3,3 3,3 3,3 4,4 4,4 3,4 0,0
0,0 3,4 2,3 3,3 3,3 3,4 4,5 4,4 4,5 0,0
0,0 0,0 2,3 2,3 2,3 2,3 2,3 3,4 0,0 0,0
0,0 0,0 0,0 3,4 2,4 3,5 3,4 0,0 0,0 0,0
0,0 0,0 0,0 0,0 0,0 0,0 0,0 0,0 0,0 0,0
minintensity- 
1.0 1.0 1.0 1.0 1.0 1.0 1.0 1.0 1.0 1.0
1.0 1.0 1.0 0.24623491317519203 0.2605800067994675 0.2605800067994675 0.2896115681304812 1.0 1.0 1.0
1.0 1.0 0.23027259212757323 0.22754458169446973 0.2218612266255041 0.25188408958876657 0.24495039640462848 0.22498707191343517 1.0 1.0
1.0 0.24715364128737358 0.2546576885428907 0.2507957632988024 0.24812649143891774 0.24809809492977003 0.22540164556699369 0.22965402281186303 0.2553318359219136 1.0
1.0 0.2300784756041332 1.0 0.245911662616973 0.22267796125434128 0.222259281789748 0.22322437343694607 0.22752974829496692 0.2550333432050607 1.0
1.0 0.2624743383857989 0.24481529012070755 0.2233290433030944 0.22202066997624037 0.22352596457669546 0.22578050019260998 0.22752974829496692 0.2550333432050607 1.0
1.0 0.25539872301182015 0.25928454475214546 0.22878726373967478 0.22380722594789537 0.2358153442918007 0.23126359113480244 0.2256861174122826 0.23251695142192666 1.0
1.0 1.0 0.25886772026043686 0.25553708825995 0.25637785295001075 0.2530075304290776 0.22410978549251281 0.2483344479760127 1.0 1.0
1.0 1.0 1.0 0.25772243025006203 0.2723083512325203 0.2610539060465485 0.2588720150648078 1.0 1.0 1.0
1.0 1.0 1.0 1.0 1.0 1.0 1.0 1.0 1.0 1.0
deviation- 
0.0 0.0 0.0 0.0 0.0 0.0 0.0 0.0 0.0 0.0
0.0 0.0 0.0 0.0 0.0 0.0 0.0 0.0 0.0 0.0
0.0 0.0 0.0 0.0 0.0 0.0 0.0 0.0 0.0 0.0
0.0 0.0 0.0 0.0 0.0 0.0 0.0 0.0 0.0 0.0
0.0 0.0 0.0 0.0 0.0 0.0 0.0 0.0 0.0 0.0
0.0 0.0 0.0 0.0 0.0 0.0 0.0 0.0 0.0 0.0
0.0 0.0 0.0 0.0 0.0 0.0 0.0 0.0 0.0 0.0
0.0 0.0 0.0 0.0 0.0 0.0 0.0 0.0 0.0 0.0
0.0 0.0 0.0 0.0 0.0 0.0 0.0 0.0 0.0 0.0
0.0 0.0 0.0 0.0 0.0 0.0 0.0 0.0 0.0 0.0
pointenable- 
n n n n n n n n n n
n n n y y y y n n n
n n y y y y y y n n
n y y y y y y y y n
n y y y y y y y y n
n y y y y y y y y n
n y y y y y y y y n
n n y y y y y y n n
n n n y y y y n n n
n n n n n n n n n n
